1 0
2 0
2 1
3 0
3 1
3 2
4 0
4 1
4 2
4 3
5 0
5 1
5 2
5 3
5 4
6 0
6 1
6 2
6 3
6 4
6 5
7 0
7 1
7 2
7 3
7 4
7 5
7 6
8 0
8 1
8 2
8 3
8 4
8 5
8 6
8 7
9 0
9 1
9 2
9 3
9 4
9 5
9 6
9 7
9 8
10 2
10 4
10 5
10 8
12 2
12 3
12 4
13 0
13 1
13 2
13 4
14 0
14 2
14 7
14 8
15 1
16 3
16 12
17 2
19 3
19 4
20 3
20 19
21 0
21 3
21 6
21 7
23 4
23 10
24 0
24 3
24 8
25 6
26 3
26 8
27 3
27 8
28 4
28 6
28 7
28 8
29 0
30 6
31 4
33 2
34 4
35 6
35 7
36 1
37 6
37 7
40 3
41 1
41 7
42 1
42 2
42 3
42 4
42 5
42 8
43 5
43 10
44 1
44 3
44 6
44 8
44 9
45 35
46 3
48 2
48 3
48 6
49 1
49 4
49 7
50 2
50 4
50 6
51 3
52 25
53 6
54 49
57 2
57 4
57 10
59 28
60 0
60 4
61 0
61 1
62 4
63 8
63 10
64 0
64 2
64 3
64 5
65 6
65 7
66 4
66 12
67 3
71 3
72 5
74 19
75 24
76 2
80 5
81 0
81 4
81 5
81 6
83 3
84 12
85 2
86 4
87 4
88 0
88 2
88 14
90 7
91 6
92 6
97 1
98 5
99 1
99 3
99 6
101 0
101 3
102 0
105 41
106 3
107 1
107 2
107 13
108 8
110 6
113 6
115 4
115 5
116 42
118 0
118 2
118 7
118 8
120 52
121 44
122 5
122 6
122 81
123 1
124 5
125 44
126 2
127 4
127 6
128 0
129 35
131 4
131 49
134 5
134 6
136 88
137 2
139 4
139 5
140 7
141 1
141 5
141 6
142 1
146 13
147 0
147 7
147 14
149 6
150 5
150 81
151 61
153 142
154 1
155 2
155 4
156 6
156 7
157 0
158 5
160 5
161 2
162 142
163 6
164 151
165 1
165 2
165 4
166 3
168 5
168 8
170 61
171 5
171 150
172 6
172 92
173 1
173 5
173 6
175 88
176 5
176 8
177 157
178 40
179 12
179 16
180 0
180 8
180 118
181 0
182 40
185 1
186 5
187 2
187 3
187 7
188 2
189 10
191 1
191 2
191 4
191 165
192 20
195 98
196 2
196 3
196 8
197 3
198 2
198 50
200 8
201 0
201 118
202 0
204 2
207 2
207 3
209 1
209 8
209 9
210 155
211 2
211 7
212 2
212 3
212 8
218 0
218 5
220 1
221 151
223 50
224 7
225 120
226 6
226 35
228 6
229 7
230 0
230 2
230 4
230 7
231 0
231 3
235 6
236 0
236 4
236 230
237 7
237 37
239 173
240 7
241 3
241 21
242 1
242 2
242 3
242 8
243 6
244 0
244 1
244 2
244 5
247 1
247 6
248 1
248 6
249 1
252 6
252 8
252 44
253 4
253 5
254 0
255 52
256 7
257 6
257 248
258 123
259 2
261 57
262 1
262 49
264 2
264 12
266 1
266 6
269 0
269 3
269 5
272 0
272 5
274 1
274 5
275 1
277 2
277 230
279 8
279 63
280 91
286 19
289 141
290 1
290 165
292 98
294 4
297 3
297 6
298 8
299 5
300 81
303 2
307 286
309 126
312 1
312 5
313 1
313 3
315 2
316 2
317 3
318 2
318 3
319 24
320 3
320 8
322 300
324 6
325 140
326 8
327 3
327 269
328 0
328 1
328 6
331 7
333 14
335 12
335 264
336 3
338 0
338 7
340 264
341 210
343 66
344 2
344 230
345 1
346 180
350 141
352 6
353 150
353 171
354 0
355 252
357 225
358 54
360 269
361 316
362 2
362 3
362 5
362 7
362 8
363 151
363 164
364 3
365 124
366 4
366 230
366 236
369 317
370 31
371 2
375 362
377 8
379 2
380 99
381 4
382 2
382 3
382 7
384 4
384 60
385 53
386 1
389 286
390 375
391 0
393 0
393 4
394 1
395 2
395 4
395 5
396 1
396 2
396 3
397 2
397 12
398 170
399 3
399 6
400 7
403 336
404 3
406 223
409 266
414 224
417 6
418 0
419 2
419 3
419 8
420 179
421 8
423 1
423 9
425 3
426 204
427 4
427 384
428 264
428 335
429 75
431 421
434 0
434 7
435 173
437 0
440 1
440 394
441 1
441 5
441 141
443 2
443 3
443 5
444 225
445 0
445 2
446 8
447 4
448 300
449 191
452 9
452 423
455 269
456 417
461 0
461 7
461 147
463 98
464 165
467 7
468 398
469 3
469 6
469 7
470 2
470 5
470 9
473 168
476 4
477 20
478 6
480 1
481 469
482 19
484 428
485 1
485 2
486 1
486 2
486 4
486 13
490 2
490 4
490 5
492 9
495 5
495 470
496 0
497 1
497 328
498 8
503 161
506 2
507 44
509 326
510 3
511 503
512 7
512 35
513 3
513 7
514 1
519 6
519 248
521 41
522 272
527 4
528 2
528 3
529 1
531 1
532 461
535 2
536 320
540 2
540 5
540 8
541 1
542 312
543 440
544 6
544 7
544 8
547 0
548 0
548 3
548 6
550 338
553 3
555 3
556 147
556 461
558 8
559 3
559 269
562 522
563 0
566 277
567 371
570 4
571 2
571 3
571 4
572 522
573 1
573 6
573 7
573 8
575 92
575 172
576 318
578 180
579 512
584 4
585 336
588 106
591 0
591 445
594 0
595 292
596 60
597 207
598 3
598 571
599 8
600 252
601 2
601 196
603 370
605 2
605 3
606 6
608 3
608 9
609 10
610 4
613 404
614 0
616 335
617 1
618 426
619 279
621 2
621 4
623 572
624 3
624 396
627 12
627 264
628 7
630 236
631 2
632 0
632 461
633 2
636 26
637 440
641 8
643 1
643 2
643 4
646 35
646 226
647 7
647 469
648 13
651 191
652 2
652 5
654 0
657 13
657 107
659 29
663 9
664 2
664 3
664 5
664 7
666 5
668 275
671 6
671 9
673 9
675 7
675 37
676 6
676 7
680 0
680 1
680 2
680 6
683 449
686 192
690 2
691 3
692 5
693 2
693 3
693 5
697 26
699 0
700 0
700 1
700 2
700 5
701 1
701 6
702 7
703 13
705 385
706 52
708 1
708 3
708 42
709 1
709 244
711 5
711 171
715 1
715 5
716 252
718 4
719 75
721 6
724 6
728 2
729 728
733 3
735 2
735 445
736 0
737 0
738 1
738 4
738 7
739 738
741 701
744 379
747 1
749 6
750 3
750 4
750 42
753 4
753 6
753 8
754 2
754 5
754 8
754 362
755 2
755 4
759 2
765 1
765 209
769 0
770 3
771 375
772 469
774 12
774 16
775 427
780 1
782 1
782 290
785 1
786 3
786 6
786 8
786 44
790 2
790 5
793 2
794 129
795 90
796 5
799 680
805 3
806 48
807 785
811 739
812 5
814 1
815 164
816 0
816 5
817 2
817 8
817 14
818 2
819 364
824 496
825 19
826 0
829 548
830 147
831 189
834 6
834 544
837 13
838 596
839 624
840 423
841 8
842 2
843 2
843 8
844 541
847 683
851 120
852 1
852 7
856 0
856 2
859 1
859 2
859 242
861 2
862 469
863 210
864 2
864 3
864 362
868 4
868 8
870 3
871 207
873 136
874 300
877 0
878 8
879 0
879 5
879 81
881 5
881 395
885 275
886 4
887 5
888 2
888 7
891 1
891 3
891 4
893 806
894 641
895 532
896 24
897 209
898 2
898 3
898 42
899 2
899 14
900 2
901 7
906 279
908 8
911 2
911 755
916 0
918 793
919 863
920 2
922 6
925 242
926 5
929 6
932 3
934 490
935 700
936 2
937 896
938 1
938 2
938 3
938 5
938 6
939 6
940 1
940 643
941 3
945 711
947 3
947 7
947 187
948 370
950 8
951 1
951 2
952 165
953 264
953 627
954 744
956 328
960 0
960 3
963 1
963 3
963 5
963 7
964 264
965 421
966 277
969 207
971 3
971 99
972 57
978 4
979 99
981 5
981 6
981 938
984 785
985 0
986 896
988 140
989 979
990 1
990 6
993 384
997 120
999 210
