1 0
2 0
2 1
3 0
3 1
3 2
4 0
4 1
4 2
4 3
5 0
5 1
5 2
5 3
5 4
6 0
6 1
6 2
6 3
6 4
6 5
7 0
7 1
7 2
7 3
7 4
7 5
7 6
8 0
8 1
8 2
8 3
8 4
8 5
8 6
8 7
9 0
9 1
9 2
9 3
9 4
9 5
9 6
9 7
9 8
10 4
12 2
16 7
17 3
20 3
20 8
24 0
24 9
26 4
30 0
30 5
33 9
34 3
35 1
36 1
37 1
37 6
38 7
40 1
42 1
42 7
43 7
44 3
45 2
47 1
47 6
48 3
52 2
52 5
55 43
65 7
67 37
68 17
69 5
70 5
70 7
72 5
74 0
76 8
77 4
79 2
80 5
80 7
83 1
85 40
86 4
86 8
87 4
87 6
88 1
88 6
89 55
90 0
90 1
90 2
90 7
93 5
95 5
95 52
96 5
97 34
100 52
100 95
101 88
102 96
106 2
106 12
110 80
118 96
120 1
120 88
123 7
123 9
126 6
127 9
128 7
129 83
133 48
135 6
135 8
138 0
138 1
138 4
140 3
141 1
145 38
148 1
148 9
151 1
156 138
157 7
161 8
162 0
162 3
163 8
165 6
166 8
168 6
171 30
173 6
174 47
177 126
180 4
180 6
181 4
182 87
183 1
185 1
193 2
195 0
195 1
198 6
198 7
200 3
200 8
201 0
203 1
206 8
209 76
212 9
214 1
214 2
214 9
215 2
217 2
222 118
223 6
228 47
229 7
229 9
230 3
234 10
235 148
240 148
245 0
247 34
250 1
256 77
258 34
259 55
262 68
264 8
267 43
270 3
271 3
273 0
274 3
276 3
277 0
278 7
281 3
281 20
285 281
290 201
292 1
294 256
299 5
300 5
302 37
316 6
317 110
318 203
319 281
322 168
323 33
329 37
332 24
333 47
336 145
337 7
338 2
341 87
342 20
343 4
347 93
349 181
353 128
356 151
358 7
360 214
362 3
363 3
363 274
364 151
365 7
365 9
366 96
367 8
368 9
373 7
373 198
375 368
378 77
386 1
386 4
387 1
389 68
390 223
391 6
393 12
394 1
395 26
396 7
401 67
405 3
405 4
406 262
407 259
409 0
409 277
411 180
414 258
416 3
416 6
417 68
418 88
419 1
419 9
419 148
426 228
428 7
428 9
432 342
435 9
439 17
440 290
445 95
446 8
447 88
448 138
449 135
451 373
456 106
458 409
460 55
461 363
463 1
464 3
466 1
466 8
477 271
480 200
481 80
484 414
485 52
486 0
492 3
493 2
496 270
500 278
502 1
502 138
503 230
506 3
507 318
509 406
510 3
514 6
517 48
517 133
522 0
522 2
523 6
529 9
530 68
531 17
538 0
539 466
542 123
543 123
547 2
547 6
548 270
550 93
550 347
553 419
557 2
558 496
559 449
560 5
564 247
566 6
566 547
567 6
572 183
573 364
575 4
575 5
575 8
577 447
579 9
583 20
587 156
588 182
591 4
591 6
591 87
594 230
599 342
602 173
608 387
612 577
615 4
620 48
621 5
625 47
625 174
628 55
633 531
637 30
644 588
645 5
646 7
650 3
653 151
654 417
663 2
665 274
666 432
667 229
671 547
671 566
672 148
673 3
681 55
686 419
692 34
692 97
693 4
694 0
696 1
697 6
698 135
701 30
702 55
706 395
710 547
714 419
717 0
719 389
720 1
721 363
724 256
726 456
733 4
734 317
740 1
740 203
741 72
742 148
743 579
744 612
746 744
752 7
754 378
756 2
757 0
760 0
768 2
768 5
769 30
771 0
776 193
779 395
780 548
782 228
783 101
789 141
790 5
790 52
794 6
795 148
797 0
797 9
798 106
799 602
800 615
801 417
802 572
804 548
808 1
808 250
809 0
813 6
820 575
821 68
823 448
826 8
827 368
829 813
830 9
830 214
832 529
833 2
837 200
842 800
846 693
848 76
851 547
853 575
854 270
860 342
865 37
866 547
866 671
867 17
869 129
870 752
877 401
878 837
892 120
893 830
897 4
898 337
901 557
903 854
911 55
912 0
912 3
912 6
915 3
920 126
925 692
927 530
928 693
930 461
931 542
934 496
936 88
939 341
946 256
957 5
963 5
963 72
964 89
979 633
980 702
984 946
985 89
986 47
987 980
989 163
990 4
994 522
995 1
997 752
998 989
