1 0
2 0
2 1
3 0
3 1
3 2
4 0
4 1
4 2
4 3
5 0
5 1
5 2
5 3
5 4
6 0
6 1
6 2
6 3
6 4
6 5
7 0
7 1
7 2
7 3
7 4
7 5
7 6
8 0
8 1
8 2
8 3
8 4
8 5
8 6
8 7
9 0
9 1
9 2
9 3
9 4
9 5
9 6
9 7
9 8
11 2
11 3
11 6
12 2
12 7
14 0
15 5
16 11
17 5
18 1
18 7
18 9
22 2
25 2
25 7
27 9
30 2
31 4
33 0
34 2
34 25
35 9
36 6
38 0
42 4
42 6
43 4
43 6
44 0
44 4
47 3
48 8
51 2
53 27
57 0
58 5
59 30
63 4
67 1
69 2
69 6
70 6
70 9
75 9
76 1
76 4
76 8
77 2
79 4
80 1
80 2
85 2
85 5
85 6
88 6
88 70
94 1
95 8
96 0
96 4
96 5
99 1
99 4
101 6
103 5
104 5
106 2
106 6
107 0
107 9
109 8
111 6
116 22
122 106
124 1
124 9
128 6
128 9
129 99
130 2
134 6
135 11
138 51
140 3
140 6
142 6
142 7
143 2
143 3
144 6
145 25
146 11
147 85
148 107
149 3
151 75
152 44
156 0
156 2
160 4
161 99
162 0
165 7
165 8
167 76
168 42
169 2
169 85
171 4
175 4
176 88
178 4
179 42
181 3
181 4
182 2
184 5
184 9
185 0
185 1
191 9
195 185
198 1
198 76
199 3
199 8
202 2
203 9
206 1
210 145
211 3
211 4
215 3
217 2
220 16
228 6
230 146
232 1
233 202
236 149
238 77
239 70
241 3
241 5
252 4
254 202
258 7
259 6
265 0
265 185
266 2
266 11
268 241
271 1
271 7
278 9
278 70
286 5
289 144
291 5
292 198
294 79
300 0
300 5
301 168
302 128
303 203
306 0
307 2
308 3
310 7
316 266
319 107
321 95
323 6
328 8
329 185
331 42
333 4
333 63
335 2
340 25
340 34
344 106
349 2
350 206
351 4
354 4
355 329
357 323
360 2
361 25
361 34
365 77
366 134
367 130
369 140
370 167
372 2
377 1
378 4
380 361
383 140
384 160
385 0
387 96
388 2
388 6
389 58
390 2
391 9
397 5
397 96
400 67
401 3
404 301
405 147
406 165
411 2
411 69
415 198
416 70
419 182
423 0
424 67
430 9
433 360
435 6
438 424
442 7
447 4
451 0
451 3
452 18
454 0
454 2
457 5
458 2
458 5
458 7
459 96
462 1
462 3
464 3
464 4
471 27
473 0
477 148
481 3
482 181
485 2
486 1
486 6
488 0
488 4
488 6
489 1
490 25
490 34
497 415
503 151
504 146
505 308
507 48
509 140
512 228
514 3
515 199
516 401
519 419
523 454
526 241
529 344
532 140
533 509
534 199
535 124
538 9
540 107
542 1
548 138
549 6
550 96
550 387
552 4
555 7
560 220
566 540
567 535
568 48
570 5
572 103
577 252
578 7
583 3
583 11
586 148
589 2
589 3
591 0
591 8
597 572
599 534
601 268
602 360
604 583
606 143
608 548
609 6
611 0
611 4
611 5
612 43
614 612
615 6
616 11
621 4
622 361
623 0
623 2
624 5
627 542
632 389
634 36
636 397
638 259
639 454
641 303
643 12
644 542
647 464
649 302
651 454
653 165
655 42
658 361
665 107
672 124
673 424
675 1
675 5
676 124
677 3
681 0
682 0
682 2
682 3
684 0
684 4
684 6
688 1
688 4
690 616
694 404
702 0
703 178
706 397
715 1
716 438
717 344
718 85
726 2
734 703
739 16
740 4
742 715
750 3
750 4
752 116
753 387
755 490
757 6
757 7
763 477
765 7
765 8
766 1
766 6
768 198
771 1
777 252
778 1
780 11
782 611
785 609
787 388
789 63
789 333
791 481
793 203
794 391
795 67
798 109
803 95
806 1
806 462
808 233
811 485
812 59
814 7
822 7
825 372
828 122
835 497
836 7
837 34
842 570
846 509
847 184
851 236
852 366
853 3
854 550
857 2
857 169
859 169
860 328
861 462
862 85
865 292
869 682
871 2
872 239
874 535
876 643
877 458
880 415
881 401
882 6
882 7
886 15
888 684
889 846
892 388
893 96
894 452
900 3
900 5
901 321
902 365
905 2
905 106
907 568
910 1
910 9
913 599
915 512
917 129
920 404
921 57
923 739
927 1
927 4
927 5
930 12
931 869
932 319
941 789
946 3
946 181
951 793
953 2
955 167
957 140
964 486
971 477
974 7
978 411
980 0
980 1
983 860
984 0
986 289
988 2
992 742
996 228
