1 0
2 0
2 1
3 0
3 1
3 2
4 0
4 1
4 2
4 3
5 0
5 1
5 2
5 3
5 4
6 0
6 1
6 2
6 3
6 4
6 5
7 0
7 1
7 2
7 3
7 4
7 5
7 6
8 0
8 1
8 2
8 3
8 4
8 5
8 6
8 7
9 0
9 1
9 2
9 3
9 4
9 5
9 6
9 7
9 8
10 0
10 2
10 3
10 5
10 6
10 7
10 8
11 0
11 2
11 3
11 4
11 5
12 0
12 2
12 3
12 4
12 11
13 0
13 1
13 3
13 5
14 0
14 1
14 3
14 4
14 5
14 6
14 7
15 0
15 3
15 4
15 5
16 0
16 1
16 3
16 4
16 5
16 6
16 14
17 0
17 3
17 4
17 5
17 6
17 7
17 14
18 1
18 3
18 4
18 5
18 6
18 7
18 8
18 9
19 0
19 1
19 3
19 4
19 5
19 6
19 14
20 1
20 2
20 3
20 4
20 6
20 7
21 0
21 2
21 3
21 5
21 11
22 5
22 11
22 21
23 0
23 1
23 3
23 4
23 6
23 14
24 0
24 3
24 4
24 5
24 6
24 14
25 0
25 3
25 4
25 6
25 14
25 24
26 1
26 3
26 5
26 6
26 7
26 8
26 18
27 0
27 1
27 2
27 3
27 5
27 6
27 7
27 8
27 9
28 0
28 2
29 1
29 2
29 4
29 6
29 7
29 20
30 0
30 1
30 2
30 3
30 5
31 2
31 3
31 5
31 11
31 21
32 11
32 21
33 1
33 3
33 4
33 5
33 6
33 8
33 9
33 18
34 0
34 1
34 2
34 3
34 5
34 6
34 7
35 1
35 2
35 4
35 6
35 7
35 29
36 0
36 1
36 2
36 3
36 5
36 6
36 7
36 8
36 27
37 0
37 2
37 3
38 0
38 1
38 3
38 5
38 6
38 14
39 1
39 2
39 3
39 4
39 5
39 7
39 8
39 9
40 0
40 1
40 2
40 3
40 4
40 5
40 6
40 7
41 0
41 1
41 3
41 4
42 0
42 1
42 3
42 6
42 14
42 23
43 1
43 2
43 3
43 4
43 5
43 6
43 7
43 40
44 0
44 1
44 3
44 6
44 23
45 1
45 2
45 4
45 7
45 20
46 2
46 3
46 37
47 0
47 1
47 2
47 3
47 5
47 6
47 7
47 8
47 9
48 0
48 2
49 0
49 2
50 0
50 2
50 3
50 5
50 6
50 7
50 34
51 3
51 6
51 14
51 24
52 0
52 3
52 5
52 6
52 7
52 34
52 50
53 0
53 2
53 3
53 6
53 7
53 8
54 0
54 1
54 2
54 4
54 5
54 6
54 7
54 40
55 1
55 2
55 5
55 7
55 8
55 9
56 1
56 3
56 4
56 5
56 6
56 7
56 40
56 43
57 1
57 2
57 6
57 20
57 29
58 1
58 5
58 7
58 8
58 9
59 0
59 3
59 7
59 34
59 50
60 1
60 2
60 5
61 2
61 6
61 20
61 29
61 57
62 2
62 6
62 20
62 29
63 1
63 4
63 6
63 29
64 1
64 2
64 6
64 20
64 57
65 0
65 2
65 3
65 6
65 7
65 34
66 0
66 1
66 2
66 3
66 5
66 7
66 9
67 1
67 3
67 4
67 5
67 6
67 14
67 16
68 0
68 1
68 2
68 3
68 6
68 7
68 8
68 9
68 47
69 0
69 1
69 2
69 3
69 5
69 6
69 8
69 9
69 47
70 0
70 2
70 3
70 6
70 34
70 65
71 1
71 4
71 5
71 6
71 14
71 16
71 67
72 0
72 1
72 2
72 3
72 6
72 7
72 8
72 9
72 68
73 4
73 6
73 29
73 63
74 0
74 49
75 0
75 1
75 2
75 4
75 5
75 7
75 8
76 2
76 3
76 5
76 11
77 2
77 3
77 5
77 11
77 21
77 31
78 0
78 1
78 4
78 6
78 14
78 23
79 0
79 1
79 3
79 6
79 23
79 42
80 0
80 1
80 2
80 3
80 5
80 6
80 8
80 9
80 27
81 0
81 1
81 2
81 3
81 5
81 6
81 7
81 8
81 9
81 27
82 2
82 3
82 5
82 11
82 21
83 0
83 3
83 4
83 5
83 6
83 7
83 14
84 0
84 3
84 4
84 5
84 6
84 7
85 0
85 3
85 5
85 6
85 7
85 50
86 0
86 5
86 6
86 7
86 84
87 0
87 2
87 6
87 34
87 65
88 0
88 3
88 5
88 6
88 50
88 85
89 0
89 2
89 3
89 6
89 34
90 0
90 2
90 6
90 65
90 87
91 6
91 20
91 29
91 62
92 0
92 1
92 3
92 6
92 42
93 2
93 3
93 5
93 11
93 82
94 21
94 32
95 1
95 2
95 3
95 6
95 20
96 0
96 3
96 6
96 7
96 50
97 0
97 1
97 6
97 23
97 42
97 79
98 3
98 4
98 5
98 6
98 8
98 9
98 18
98 33
99 0
99 1
99 2
99 3
99 5
99 6
99 7
100 1
100 2
100 5
100 7
100 8
100 55
101 1
101 2
101 3
101 4
101 5
101 8
101 9
102 3
102 5
102 6
102 50
102 85
102 88
103 1
103 4
103 5
103 6
103 7
103 8
103 9
104 1
104 5
104 7
104 8
104 9
104 55
105 0
105 2
105 3
106 3
106 5
106 11
106 21
106 31
106 77
107 0
107 1
107 3
107 14
107 23
108 2
108 37
108 46
109 2
109 5
109 11
109 31
110 20
110 29
110 62
110 91
111 0
111 3
111 6
111 23
111 42
112 3
112 4
112 5
112 6
112 14
112 24
113 0
113 2
113 4
113 7
113 8
113 75
114 1
114 2
114 3
114 4
114 5
114 9
115 1
115 5
115 7
116 0
116 3
116 5
116 6
116 7
116 14
116 17
117 0
117 1
117 6
117 42
117 79
118 0
118 3
118 4
118 6
118 7
118 14
119 0
119 1
119 3
119 5
119 6
119 7
119 8
119 9
120 0
120 2
120 6
120 34
120 87
121 0
121 3
121 14
121 107
122 3
122 6
122 14
122 24
122 112
123 0
123 1
123 6
123 14
123 78
124 0
124 2
124 3
124 6
124 7
124 34
124 50
125 29
125 62
125 91
125 110
126 1
126 2
126 3
127 1
127 4
127 5
127 6
127 16
127 67
128 0
128 3
128 34
128 50
129 0
129 3
129 107
129 121
130 0
130 5
130 6
130 7
131 0
131 3
131 6
131 7
131 8
132 1
132 2
132 4
132 6
132 7
132 29
133 2
133 3
133 11
134 2
134 3
134 37
135 0
135 5
135 6
135 7
135 50
136 2
136 3
136 5
136 11
136 21
137 3
137 5
137 6
137 7
137 84
138 1
138 2
138 3
138 6
138 7
138 8
138 9
139 0
139 2
139 3
139 6
139 7
139 65
140 0
140 1
140 2
140 4
140 5
140 6
140 7
141 0
141 3
141 5
141 15
142 0
142 2
142 3
142 5
142 6
142 7
143 0
143 1
143 13
144 1
144 2
144 5
144 7
144 55
145 3
145 4
145 6
145 14
146 0
146 4
146 5
146 14
147 3
147 5
147 11
147 21
148 0
148 2
148 5
148 6
148 7
148 8
148 9
148 27
149 0
149 1
149 2
149 4
149 5
150 2
150 3
150 11
150 21
150 31
151 1
151 4
151 5
151 7
151 8
151 75
152 0
152 1
152 6
152 14
152 19
153 0
153 2
153 3
153 5
153 21
154 0
154 1
154 3
154 7
154 14
155 0
155 3
155 5
155 6
155 7
155 14
155 116
156 1
156 2
156 6
156 7
156 8
156 9
156 138
157 0
157 1
157 2
157 5
157 6
157 7
157 8
158 0
158 1
158 3
158 6
158 14
159 0
159 5
159 6
159 130
160 2
160 3
160 11
160 21
160 31
161 0
161 3
161 4
161 5
161 7
161 14
161 83
162 1
162 2
162 3
162 4
162 20
163 11
163 31
164 0
164 2
164 4
164 7
164 75
165 0
165 1
165 4
165 5
166 1
166 3
166 4
166 5
166 7
166 40
166 43
167 37
167 46
167 108
168 0
168 2
168 3
168 11
169 1
169 3
169 4
169 6
169 7
169 8
169 9
169 18
170 1
170 5
170 7
170 40
170 43
170 166
171 0
171 1
171 6
171 42
171 117
172 0
172 1
172 5
172 6
172 7
172 8
172 157
173 2
173 5
173 31
173 109
174 0
174 1
174 3
174 41
175 1
175 2
175 7
175 8
175 55
175 100
176 3
176 5
176 21
176 153
177 0
177 3
177 6
177 7
177 34
177 65
178 1
178 4
178 5
178 7
178 8
179 0
179 5
179 6
179 7
179 14
179 116
179 155
180 0
180 2
180 65
180 87
180 90
181 2
181 20
181 29
181 57
182 0
182 1
182 2
182 5
182 7
182 157
183 1
183 5
183 7
183 8
183 55
183 100
184 1
184 2
184 5
184 7
184 157
185 0
185 2
185 6
185 7
185 65
185 139
186 0
186 2
186 3
186 4
187 1
187 6
187 7
187 8
187 157
188 3
188 4
188 6
188 14
188 24
188 112
189 3
189 6
189 50
189 85
189 88
190 5
190 31
190 109
191 1
191 2
191 4
191 7
191 29
191 132
192 3
192 37
192 46
193 0
193 3
193 14
193 23
193 107
194 0
194 3
194 4
194 6
194 14
194 24
195 0
195 1
195 2
195 3
195 6
195 8
195 69
196 0
196 1
196 2
196 3
196 4
196 6
196 7
197 0
197 3
197 6
197 14
197 158
198 1
198 2
198 3
198 6
198 7
198 8
198 9
198 47
199 1
199 5
199 6
199 7
199 8
199 9
199 119
200 3
200 5
200 6
200 7
200 14
200 116
201 0
201 2
201 3
201 5
201 7
201 8
202 2
202 3
202 21
202 31
203 0
203 3
203 4
203 5
203 14
203 24
204 0
204 3
204 6
204 7
204 34
204 65
205 0
205 2
205 3
205 6
205 8
205 69
206 0
206 6
206 8
206 9
206 27
207 0
207 2
207 6
207 8
207 205
208 0
208 1
208 2
208 4
208 6
208 7
208 8
209 2
209 7
209 9
210 0
210 3
210 11
210 21
211 2
211 3
211 5
211 6
211 7
211 142
212 0
212 1
212 174
213 0
213 1
213 2
213 6
213 8
213 9
213 68
213 72
214 0
214 1
214 5
214 7
214 66
215 1
215 4
215 6
215 23
215 78
216 3
216 4
216 5
216 7
216 14
216 83
216 161
217 1
217 3
217 4
217 7
217 40
217 43
217 56
218 0
218 1
218 5
218 157
219 0
219 2
219 6
219 7
219 34
219 65
220 1
220 7
220 8
220 9
220 55
220 104
221 0
221 65
221 87
221 90
222 1
222 2
222 4
222 6
222 7
223 11
223 21
223 210
224 1
224 4
224 23
225 4
225 5
225 14
225 83
225 216
226 1
226 2
226 6
226 7
226 8
227 0
227 1
227 2
227 5
227 30
228 0
228 1
228 2
228 3
228 5
228 6
228 9
228 47
229 1
229 2
229 5
229 55
229 144
230 46
231 1
231 5
231 6
231 7
231 8
231 9
232 3
232 5
232 153
233 1
233 2
233 3
233 4
233 7
234 2
234 6
234 20
234 57
234 64
235 1
235 3
235 4
235 5
235 14
235 16
235 67
236 0
236 1
236 2
236 3
236 5
236 6
236 9
236 47
236 69
237 6
237 20
237 57
237 64
238 0
238 1
238 3
238 6
238 23
239 5
239 6
239 7
239 84
240 1
240 4
240 5
240 6
240 7
240 8
240 103
241 0
241 2
241 3
241 168
242 29
242 91
242 110
243 1
243 5
243 8
243 9
243 55
243 104
244 0
244 2
244 3
244 6
244 8
245 0
245 65
245 87
245 90
245 180
246 0
246 2
246 3
246 6
246 7
246 142
247 3
247 5
247 6
247 50
248 1
248 3
248 4
248 5
248 6
248 40
248 43
249 1
249 2
249 4
249 6
250 3
250 4
250 5
250 6
250 14
250 112
251 1
251 2
251 7
251 8
251 208
252 0
252 1
252 4
252 6
253 3
253 6
253 34
253 177
254 3
254 11
254 168
255 3
255 4
255 24
255 112
256 0
256 3
256 7
256 14
256 116
256 155
257 0
257 4
257 14
257 146
258 0
258 2
258 3
258 5
258 6
258 8
258 10
259 0
259 4
259 14
259 203
260 0
260 2
260 4
260 8
260 75
260 113
261 0
261 2
261 3
261 5
261 6
261 7
261 8
262 2
262 3
262 6
262 7
262 34
263 0
263 6
263 130
263 159
264 2
264 20
264 29
264 62
265 0
265 1
265 2
265 4
265 6
265 8
266 1
266 2
266 6
266 7
266 8
266 9
266 47
266 198
267 0
267 5
267 15
267 141
268 0
268 1
268 5
268 7
268 214
269 1
269 2
269 3
269 6
269 20
270 1
270 5
270 6
270 7
270 8
270 9
270 103
271 32
271 94
272 3
272 4
272 5
272 6
272 40
272 43
273 0
273 48
274 4
274 6
274 23
274 78
274 215
275 1
275 2
275 4
275 6
275 20
275 29
276 0
276 2
276 3
276 6
276 7
276 139
277 0
277 3
277 4
277 5
277 84
278 0
278 2
278 6
278 7
278 142
278 246
279 0
279 1
279 3
279 6
279 8
280 32
280 271
281 0
281 3
281 5
281 6
282 0
282 2
282 34
282 65
282 87
283 1
283 2
283 4
283 7
284 3
284 4
284 6
284 8
284 9
284 33
285 1
285 5
285 6
285 8
285 9
285 231
286 2
286 3
286 5
286 6
286 7
286 8
286 261
287 1
287 6
287 7
287 8
287 9
287 119
287 199
288 3
288 4
288 5
288 7
288 14
288 161
288 216
289 3
289 5
289 31
289 77
289 106
290 0
290 2
290 6
290 65
290 87
291 3
291 5
291 21
291 77
292 0
292 2
292 3
292 11
293 3
293 5
293 77
294 1
294 2
294 8
294 226
295 2
295 3
295 6
295 7
295 65
296 2
296 3
296 4
297 0
297 4
297 5
297 7
297 14
297 83
298 0
298 65
298 87
298 221
299 0
299 3
299 5
299 14
300 0
300 1
300 3
300 5
300 6
300 7
300 8
300 119
301 0
301 34
301 87
302 2
302 3
302 4
302 5
302 8
302 9
303 0
303 6
303 7
303 65
303 204
304 1
304 2
304 5
304 157
304 184
305 1
305 3
305 5
305 6
305 7
305 8
305 9
306 2
306 5
306 7
306 157
306 184
307 4
307 5
307 83
307 216
308 2
308 3
308 5
308 8
308 9
308 302
309 21
310 1
310 5
310 6
310 8
310 9
310 119
310 199
311 3
311 7
311 14
311 116
311 155
311 256
312 0
312 2
312 6
312 8
312 10
312 258
313 1
313 2
313 4
313 6
313 7
313 132
314 1
314 5
314 40
314 166
314 170
315 1
315 2
315 3
315 20
315 162
316 2
316 3
316 4
316 5
316 6
316 40
316 43
317 0
317 3
317 4
317 5
317 6
317 14
317 16
318 2
318 3
318 21
318 202
319 5
319 7
319 8
319 100
319 183
320 0
320 1
320 3
320 6
320 9
320 47
320 228
321 0
321 2
321 8
321 75
321 113
321 260
322 2
322 6
322 20
322 57
322 64
323 1
323 6
323 14
323 67
324 11
324 21
324 22
325 1
325 5
325 8
325 55
325 104
326 0
326 1
326 2
326 4
326 6
326 7
326 40
327 1
327 2
327 3
327 4
327 6
327 7
327 196
328 1
328 2
328 4
328 7
328 45
329 0
329 2
329 6
329 65
329 290
330 0
330 1
330 2
330 7
330 8
330 9
330 68
330 72
331 34
331 87
331 301
332 0
332 2
332 3
332 34
333 0
333 2
333 4
333 8
333 75
334 3
334 5
334 6
334 34
334 50
334 52
335 1
335 3
335 4
335 5
335 40
335 248
336 1
336 3
336 6
336 7
336 8
336 9
336 18
337 0
337 273
338 1
338 2
338 4
338 6
338 7
339 3
339 5
339 6
339 85
339 88
339 102
340 0
340 3
340 5
340 6
340 7
340 8
341 2
341 3
341 11
341 82
341 93
342 2
342 3
342 5
342 6
342 7
343 1
343 7
343 8
343 9
343 58
344 1
344 20
345 1
345 6
345 8
345 9
345 231
346 5
346 6
346 7
346 84
346 137
347 2
347 3
347 5
347 11
347 82
348 3
348 5
348 6
348 50
348 85
348 88
349 4
349 5
349 14
349 146
350 3
350 5
350 6
350 50
350 88
350 348
351 6
351 67
351 323
352 0
352 1
352 3
352 4
352 5
352 14
352 19
353 3
353 4
353 6
353 24
353 112
353 188
354 5
354 7
354 84
354 137
354 346
355 0
355 1
355 5
355 6
355 7
355 157
356 6
356 20
356 29
356 91
357 1
357 4
357 6
357 252
358 1
358 208
358 251
359 0
359 6
359 23
359 42
359 97
360 0
360 1
360 2
360 7
360 8
360 9
360 72
360 330
361 3
361 4
361 5
361 14
361 16
361 67
361 235
362 37
362 108
362 167
363 3
363 5
363 11
363 21
363 31
364 4
364 5
364 6
364 8
364 18
364 33
364 98
365 2
365 3
365 5
365 11
365 82
365 347
366 0
366 1
366 4
366 14
366 23
367 0
367 3
367 5
367 6
367 7
367 14
367 17
368 0
368 5
368 50
369 1
369 4
369 5
369 6
369 40
369 43
370 1
370 3
370 4
370 6
370 14
370 23
371 2
371 3
371 37
372 0
372 5
372 6
372 116
372 155
372 179
373 0
373 1
373 2
373 3
373 6
373 7
373 196
374 2
374 3
374 5
374 7
375 2
375 3
375 5
375 7
376 1
376 3
376 4
376 5
376 6
376 7
377 1
377 3
377 4
377 5
377 6
377 8
377 18
377 33
378 0
378 2
378 6
378 142
378 246
378 278
379 2
379 3
379 11
379 21
379 31
379 77
380 1
380 3
380 4
380 5
380 6
380 8
380 33
380 377
381 0
381 2
381 5
381 11
382 0
382 1
382 2
382 3
382 8
382 69
383 4
383 6
383 23
383 78
383 274
384 2
384 3
384 5
384 11
384 21
385 108
386 2
386 5
386 8
386 9
387 3
387 6
387 14
387 158
388 0
388 1
388 6
388 23
388 42
388 79
389 0
389 6
389 142
389 278
390 1
390 6
390 8
390 157
390 187
391 1
391 2
391 6
391 57
391 64
392 1
392 2
392 8
392 9
392 138
393 0
393 2
393 6
393 65
394 1
394 2
394 3
394 5
394 6
394 8
394 9
394 47
395 2
395 5
395 8
395 9
395 302
396 0
396 1
396 3
396 5
396 6
396 119
396 300
397 0
397 3
397 4
397 5
397 6
398 1
398 2
398 5
398 8
398 9
398 55
399 4
399 5
399 83
399 216
399 225
400 2
400 3
401 0
401 3
401 5
401 6
401 7
401 8
401 119
401 300
402 1
402 3
402 5
402 7
402 8
402 9
402 47
403 3
403 5
403 6
403 7
403 8
403 261
403 286
404 0
404 1
404 2
404 3
404 30
405 1
405 2
405 20
405 162
405 315
406 0
406 2
406 139
407 0
407 1
407 2
407 3
407 5
407 6
407 8
407 27
407 80
408 3
408 4
408 7
408 40
408 43
408 56
408 217
409 3
409 14
409 24
409 51
410 0
410 2
410 3
410 6
410 99
411 0
411 1
411 5
411 6
411 14
411 38
412 3
412 7
412 34
412 50
413 0
413 1
413 2
413 3
413 4
413 6
413 7
413 9
414 1
414 4
414 5
414 7
414 75
414 151
415 2
415 6
415 29
416 2
416 6
416 20
416 64
417 0
417 1
417 2
417 3
417 5
417 6
417 7
417 8
417 9
417 81
418 3
418 5
418 6
418 88
418 102
418 339
419 3
419 5
419 6
419 7
419 8
419 261
419 286
420 0
420 3
420 5
420 6
420 50
420 88
421 1
421 2
421 3
421 6
421 8
421 69
421 195
422 1
422 4
422 7
423 7
423 9
424 0
424 1
424 2
424 3
424 6
424 7
424 8
424 9
425 1
425 5
425 6
425 7
425 8
425 119
425 199
426 1
426 2
426 3
426 8
426 69
426 195
426 421
427 2
427 3
427 11
427 21
427 31
428 3
428 6
428 14
428 23
428 370
429 0
429 1
429 2
429 3
429 5
429 6
429 9
429 69
429 236
430 1
430 4
430 6
430 7
430 20
431 0
431 3
431 21
431 210
432 20
432 64
432 416
433 20
433 62
433 91
433 110
434 0
434 2
434 5
434 6
434 7
434 34
434 50
435 2
435 3
435 5
435 6
435 8
435 9
435 47
435 394
436 5
436 7
436 8
436 55
436 100
436 183
437 1
437 2
437 4
437 6
437 29
437 35
438 0
438 2
438 404
439 3
439 6
439 50
439 85
439 88
439 348
440 3
440 6
440 7
440 84
440 137
441 1
441 3
441 6
441 7
441 8
441 9
441 305
442 3
442 5
442 7
442 8
442 286
442 419
443 29
443 91
444 5
444 6
444 7
444 239
445 1
445 2
445 5
445 7
445 144
446 1
446 5
446 6
446 7
446 157
446 355
447 1
447 3
447 4
447 6
447 7
447 8
447 9
448 1
448 3
448 5
448 6
448 7
448 376
449 2
449 3
449 6
449 295
450 3
450 5
450 6
450 85
450 88
450 339
451 1
451 2
451 3
451 6
451 7
451 8
451 9
451 424
452 3
452 6
452 34
452 253
453 3
453 5
453 6
453 8
453 10
453 258
454 1
454 3
454 4
454 7
454 43
454 56
454 217
455 0
455 4
455 5
455 149
456 0
456 1
456 3
456 4
456 6
456 7
456 9
456 413
457 1
457 2
457 3
457 4
457 5
457 114
458 0
458 2
458 4
458 5
458 6
458 40
458 54
459 0
459 3
459 6
460 65
460 87
460 90
460 245
461 3
461 37
461 46
462 1
462 7
462 8
462 251
463 4
463 6
463 249
464 2
464 20
464 29
464 181
465 0
465 3
465 5
465 6
465 7
465 119
465 300
465 401
466 0
466 1
466 2
466 3
466 5
466 6
466 27
466 80
467 1
467 2
467 4
467 5
467 9
468 0
468 1
468 7
468 14
469 0
469 3
469 4
469 6
469 7
469 118
470 3
470 4
470 5
470 8
470 9
470 18
470 33
470 98
471 5
471 7
471 8
471 9
471 55
471 104
472 0
472 1
472 6
472 23
472 44
473 0
473 1
473 2
473 3
473 5
473 8
473 27
473 80
474 0
474 3
474 6
474 14
474 24
475 1
475 2
475 3
476 1
476 4
476 5
476 6
476 14
476 16
476 71
477 0
477 1
477 3
477 5
477 8
477 27
477 80
477 473
478 0
478 5
478 7
478 130
479 1
479 2
479 3
479 8
479 69
479 195
479 426
480 37
480 46
481 3
481 4
481 5
481 8
481 9
481 18
481 33
482 1
482 2
482 4
482 29
482 132
483 1
483 2
483 7
483 55
483 144
484 3
484 4
484 14
484 83
484 161
484 216
485 0
485 74
486 1
486 3
486 4
486 5
486 7
486 376
487 1
487 5
487 40
487 43
487 166
488 0
488 1
488 3
488 6
488 8
488 69
488 195
489 6
489 177
490 1
490 2
490 4
490 328
491 1
491 2
491 3
491 6
491 9
491 47
491 69
492 3
492 5
492 6
492 8
492 10
492 453
493 2
493 3
493 11
493 31
493 150
494 3
494 5
494 8
494 9
494 18
494 33
494 481
495 1
495 2
495 6
495 249
496 0
496 2
496 8
496 75
496 113
496 260
497 1
497 2
497 3
497 4
497 6
498 0
498 3
498 4
498 6
498 14
498 118
499 1
499 5
499 8
499 9
499 119
499 310
500 0
500 1
500 7
500 8
500 9
500 72
500 330
500 360
501 0
501 4
501 6
501 54
502 0
502 34
502 50
502 128
503 0
503 1
503 2
503 7
503 9
503 72
503 330
504 3
504 6
504 42
504 92
505 1
505 6
505 29
506 2
506 3
506 4
506 5
506 6
506 7
506 40
506 43
507 0
507 1
507 3
507 9
507 66
508 1
508 2
508 5
508 7
508 8
508 100
509 2
509 3
509 5
509 6
509 34
510 1
510 6
510 14
510 78
510 123
511 1
511 2
511 3
511 6
511 69
511 195
511 421
512 0
512 3
512 4
512 11
512 12
513 65
513 87
513 90
513 221
514 2
514 3
514 5
514 11
514 21
514 77
515 0
515 2
515 3
515 6
515 7
515 8
515 9
515 68
516 9
516 209
517 5
517 21
517 22
518 0
518 2
518 6
518 65
518 219
519 11
519 21
520 3
520 11
520 31
520 150
520 493
521 0
521 1
521 3
521 8
521 69
521 382
522 3
522 5
522 8
522 33
522 481
523 3
523 14
523 158
524 3
524 5
524 88
524 102
524 339
524 418
525 3
525 168
525 254
526 1
526 4
526 6
526 357
527 0
527 3
527 5
527 15
528 0
528 3
528 5
528 527
529 2
529 3
529 4
529 5
529 6
529 7
529 40
529 43
530 2
530 3
530 4
530 5
530 7
530 43
531 0
531 1
531 3
531 4
531 14
531 19
531 352
532 1
532 2
532 3
532 4
532 7
532 8
532 9
532 39
533 5
533 6
533 7
533 8
533 119
533 199
533 425
534 0
534 3
534 7
534 34
534 65
534 204
535 1
535 4
535 6
536 0
536 6
536 7
536 204
537 3
537 8
537 9
537 18
537 33
537 481
538 0
538 3
538 7
539 2
539 3
539 11
539 31
539 427
540 6
540 7
540 8
540 157
541 0
541 2
541 3
541 7
541 8
542 3
542 6
542 50
542 85
542 88
542 102
543 0
543 2
543 3
543 8
543 244
544 0
544 1
544 2
544 5
544 6
544 9
544 69
544 236
544 429
545 0
545 1
545 2
545 4
546 0
546 1
546 2
546 3
546 5
546 8
546 80
546 473
547 1
547 2
547 3
547 4
547 5
547 8
548 0
548 1
548 3
548 5
548 8
548 80
548 473
548 477
549 5
549 6
549 7
549 14
549 116
549 179
550 0
550 1
550 4
550 6
550 14
551 0
551 1
551 3
551 4
551 19
551 531
552 4
552 5
552 16
553 1
553 2
553 6
553 57
553 391
554 4
554 8
554 75
554 333
555 3
555 8
555 10
555 453
555 492
556 5
556 6
556 40
556 43
556 272
557 2
557 3
557 21
557 31
557 77
557 379
558 3
558 4
558 5
558 7
558 40
558 43
558 166
559 1
559 3
559 4
559 7
559 8
559 9
559 39
559 532
560 1
560 4
561 1
561 2
561 3
561 5
561 9
561 114
562 3
562 8
562 453
562 492
562 555
563 1
563 3
563 4
563 7
563 39
563 532
563 559
564 0
564 2
564 5
564 6
564 7
564 34
564 50
564 434
565 4
565 5
565 6
566 1
566 5
566 8
566 119
566 199
566 425
567 0
567 2
567 7
567 50
567 434
568 2
568 4
568 296
569 2
569 5
569 109
569 173
570 0
570 1
570 2
570 3
570 5
570 9
570 66
571 29
571 181
571 464
572 1
572 14
572 67
573 0
573 6
573 34
573 65
574 4
574 7
574 422
575 2
575 3
575 6
575 34
575 89
576 0
576 1
576 3
576 4
576 5
577 0
577 3
577 5
577 473
577 477
577 548
578 1
578 5
578 6
578 7
578 9
578 103
579 0
579 2
579 6
579 7
579 34
579 124
580 1
580 8
580 9
580 231
580 345
581 6
581 323
581 351
582 3
582 4
582 14
582 83
582 216
583 0
583 1
583 2
583 4
583 6
583 7
584 1
584 3
584 6
584 8
585 0
585 2
585 4
585 5
585 6
585 40
585 458
586 4
586 6
586 23
586 78
586 274
587 4
587 6
587 23
587 78
587 586
588 1
588 5
588 6
588 7
588 8
588 9
588 305
589 0
589 1
589 2
589 3
589 5
589 8
589 9
589 47
589 69
590 0
590 2
590 65
590 393
591 1
591 5
591 6
591 7
591 8
591 305
591 588
592 1
592 2
592 3
592 4
592 114
593 3
593 21
593 31
593 427
594 0
594 1
594 3
594 4
594 6
594 7
595 0
595 3
595 4
595 5
595 6
595 7
596 1
596 3
596 4
596 5
596 8
596 33
596 377
596 380
597 230
598 1
598 2
598 3
598 6
598 497
599 3
599 5
599 6
599 7
599 8
599 9
599 119
600 0
600 1
600 8
600 72
600 500
601 1
601 2
601 4
601 29
601 482
602 2
602 3
602 5
602 76
603 2
603 3
603 82
603 93
603 341
604 4
604 5
604 216
604 225
605 4
605 5
605 6
605 7
605 8
605 9
605 103
606 0
606 2
606 11
607 1
607 2
607 3
607 6
607 7
607 8
607 9
607 47
608 3
608 453
608 492
608 555
609 0
609 4
609 5
609 6
609 14
609 17
610 1
610 3
610 5
610 6
610 8
610 18
610 33
610 377
611 0
611 2
611 89
612 5
612 7
612 8
612 9
612 55
613 1
613 3
613 6
613 8
613 18
613 33
613 377
613 610
614 1
614 5
614 6
614 16
614 67
615 4
615 5
615 7
615 8
615 75
615 151
616 4
616 5
616 6
616 18
616 33
616 98
616 364
617 7
617 84
617 137
617 346
617 354
618 1
618 2
618 6
618 57
618 391
619 2
619 3
619 7
619 233
620 5
620 153
620 232
621 6
621 177
622 3
622 6
622 50
622 85
622 88
622 439
623 1
623 5
623 7
623 8
623 9
623 588
624 6
624 42
624 79
625 1
625 2
625 3
625 6
625 8
625 9
625 138
626 3
626 8
626 492
626 555
627 3
627 7
627 34
627 412
628 2
628 6
628 7
628 34
628 219
629 1
629 5
629 6
629 9
629 231
629 285
630 0
630 3
630 4
630 84
631 5
631 6
631 50
631 85
631 88
632 0
632 3
632 5
632 6
632 7
632 116
633 1
633 2
633 7
633 45
634 3
634 10
634 453
634 492
634 555
635 1
635 3
635 5
635 6
635 8
635 18
635 377
635 610
636 3
636 6
636 24
636 112
637 0
637 1
637 2
637 3
637 7
637 8
637 9
637 47
638 1
638 4
638 6
639 4
639 6
639 29
639 73
640 2
640 3
640 4
640 5
640 40
640 43
641 1
641 7
641 8
641 9
641 39
641 532
641 559
642 0
642 5
642 7
642 14
642 297
643 453
643 492
643 555
643 608
644 0
644 1
644 2
644 6
644 8
644 265
645 0
645 1
645 6
645 79
645 117
646 1
646 4
646 5
646 7
646 376
646 486
647 0
647 1
647 6
647 14
647 158
648 1
648 5
648 7
648 157
648 355
648 446
649 6
649 351
649 581
650 1
650 4
650 5
650 6
650 16
650 71
650 476
651 2
651 5
651 60
652 0
652 1
652 3
652 5
652 8
652 80
652 477
652 548
653 1
653 2
653 4
653 5
653 467
654 0
654 1
654 5
654 6
654 8
654 157
654 172
655 5
655 7
655 8
655 58
656 1
656 2
656 3
656 6
656 7
656 9
657 1
657 4
657 6
657 7
657 20
657 29
658 1
658 2
658 3
658 6
658 195
658 511
659 0
659 6
659 8
659 157
659 654
660 3
660 4
660 7
660 14
660 161
660 216
661 37
661 108
661 362
662 1
662 5
662 8
662 9
662 231
663 1
663 6
663 497
664 1
664 5
664 6
664 7
664 40
664 43
664 56
665 1
665 2
665 4
665 6
665 8
665 265
666 3
666 4
666 5
666 43
666 640
667 1
667 2
667 6
667 20
667 57
668 1
668 3
668 5
668 13
669 0
669 1
669 2
669 3
669 4
669 6
669 9
669 413
670 0
670 3
670 4
671 0
671 3
671 5
671 6
671 50
671 88
672 1
672 3
672 5
672 6
672 7
672 448
673 5
674 3
674 5
674 11
674 21
674 31
675 14
675 67
675 572
676 0
676 1
676 2
676 5
676 6
676 7
676 8
676 27
677 0
677 3
677 6
677 7
678 0
678 6
678 7
678 14
678 155
678 179
679 0
679 2
679 6
679 34
679 87
681 7
681 84
681 354
681 617
682 0
682 1
682 2
682 3
682 5
682 7
682 8
682 27
683 1
683 3
683 6
683 8
683 9
683 18
683 336
684 6
684 7
684 14
684 116
684 179
684 549
685 8
685 157
685 540
686 3
686 5
686 85
686 88
686 339
686 450
687 3
687 5
687 6
687 85
687 102
687 339
688 0
688 5
688 473
688 477
688 548
689 0
689 1
689 2
689 4
689 5
689 6
689 40
689 54
690 1
690 2
690 3
690 6
690 8
690 9
690 68
690 72
691 0
691 1
691 2
691 3
691 5
691 69
691 236
692 3
692 4
692 5
692 6
692 7
692 376
693 1
693 5
693 6
693 9
693 119
693 199
693 310
694 0
694 2
694 6
694 10
694 258
694 312
695 5
695 6
695 18
695 33
695 98
695 364
696 0
696 1
696 3
696 5
696 9
696 570
697 1
697 5
697 14
697 38
697 411
698 0
698 14
698 78
698 123
699 1
699 2
699 4
699 6
699 7
699 40
699 326
700 1
700 3
700 4
700 5
700 14
700 19
701 2
701 28
702 2
702 3
702 6
702 7
702 8
702 53
703 0
703 3
703 4
703 19
704 1
704 2
704 3
704 4
704 7
704 8
704 9
704 39
705 1
705 3
705 5
705 8
705 27
705 80
705 473
706 6
706 8
706 9
706 336
707 1
707 4
707 5
707 16
707 71
707 476
707 650
708 0
708 2
708 3
708 6
708 7
708 8
708 9
708 27
709 1
709 3
709 4
709 6
709 7
709 376
710 0
710 3
710 5
710 6
710 7
710 8
710 119
710 300
711 6
711 23
711 78
712 2
712 3
712 5
712 21
713 1
713 4
713 5
713 16
713 71
713 650
714 0
714 1
714 2
714 3
714 5
715 5
715 7
715 9
715 612
716 0
716 4
716 19
716 703
717 20
717 29
717 62
718 0
718 2
718 8
718 9
718 68
718 72
718 213
719 3
719 8
719 492
719 555
719 562
720 11
721 0
721 2
721 3
721 6
721 8
721 53
722 0
722 6
722 42
722 79
723 1
723 4
723 29
723 482
723 601
724 3
724 85
724 88
724 339
724 450
724 686
725 5
725 7
725 9
725 55
725 612
726 3
726 4
726 14
726 145
727 2
727 6
727 57
727 64
728 3
728 5
728 6
728 7
728 8
728 119
728 599
729 0
729 8
729 9
729 27
730 3
730 6
730 50
730 85
730 88
730 542
731 0
731 6
731 42
732 7
732 84
732 354
733 0
733 3
733 41
733 174
734 0
734 1
734 3
734 6
734 14
734 23
735 65
735 87
735 90
735 513
736 0
736 13
737 4
737 5
737 8
737 151
738 4
738 5
738 216
738 225
739 0
739 3
739 6
739 397
740 1
740 2
740 7
740 144
740 483
741 2
741 20
741 181
741 464
742 1
742 2
742 6
742 57
742 618
743 3
743 4
743 5
743 7
743 40
743 43
743 506
744 3
744 4
744 5
744 7
744 83
744 161
745 1
745 5
745 6
745 7
745 8
745 199
746 4
746 6
746 249
747 0
747 1
747 4
747 5
747 7
747 8
747 9
748 20
748 29
748 91
748 356
749 2
749 5
749 173
750 3
750 5
750 6
750 85
750 88
750 339
751 210
752 209
752 516
753 2
753 3
753 4
753 6
753 7
754 64
754 416
755 1
755 3
755 6
755 584
756 0
756 1
756 2
756 3
756 5
756 8
756 80
757 3
757 4
757 7
757 40
757 43
757 558
758 0
758 1
758 3
758 5
758 6
758 27
758 80
758 466
759 2
759 3
759 4
759 5
759 114
760 20
760 91
760 356
760 748
761 91
761 356
761 748
761 760
762 0
763 0
763 1
763 3
763 5
763 7
764 6
764 8
764 205
765 3
765 492
765 555
765 634
766 4
766 8
766 9
766 33
767 0
767 3
767 6
767 7
767 14
767 118
768 2
768 5
768 7
768 34
768 50
769 0
769 1
769 5
769 6
769 7
769 14
770 2
770 3
770 11
770 93
770 341
771 3
771 5
771 14
772 1
772 2
772 4
772 6
772 20
772 275
773 6
773 8
773 764
774 3
774 5
774 6
774 50
774 52
774 334
775 1
775 4
775 5
775 14
775 67
776 0
776 3
776 7
776 34
776 65
776 177
777 2
777 6
777 65
777 290
778 0
778 1
778 6
778 14
778 23
779 3
779 168
779 241
780 2
780 3
780 5
780 6
780 7
780 142
781 3
781 5
781 771
782 0
782 2
782 3
782 5
782 6
782 7
782 8
782 81
782 417
783 7
783 14
783 116
783 155
783 256
784 0
784 1
784 2
784 3
784 6
784 8
784 9
784 80
785 6
785 764
785 773
786 5
786 6
786 50
786 52
786 334
786 774
787 3
787 6
787 459
788 1
788 7
788 55
788 144
789 1
789 2
789 5
789 7
789 445
790 0
790 2
790 7
790 50
790 567
791 1
791 2
791 3
791 5
791 8
791 80
791 546
792 1
792 2
792 6
792 57
793 5
793 7
793 84
793 137
793 346
794 0
794 1
794 5
794 6
794 7
794 157
795 1
795 3
795 7
795 43
795 56
795 217
796 34
796 50
797 0
797 1
797 3
798 0
798 3
798 41
798 174
799 6
799 7
799 40
799 326
799 699
800 0
800 5
800 13
801 3
801 5
801 473
801 477
801 548
801 577
802 1
802 7
802 55
802 483
803 0
803 2
803 5
803 11
803 21
804 323
804 351
804 581
805 1
805 2
805 3
805 4
805 9
806 3
806 4
806 5
806 40
806 43
806 272
807 4
807 5
807 7
807 83
807 161
807 744
808 65
808 87
808 221
808 298
809 1
809 5
809 157
809 218
810 0
810 3
810 6
810 23
810 42
810 79
811 0
811 2
811 4
812 3
812 5
812 6
812 8
812 18
812 377
812 610
812 635
813 5
813 6
813 34
813 50
813 334
814 1
814 4
814 6
814 16
814 71
814 476
814 650
815 1
815 3
815 4
815 5
815 14
815 67
816 3
816 6
816 8
816 18
816 33
816 377
816 610
817 3
817 5
817 8
817 9
817 33
817 481
817 494
818 3
818 24
818 51
818 409
819 0
819 2
819 4
819 5
819 40
819 458
820 0
820 6
820 8
820 9
820 206
821 1
821 3
821 5
821 14
821 19
821 700
822 1
822 6
822 7
822 8
822 9
822 199
822 287
823 3
823 21
823 427
823 593
824 3
824 5
824 6
824 281
825 0
825 5
825 800
826 0
826 3
826 4
826 14
826 24
826 25
827 3
827 5
827 473
827 477
827 577
827 801
828 0
828 1
828 2
828 3
828 5
828 8
828 9
828 69
828 589
829 1
829 5
829 231
829 285
830 2
830 6
830 20
831 0
831 2
831 5
831 6
831 7
831 434
832 1
832 2
832 4
832 20
832 45
833 0
833 3
833 4
833 5
833 14
833 83
834 29
834 62
834 91
835 1
835 2
835 7
835 72
835 330
836 0
836 2
836 3
836 6
836 8
836 10
836 258
837 1
837 3
837 6
837 8
837 9
837 18
837 336
838 4
838 5
838 7
838 486
839 2
839 65
839 393
839 590
840 1
840 3
840 7
840 8
840 18
841 3
841 5
841 6
841 8
841 9
841 119
841 599
842 2
842 3
842 5
842 21
842 77
842 514
843 1
843 3
843 6
843 42
844 3
844 6
844 24
844 112
844 122
845 3
845 8
845 9
845 18
845 33
845 481
845 494
846 0
847 1
847 7
847 8
847 9
847 532
847 559
847 641
848 0
848 5
848 297
848 642
849 0
849 1
849 4
849 6
849 14
849 78
850 0
850 2
850 3
850 5
850 7
850 27
850 682
851 3
851 4
851 14
851 726
852 11
852 163
853 6
853 23
853 78
853 274
854 0
854 1
854 3
854 5
854 69
854 236
855 0
855 2
855 6
855 246
855 278
855 378
856 3
856 6
856 34
856 253
857 5
857 6
857 88
857 102
857 339
857 418
858 0
858 1
858 3
858 6
858 279
859 1
859 4
859 7
860 4
860 6
860 78
860 215
860 274
861 3
861 4
861 5
861 6
861 7
861 40
861 43
862 1
862 2
862 6
862 792
863 3
863 6
863 23
863 42
863 79
863 810
864 1
864 6
864 8
864 9
864 199
864 287
864 822
865 2
865 3
865 5
865 7
865 342
866 4
866 7
866 422
867 5
867 15
867 141
867 267
868 1
868 3
868 8
868 18
869 1
869 14
869 38
869 411
869 697
870 2
870 6
870 20
870 64
870 234
871 0
871 3
871 6
871 7
871 34
871 50
872 3
872 5
872 6
872 8
872 9
872 119
873 1
873 3
873 4
873 5
873 6
873 8
873 18
874 6
874 50
874 85
874 88
874 348
875 0
875 2
875 6
875 246
875 378
875 855
876 0
876 6
876 142
876 246
876 278
876 378
877 1
877 2
877 8
877 69
877 195
877 421
878 4
878 24
878 255
879 1
879 4
879 5
879 7
879 178
880 2
880 5
880 7
880 50
881 3
881 6
881 88
881 102
881 339
881 418
882 5
882 88
882 102
882 339
882 418
882 857
883 0
883 4
883 6
883 7
883 118
883 469
884 0
884 3
884 8
884 69
884 382
884 521
885 0
885 2
885 65
885 290
886 3
886 5
886 6
886 8
886 9
886 119
886 599
887 2
887 438
888 3
888 5
888 300
888 401
888 465
889 6
889 351
889 649
890 1
890 14
890 38
890 411
890 697
891 5
891 7
891 40
891 43
891 166
891 170
892 3
892 4
892 5
892 6
892 14
892 16
892 317
893 3
893 5
893 77
893 291
894 1
894 3
894 5
894 6
894 7
894 672
895 3
895 5
895 11
895 21
895 77
895 514
896 1
896 5
896 6
896 8
896 33
896 377
896 380
897 1
897 3
897 4
897 5
897 6
898 3
898 6
898 7
898 34
898 50
898 871
899 1
899 3
899 6
899 9
899 336
899 837
900 0
900 2
900 3
900 5
900 6
900 7
900 99
901 0
901 1
901 3
901 6
901 8
901 195
901 488
902 5
902 141
902 267
903 0
903 6
903 14
903 19
904 0
904 2
904 5
904 6
904 7
904 34
904 50
905 0
905 1
905 2
905 4
905 5
905 6
905 40
906 2
906 6
906 65
906 87
906 90
907 0
907 1
907 6
907 78
907 123
908 0
908 3
908 6
908 14
908 197
909 0
909 1
909 6
909 14
909 23
909 78
910 2
910 6
910 65
910 87
910 290
911 0
911 2
911 4
911 75
911 164
912 14
912 116
912 256
912 783
913 5
913 7
913 137
913 346
913 793
914 1
914 6
914 23
914 238
915 0
915 6
915 8
916 0
916 2
916 65
916 590
917 5
917 7
917 84
917 137
917 346
918 5
918 6
918 7
918 8
918 261
918 286
918 403
919 1
919 3
919 4
919 40
919 43
919 56
919 217
920 0
920 3
920 4
920 5
920 7
920 83
921 1
921 2
921 6
921 35
921 437
922 1
922 3
922 4
922 14
922 23
922 370
923 1
923 2
923 6
923 8
923 9
923 68
923 72
923 690
924 1
924 5
924 6
924 18
925 4
925 8
925 75
926 3
926 5
926 6
926 7
926 50
926 85
927 0
927 2
927 4
927 75
927 333
928 2
928 3
928 7
929 3
929 14
929 23
929 428
930 3
930 4
930 5
930 7
930 40
930 43
931 2
931 5
931 50
931 880
932 5
932 6
932 7
932 130
933 0
933 3
933 4
933 6
933 14
933 24
933 25
934 0
934 2
934 4
934 5
935 7
935 8
935 9
935 39
935 532
935 559
936 3
936 5
936 9
936 18
936 33
936 481
936 494
937 0
937 3
937 107
937 193
938 6
938 649
938 889
939 1
939 3
939 6
939 195
939 511
939 658
940 4
940 6
940 252
940 357
941 1
941 2
941 57
941 792
942 0
942 1
942 23
942 42
942 79
943 1
943 3
943 4
943 5
943 9
943 101
944 2
944 3
944 7
944 8
944 541
945 1
945 3
945 9
945 66
946 3
946 11
946 21
947 3
947 6
947 339
947 418
948 0
948 1
948 3
948 5
948 6
948 7
948 8
948 9
948 81
949 6
949 29
949 91
949 356
950 1
950 6
950 16
950 67
950 614
951 3
951 6
951 42
951 504
952 0
952 14
952 155
952 256
953 0
953 6
953 8
953 119
953 300
953 710
954 0
954 1
954 2
954 3
954 6
954 9
955 2
955 3
955 6
955 7
955 139
955 276
956 1
956 2
956 3
956 6
956 421
957 1
957 5
957 6
957 16
957 67
958 0
958 3
958 6
958 14
958 118
959 4
959 5
959 6
959 16
959 71
959 476
959 650
960 1
960 2
960 7
960 326
960 699
961 0
961 1
961 2
961 5
961 227
962 3
962 5
962 6
962 14
962 24
962 112
963 0
963 3
963 5
963 6
963 7
963 8
963 119
963 401
964 0
964 1
964 2
964 5
964 7
964 157
964 182
965 3
965 8
965 9
965 18
965 33
965 481
965 845
966 0
966 2
966 8
966 9
966 68
966 72
966 718
967 1
967 2
967 7
967 8
967 9
967 47
967 198
967 266
968 0
968 3
968 5
968 7
968 119
968 300
968 401
969 3
969 5
969 477
969 801
970 2
970 3
970 6
970 34
970 575
971 0
971 3
971 4
971 14
971 24
971 203
972 0
972 3
972 5
972 50
972 88
972 671
973 1
973 2
973 7
973 9
973 47
973 198
973 266
973 967
974 6
974 29
974 91
975 5
975 7
975 137
975 346
976 1
976 4
976 5
976 6
976 40
976 54
977 0
977 2
977 3
977 5
977 7
977 8
977 261
978 0
978 1
978 3
978 5
978 30
979 0
979 1
979 4
979 6
979 7
979 40
979 326
980 0
980 2
980 5
980 227
980 961
981 0
981 1
981 3
981 23
981 42
982 2
982 5
982 157
982 184
983 3
983 8
983 33
983 522
984 0
984 14
984 78
984 698
985 1
985 3
985 5
985 6
985 8
985 377
985 380
986 0
986 1
986 5
986 165
987 1
987 3
987 5
987 6
987 38
988 3
988 5
988 7
988 8
988 261
988 286
989 1
989 2
989 6
989 8
989 27
989 80
990 0
990 1
990 2
990 7
990 9
990 72
991 1
991 2
991 3
991 6
991 7
991 9
991 138
992 6
992 40
992 326
993 4
993 5
993 7
993 75
993 151
993 414
994 2
994 4
994 5
994 934
995 3
995 6
995 34
995 50
995 334
996 0
996 1
996 2
996 6
996 9
996 80
996 784
997 2
997 3
997 4
997 9
997 805
998 2
998 157
998 184
998 982
999 3
999 5
999 6
999 8
999 258
999 453
