1 0
2 0
2 1
3 0
3 1
3 2
4 0
4 1
4 2
4 3
5 0
5 1
5 2
5 3
5 4
6 0
6 1
6 2
6 3
6 4
6 5
7 0
7 1
7 2
7 3
7 4
7 5
7 6
8 0
8 1
8 2
8 3
8 4
8 5
8 6
8 7
9 0
9 1
9 2
9 3
9 4
9 5
9 6
9 7
9 8
10 4
10 5
10 9
11 0
11 1
11 4
11 7
11 8
12 10
13 6
13 8
14 4
14 5
14 7
15 3
16 0
16 8
17 2
17 8
17 9
18 4
19 3
19 7
19 8
19 9
20 3
20 6
20 7
20 9
21 2
21 3
22 16
23 0
23 7
24 7
24 9
25 10
25 12
26 20
27 22
28 2
28 7
29 0
29 4
30 2
31 7
32 15
33 0
33 2
33 6
33 8
34 4
35 0
35 2
35 3
35 4
35 8
36 2
37 5
38 15
39 2
40 0
40 23
41 2
41 33
42 4
42 7
43 2
43 3
43 6
44 1
44 6
44 9
45 0
45 3
45 4
45 7
45 8
46 10
47 45
48 1
49 35
50 0
50 7
50 23
51 27
52 0
52 35
53 5
53 7
54 1
54 2
54 5
55 1
55 6
55 44
56 22
57 1
57 7
57 11
59 14
61 9
61 20
62 6
62 20
63 44
65 13
66 3
66 8
67 52
68 2
68 6
69 7
69 8
69 9
70 31
71 68
72 49
73 2
73 3
73 5
73 7
73 8
74 5
74 73
75 42
76 9
76 61
77 27
77 51
78 0
78 5
79 52
80 0
80 2
80 4
81 8
81 9
81 69
82 1
82 6
82 55
83 6
83 55
84 6
84 44
85 46
86 0
86 16
88 80
89 78
91 6
91 44
92 0
92 3
92 35
93 40
94 4
94 35
95 8
95 13
96 17
97 14
98 1
99 56
100 6
100 44
101 17
102 7
102 9
103 0
103 1
103 8
104 20
105 23
108 86
109 3
109 7
109 45
110 6
110 82
111 55
111 82
112 1
112 2
112 3
113 109
114 42
116 10
116 25
117 6
117 8
118 63
120 5
121 7
121 45
122 96
123 0
123 7
123 11
124 18
125 17
125 101
126 2
126 17
127 46
128 4
128 5
128 6
129 80
130 72
131 120
132 1
132 4
132 6
133 7
134 0
134 2
134 80
135 21
136 116
137 78
138 2
139 43
140 112
141 2
141 5
142 2
142 6
142 68
143 24
144 18
146 8
146 66
147 55
148 62
149 20
150 7
150 20
152 3
152 35
153 7
153 8
153 73
154 3
154 109
155 7
155 11
156 144
157 6
157 9
158 6
158 62
159 9
160 85
161 0
161 3
161 7
161 8
162 88
163 10
163 25
164 74
165 122
166 3
167 117
168 35
169 4
169 10
170 153
171 71
172 1
172 3
172 4
172 7
173 0
173 1
173 4
173 9
174 155
175 99
176 57
177 163
178 9
178 61
179 26
180 1
180 2
180 6
181 3
181 161
182 17
183 178
184 19
185 11
186 38
187 3
187 172
188 6
188 33
189 8
189 45
190 102
191 4
191 5
191 8
192 185
193 6
193 82
193 110
194 157
195 21
195 135
196 160
197 92
198 68
199 7
199 8
199 153
200 62
201 22
202 88
202 162
203 2
203 126
204 63
205 3
205 66
206 96
207 3
207 20
208 184
209 54
210 35
210 49
211 132
212 7
212 69
213 78
214 6
214 128
215 7
216 1
216 103
217 191
218 6
218 7
218 20
219 1
219 8
219 11
220 21
220 135
221 191
222 172
222 187
223 2
223 33
223 41
225 187
225 222
226 0
226 4
226 5
226 6
227 124
228 207
229 0
229 173
230 27
231 190
232 72
233 3
233 166
234 153
235 1
235 2
235 180
236 193
237 6
237 68
237 142
238 108
239 46
241 16
242 214
243 133
244 0
244 4
244 5
244 7
245 199
246 123
247 209
248 76
249 121
250 0
250 7
251 154
252 3
252 45
253 158
254 196
255 112
255 140
256 10
256 116
257 244
258 210
259 147
260 121
261 134
262 2
262 5
263 7
263 24
264 24
265 43
266 13
267 10
268 100
269 27
270 2
270 35
271 188
272 7
272 9
273 220
274 258
275 2
275 6
275 142
276 40
277 51
277 77
278 116
279 105
280 92
281 6
282 54
283 257
284 142
284 237
285 52
286 2
286 17
288 172
289 57
291 85
292 94
293 9
294 61
295 173
295 229
296 2
296 28
297 38
298 2
298 54
299 110
300 179
301 18
302 7
302 28
303 264
306 258
307 254
308 247
309 2
310 170
311 103
313 3
313 7
313 172
315 62
316 208
317 15
317 38
318 6
318 100
319 292
320 88
320 202
321 7
321 24
321 263
322 195
323 7
323 153
324 2
324 223
325 43
326 150
327 273
328 133
329 2
329 3
329 9
330 54
331 123
332 141
333 105
333 279
334 153
335 81
336 2
336 112
337 155
338 269
339 150
339 326
340 17
340 125
341 5
341 6
341 128
342 7
342 20
343 13
343 65
344 7
344 109
345 210
346 260
347 6
347 128
348 192
349 54
349 330
350 218
351 7
351 73
351 153
352 324
353 6
353 347
354 2
355 2
355 142
356 77
357 340
359 269
360 141
361 331
362 171
363 9
363 329
364 320
365 206
366 127
367 152
368 152
369 99
370 318
371 178
372 2
372 180
373 233
374 323
375 9
375 61
376 225
377 213
378 56
379 347
379 353
380 55
381 200
382 30
383 147
384 150
384 326
385 19
386 242
387 1
387 55
388 205
389 343
390 166
391 184
392 340
393 52
394 161
395 270
396 54
397 4
397 5
398 35
399 172
400 223
402 360
403 248
404 65
405 1
406 1
406 2
407 188
408 57
409 0
409 6
409 33
410 260
411 164
412 8
412 33
413 7
413 8
413 153
414 74
415 172
415 313
416 29
417 288
418 28
419 9
419 17
420 248
422 101
422 125
423 2
423 9
424 135
425 371
426 4
426 132
427 410
428 2
428 33
429 163
430 2
430 33
431 160
432 19
433 10
434 9
434 17
435 270
436 262
437 357
438 3
438 6
439 353
440 9
440 17
440 419
441 406
442 33
443 61
444 0
444 80
445 3
445 4
446 78
447 282
448 255
449 7
450 368
451 2
451 286
452 272
453 163
454 51
455 72
456 5
456 8
457 291
458 8
458 81
461 55
461 380
462 2
462 355
463 187
464 52
465 38
466 402
467 82
467 110
468 323
470 136
471 257
472 41
472 223
473 456
474 383
476 268
477 7
477 57
478 3
478 8
479 1
479 44
480 1
480 103
481 91
482 7
483 248
485 4
485 5
486 2
486 3
486 8
486 9
487 189
488 259
489 229
490 3
490 154
491 4
491 10
492 324
493 440
494 81
495 3
495 92
496 158
496 253
497 209
498 181
499 333
500 155
501 423
502 169
503 270
504 92
505 2
505 7
506 331
507 363
508 3
508 5
509 4
509 5
509 7
510 306
511 418
513 407
514 225
516 356
517 111
518 6
518 43
519 73
519 74
520 516
521 407
522 399
523 2
523 17
524 246
525 252
526 55
526 82
527 456
530 270
530 503
531 372
532 505
533 1
533 406
534 456
535 182
537 2
537 298
538 112
538 336
539 526
541 82
541 467
542 3
542 486
543 89
544 4
544 445
545 1
545 180
546 20
548 196
549 48
550 144
550 156
552 250
553 0
553 3
553 35
555 296
556 6
556 13
557 418
558 153
558 199
559 399
560 473
561 155
562 213
563 68
563 142
564 129
566 234
567 344
568 196
570 174
571 121
573 242
576 48
577 104
578 154
579 265
580 307
581 157
582 168
583 173
584 44
585 56
586 123
587 497
588 381
589 34
590 355
591 55
592 79
593 1
594 7
594 9
594 272
595 578
596 291
597 7
597 302
598 173
599 21
600 589
601 509
602 187
603 219
604 33
605 486
606 382
607 91
608 73
609 82
609 467
609 541
610 128
611 6
611 142
612 85
613 318
614 347
616 311
617 311
618 576
619 156
620 1
620 2
620 3
621 7
621 323
622 0
622 250
623 166
624 2
624 8
624 73
625 255
626 226
627 99
628 616
629 2
629 73
630 0
630 2
630 7
631 277
632 386
633 146
634 80
634 444
635 1
635 57
636 609
638 0
638 1
638 2
638 3
638 9
639 542
640 44
640 84
641 92
641 495
642 566
643 602
644 181
645 9
646 9
647 427
648 27
648 77
649 8
649 45
650 431
651 44
652 35
652 152
653 541
653 609
654 5
654 128
654 341
655 329
655 363
656 251
657 7
657 123
658 180
658 545
659 8
659 73
659 624
660 322
661 4
663 100
665 205
666 147
667 215
668 18
669 326
670 6
670 226
671 209
672 648
673 14
674 0
674 4
674 244
675 3
675 5
675 6
675 7
675 9
676 7
677 670
678 366
679 14
680 506
681 299
682 26
683 2
684 1
684 4
684 5
684 7
685 0
685 244
686 109
686 154
687 218
688 110
689 96
690 616
691 8
691 161
692 137
693 399
694 371
695 133
696 0
696 229
697 0
697 92
698 267
699 558
700 367
701 299
702 1
702 6
703 28
704 2
704 28
705 45
705 47
706 68
707 19
708 333
709 86
710 16
712 638
713 496
714 17
714 125
714 340
716 2
716 5
716 7
717 55
717 387
718 2
718 704
719 4
719 11
721 0
721 553
722 156
723 169
724 698
725 326
726 96
727 716
728 389
729 489
730 21
730 195
731 246
732 275
733 379
734 0
734 6
735 1
735 103
736 410
737 199
738 18
739 0
739 1
739 4
740 409
741 535
742 568
743 148
744 479
746 235
747 518
748 494
749 332
750 184
751 1
751 7
751 9
753 426
754 21
755 498
756 130
757 2
757 486
758 265
759 44
760 11
760 719
761 122
762 0
762 638
763 326
764 25
765 6
765 7
765 9
767 223
768 593
769 678
770 3
771 205
772 92
773 207
774 470
775 6
775 341
777 580
778 380
779 28
781 418
782 20
782 150
783 718
784 468
785 4
785 661
786 739
787 1
787 103
788 491
789 0
789 553
790 782
791 13
792 114
793 30
793 382
794 3
794 445
795 550
796 8
796 412
797 293
798 580
799 659
800 2
801 684
802 74
803 10
803 491
804 243
806 633
807 339
808 405
809 759
810 24
811 696
812 317
813 1
813 82
815 154
815 686
816 360
818 0
818 92
819 95
820 2
820 324
821 1
821 2
821 5
821 9
822 804
823 788
825 0
825 226
826 37
827 713
828 2
828 406
829 44
830 324
830 492
831 639
832 202
833 55
833 461
834 533
837 382
838 743
839 628
840 485
841 428
842 423
843 649
844 146
845 341
847 25
848 281
849 311
850 6
850 734
851 687
852 203
853 578
854 8
854 66
855 1
855 7
855 751
856 3
856 9
856 486
857 7
858 735
859 631
860 102
860 190
861 23
862 653
863 173
864 759
865 454
866 757
867 692
868 687
869 82
869 541
870 402
871 545
871 658
872 389
872 728
873 247
874 23
874 50
875 362
876 2
876 180
877 169
878 2
878 704
879 691
880 132
881 132
882 298
883 49
883 72
884 193
885 342
886 400
887 645
888 92
888 818
889 476
890 541
890 609
891 426
892 407
892 521
893 3
894 5
894 7
895 209
896 295
898 9
898 375
900 41
901 589
902 625
903 522
904 825
905 802
906 531
907 82
907 526
908 37
909 77
910 553
911 175
912 360
913 369
914 278
915 249
916 513
917 1
917 57
918 1
918 635
919 384
920 9
920 440
921 546
922 200
923 550
924 206
925 883
928 95
929 142
929 563
930 652
931 293
933 509
933 601
934 3
934 92
935 122
936 259
937 453
938 589
939 596
940 871
941 51
941 77
941 277
942 433
943 8
943 117
944 122
945 359
946 2
947 418
948 856
949 872
950 2
950 5
951 0
951 78
952 254
953 23
953 874
954 96
955 2
955 630
956 324
956 830
957 1
957 172
958 729
959 112
960 669
961 338
962 14
962 59
963 777
964 343
965 501
967 1
968 457
969 471
971 229
972 173
972 229
972 295
973 823
974 556
975 735
976 764
977 672
979 940
980 298
980 537
981 51
982 337
983 280
984 78
984 213
985 509
986 244
986 257
987 731
988 86
989 336
990 872
991 171
992 7
992 53
993 410
994 88
995 810
996 8
996 19
997 9
997 329
998 372
999 231
