1 0
2 0
2 1
3 0
3 1
3 2
4 0
4 1
4 2
4 3
5 0
5 1
5 2
5 3
5 4
6 0
6 1
6 2
6 3
6 4
6 5
7 0
7 1
7 2
7 3
7 4
7 5
7 6
8 0
8 1
8 2
8 3
8 4
8 5
8 6
8 7
9 0
9 1
9 2
9 3
9 4
9 5
9 6
9 7
9 8
10 3
10 6
11 3
11 9
12 1
12 3
12 7
13 6
14 6
15 12
16 1
16 2
16 6
16 7
17 4
17 6
17 8
17 9
18 2
19 12
20 7
20 16
21 0
21 2
21 4
21 8
22 17
23 7
23 16
24 23
25 16
26 1
26 8
27 0
27 4
27 5
27 7
27 9
28 2
28 6
29 7
29 8
30 11
31 9
32 19
33 1
34 4
34 6
35 2
36 3
36 8
37 35
38 18
39 0
39 2
40 3
40 12
41 10
42 33
43 13
44 3
44 5
44 6
45 9
45 27
46 2
47 14
48 12
49 28
51 6
52 46
53 0
53 2
53 5
54 22
55 5
55 27
56 29
57 2
58 27
58 45
59 27
60 34
61 1
61 9
62 0
62 21
63 32
64 44
65 9
66 0
66 2
66 6
67 56
68 40
69 0
69 2
69 3
70 16
71 47
72 30
73 1
73 7
73 8
73 9
74 4
74 9
75 3
75 6
75 44
76 7
76 27
77 0
77 4
77 8
78 56
79 72
80 3
80 10
81 69
82 58
83 33
84 31
85 29
86 63
87 40
88 4
89 2
89 66
90 5
90 7
91 31
92 33
93 21
94 11
95 44
96 0
96 9
97 9
97 27
98 17
99 24
100 69
101 79
102 16
103 83
104 3
104 10
105 82
106 1
106 9
107 75
108 101
109 18
110 2
110 4
110 5
110 6
111 74
112 5
112 7
113 42
114 8
115 6
115 34
116 103
117 14
118 1
118 26
119 7
119 23
120 47
121 1
121 3
121 4
121 8
121 9
122 9
122 121
123 103
124 66
125 0
125 4
125 77
126 88
127 40
128 125
129 5
129 27
130 11
131 40
131 87
132 124
133 86
134 96
135 0
135 3
135 5
136 65
137 70
138 33
139 129
140 109
141 129
142 1
142 2
142 3
142 8
142 9
143 9
143 97
144 129
145 9
146 0
146 27
147 55
148 0
148 1
148 2
149 2
149 4
150 6
151 25
152 8
152 9
152 121
153 87
154 2
154 28
155 129
156 6
156 115
157 44
158 4
158 6
159 0
159 27
160 121
160 152
161 2
161 3
161 8
162 5
163 9
163 122
164 87
164 131
165 76
166 108
167 2
167 53
168 0
168 3
169 62
170 10
171 7
171 90
172 109
172 140
173 0
173 96
174 7
174 8
174 73
175 149
177 69
177 81
178 145
179 106
180 36
181 100
182 3
182 12
183 0
183 1
183 7
183 8
184 126
185 2
185 6
186 34
186 115
187 97
188 1
188 26
190 161
191 2
191 7
191 9
192 27
193 3
194 96
195 8
195 77
196 2
196 6
197 122
198 158
199 32
201 6
201 17
202 3
202 6
202 44
203 82
204 175
205 60
206 191
207 3
208 165
209 191
210 3
210 10
211 5
211 9
211 27
212 160
213 149
214 5
214 6
214 7
215 44
217 1
217 3
217 4
218 154
219 135
220 74
221 211
222 2
222 3
222 8
223 23
224 2
224 5
224 8
225 0
225 148
226 17
227 0
227 53
229 31
230 24
231 92
232 158
233 94
234 27
235 148
236 0
236 96
237 31
238 195
239 187
240 16
240 20
241 126
242 118
244 224
245 26
245 188
246 60
247 74
248 12
249 74
250 31
251 12
251 182
252 58
253 97
254 90
255 5
256 105
257 209
258 133
260 146
261 47
262 4
262 5
262 7
262 8
263 16
264 7
264 16
265 153
266 48
267 76
268 44
269 1
269 9
270 115
271 79
272 6
272 16
273 122
274 135
275 122
276 4
276 9
277 59
278 9
278 97
279 115
280 182
281 90
282 142
283 276
284 177
285 278
286 9
286 17
287 0
287 159
288 192
289 161
290 94
291 24
292 3
292 168
293 61
294 38
295 131
296 33
296 92
297 3
297 6
298 20
299 201
300 194
302 7
302 171
303 241
304 0
304 146
305 1
305 73
306 98
307 276
308 87
308 131
309 0
309 66
310 250
311 271
312 184
313 2
313 35
314 234
315 254
316 276
317 8
317 36
318 198
319 131
319 164
320 7
320 264
321 201
322 85
323 97
323 143
324 10
324 104
325 197
326 213
327 5
327 129
328 96
329 149
330 115
330 186
331 328
332 294
333 158
334 182
335 146
336 295
337 165
338 112
339 239
340 65
341 135
342 142
344 5
344 6
344 9
345 178
346 292
347 96
347 236
348 21
349 3
350 160
351 7
351 174
352 174
352 351
353 168
354 33
354 138
355 323
356 0
356 96
356 173
358 158
359 234
360 235
361 152
362 236
363 149
364 71
365 138
366 0
366 39
368 112
369 61
370 143
371 338
372 41
373 172
374 160
375 264
376 308
377 118
378 7
378 9
379 7
379 214
380 307
381 265
382 214
383 173
384 256
385 87
385 131
386 312
387 369
388 381
389 168
390 124
391 1
391 7
391 16
392 249
393 100
394 131
394 164
394 319
395 221
396 238
397 376
398 8
399 163
400 222
401 277
402 56
403 36
404 0
404 6
404 7
405 24
406 230
407 321
408 255
409 317
410 317
411 8
411 21
412 146
413 0
413 7
413 183
414 5
415 383
416 101
417 325
418 53
419 238
420 56
420 78
421 0
421 2
421 6
421 7
421 9
422 127
423 251
424 111
425 398
426 122
427 378
428 426
429 1
429 148
430 100
430 393
431 303
432 155
433 2
433 3
434 0
434 404
435 104
435 324
436 49
437 317
438 100
439 0
439 7
439 421
440 262
441 0
441 2
442 406
444 3
444 161
445 18
446 18
447 314
449 222
450 297
451 107
452 126
454 7
454 16
455 24
456 379
457 411
458 431
460 197
461 325
462 17
463 351
464 434
465 280
466 247
467 182
468 451
469 82
470 350
471 104
472 351
472 463
473 390
474 1
474 3
474 6
474 9
475 1
475 4
475 7
476 68
477 318
478 90
479 33
480 317
481 7
481 20
482 412
483 205
484 0
484 1
484 2
485 17
486 83
487 213
488 1
489 16
489 264
490 165
491 242
492 362
493 0
493 2
493 21
494 436
495 221
496 356
497 280
498 77
498 195
499 351
500 438
501 3
501 6
501 474
502 401
503 0
503 2
503 6
503 7
504 183
505 469
506 175
507 37
508 10
508 324
509 51
510 121
511 426
512 172
513 6
513 272
514 61
515 2
515 5
516 421
516 439
517 121
517 122
518 93
519 303
520 65
521 120
522 306
523 80
524 90
525 506
526 0
526 146
526 304
527 34
528 434
529 6
529 10
530 7
530 20
533 314
534 362
535 300
536 2
536 191
537 1
537 4
538 355
539 2
539 28
540 2
540 4
540 21
541 414
542 33
543 7
543 421
544 77
544 498
545 125
546 0
546 183
547 193
548 305
549 2
549 6
549 8
550 438
551 109
552 37
553 70
554 79
554 271
555 0
555 2
555 8
556 396
557 444
558 338
558 371
559 305
560 305
560 559
561 99
562 447
563 340
564 239
565 340
566 439
566 516
567 308
568 172
569 549
570 26
571 400
572 93
573 439
573 516
574 196
575 418
576 199
577 9
578 93
579 262
580 516
580 573
581 264
582 474
583 160
584 26
585 1
585 26
586 42
587 121
587 122
588 252
589 317
590 241
591 116
592 514
593 536
594 503
595 493
596 434
597 1
597 305
599 6
599 8
599 9
600 297
601 369
602 27
603 7
604 195
605 558
606 44
606 75
607 309
608 546
609 2
609 421
610 4
610 5
610 27
611 151
612 546
613 197
614 1
614 391
615 0
615 3
615 135
616 3
616 474
617 33
617 354
618 313
619 111
620 346
621 30
622 385
623 7
624 620
625 353
626 550
627 164
627 394
628 529
629 538
630 78
631 260
632 376
633 7
634 61
635 2
635 503
636 580
637 1
637 3
637 4
637 6
637 7
637 9
638 326
639 6
639 202
640 345
641 214
642 212
643 6
643 474
644 53
645 606
646 434
647 4
647 9
647 637
648 402
649 0
649 404
650 9
650 27
651 211
652 536
653 8
653 26
654 22
655 383
656 152
657 489
658 40
658 87
659 7
659 8
659 183
660 153
661 251
662 75
663 198
664 341
665 128
666 40
666 131
667 638
668 137
669 616
670 666
671 544
672 474
673 464
675 5
675 135
676 454
677 146
677 412
678 47
678 120
679 411
680 26
681 636
682 21
683 501
684 164
685 6
685 34
685 115
686 653
688 513
689 595
690 1
690 2
690 148
691 609
692 675
693 557
694 90
695 233
696 534
697 40
698 208
699 695
700 538
701 666
702 481
703 90
705 16
705 20
706 422
707 165
708 308
709 384
710 364
711 174
712 2
712 21
713 247
714 451
715 420
716 515
717 690
719 146
719 304
720 537
721 653
722 4
722 8
723 17
724 428
725 6
728 682
729 36
730 434
731 427
732 575
733 167
734 88
735 346
736 36
737 141
738 683
739 6
739 185
740 9
740 191
741 7
741 183
742 160
743 0
743 39
744 440
745 12
745 182
746 160
747 319
749 241
750 570
751 440
752 384
753 7
753 530
754 4
754 647
755 460
756 293
757 499
758 241
758 749
760 2
760 161
761 356
761 496
762 544
763 582
764 515
765 353
766 234
767 121
768 214
769 479
770 387
771 85
772 65
773 745
774 2
774 635
775 60
776 477
777 207
778 76
779 658
780 1
780 690
781 59
782 523
784 140
784 172
785 8
785 411
786 686
787 122
788 4
788 9
789 580
790 121
790 160
791 722
792 5
792 214
793 571
795 597
796 1
796 5
796 6
796 7
796 8
797 128
798 610
799 6
800 0
800 3
800 4
801 643
802 253
803 192
804 165
804 208
805 702
806 2
806 167
807 553
808 0
808 404
809 8
809 262
810 8
811 141
812 105
813 463
814 196
815 6
815 501
816 224
817 307
818 0
818 615
819 8
819 549
820 90
820 171
821 498
822 701
823 187
823 239
824 182
825 320
826 2
826 6
827 6
828 106
829 133
830 238
831 6
831 44
832 288
833 112
834 57
835 0
835 2
835 6
835 7
836 474
837 425
838 44
839 515
840 3
840 40
841 179
842 404
843 66
843 89
844 403
845 656
846 546
847 6
848 462
850 699
851 75
852 549
852 819
853 77
853 195
854 254
855 131
856 769
857 516
858 702
859 5
859 262
860 502
861 172
862 755
863 2
863 53
864 330
865 31
865 229
866 702
867 387
868 6
868 10
868 529
869 837
870 157
871 83
873 154
874 390
875 622
876 282
877 591
878 712
879 430
880 666
881 814
882 102
883 309
884 331
885 389
886 266
887 152
887 160
888 550
889 543
890 840
891 337
892 39
893 267
894 9
894 96
895 255
896 161
897 38
898 143
899 768
900 405
901 661
902 329
903 0
903 77
904 89
905 867
906 158
907 90
908 178
909 846
910 281
911 478
912 663
913 478
914 67
915 252
917 145
918 905
919 595
920 762
921 735
922 563
923 902
924 457
925 668
926 690
926 780
927 558
928 387
929 825
930 6
930 685
931 846
932 73
933 867
934 143
935 169
936 698
937 275
938 65
939 581
940 620
941 474
942 1
942 9
942 474
943 640
944 387
945 34
946 119
947 123
949 420
950 474
951 105
952 5
952 6
952 796
953 840
954 799
955 666
956 262
956 859
957 409
958 474
959 709
960 218
961 623
962 837
963 548
964 37
965 9
965 647
966 742
968 280
969 382
970 6
970 7
971 316
972 932
973 77
973 125
974 274
975 861
976 702
978 19
980 574
981 614
982 606
983 796
984 52
985 7
985 753
986 251
987 40
987 666
988 376
989 938
990 38
991 181
992 731
993 413
994 225
995 454
996 474
997 4
997 8
998 596
999 267
