1 0
2 0
2 1
3 0
3 1
3 2
4 0
4 1
4 2
4 3
5 0
5 1
5 2
5 3
5 4
6 0
6 1
6 2
6 3
6 4
6 5
7 0
7 1
7 2
7 3
7 4
7 5
7 6
8 0
8 1
8 2
8 3
8 4
8 5
8 6
8 7
9 0
9 1
9 2
9 3
9 4
9 5
9 6
9 7
9 8
10 1
10 2
10 4
10 5
10 8
11 0
11 2
12 1
12 2
12 3
12 4
12 6
12 7
13 1
13 2
13 3
13 6
13 7
14 2
14 3
14 7
15 0
15 1
16 1
17 0
17 2
17 3
17 5
17 6
17 7
18 0
18 1
18 3
18 4
19 2
19 3
19 5
19 6
20 2
20 6
21 0
21 1
21 2
21 3
21 5
22 1
22 3
22 6
23 0
23 1
23 2
24 5
24 6
24 7
24 17
25 0
25 2
25 3
25 4
25 5
25 6
26 1
26 6
26 7
27 0
27 1
27 3
28 0
28 1
28 2
28 3
28 6
29 1
29 26
30 3
30 7
31 1
31 3
31 4
31 6
32 3
32 4
32 5
32 6
33 3
33 7
35 2
35 3
35 7
36 6
37 1
37 2
38 0
38 3
38 8
39 1
40 0
40 3
41 1
41 2
41 3
41 7
41 13
43 2
43 37
44 0
44 1
44 3
44 4
45 3
45 4
45 5
46 0
46 2
46 3
46 5
46 21
49 3
49 5
49 6
49 19
50 3
50 5
50 21
51 1
51 2
52 0
52 1
53 5
53 6
54 1
55 0
55 1
55 2
55 4
55 5
55 7
56 3
56 7
56 13
57 3
57 13
58 1
58 4
58 8
59 2
59 3
59 13
59 41
62 0
62 1
62 4
63 0
63 1
63 4
64 0
64 3
64 5
65 18
66 3
67 1
67 2
67 4
67 5
68 1
68 15
69 3
69 5
71 1
71 2
71 5
71 7
71 8
72 1
73 3
74 2
74 4
75 0
75 1
75 4
75 5
75 7
76 1
76 7
77 15
78 1
78 4
78 5
78 6
79 2
79 3
79 4
79 6
80 5
81 0
81 1
81 2
81 5
82 0
82 1
82 2
82 3
82 6
83 0
83 2
84 1
84 2
84 8
85 3
85 4
85 5
86 0
86 2
86 3
86 5
86 7
87 1
88 13
88 41
88 59
90 0
90 1
90 2
90 3
91 1
91 7
92 0
92 5
92 64
93 1
93 8
94 2
94 6
95 1
96 1
96 7
97 3
97 4
97 6
97 7
97 12
98 8
98 84
99 0
99 2
99 3
99 5
99 6
99 25
100 4
100 74
101 0
101 2
101 3
102 0
102 1
102 2
102 6
102 7
103 0
103 1
103 2
104 0
104 1
104 2
104 5
104 55
105 0
105 2
106 0
108 3
110 6
111 5
112 5
112 7
113 0
113 2
113 7
114 4
114 8
115 1
115 7
116 106
117 0
117 2
117 3
118 3
118 4
119 6
119 7
119 26
121 3
121 8
122 5
122 7
122 17
123 1
123 3
123 5
123 6
123 7
124 3
124 19
125 0
125 3
125 25
125 99
126 3
126 5
126 7
127 0
127 2
127 4
128 1
128 3
128 7
128 13
128 41
129 0
129 1
129 2
129 3
130 0
130 1
130 2
130 4
130 5
130 7
130 55
131 7
131 12
132 2
132 3
132 6
132 7
133 5
133 8
135 1
135 15
136 5
137 3
137 13
138 0
138 3
138 101
140 5
140 7
141 1
141 6
142 0
143 1
143 3
144 41
144 59
145 0
145 1
145 4
145 5
146 1
146 2
146 3
146 6
147 3
147 13
148 2
149 1
149 3
149 4
149 5
149 6
149 7
149 8
150 0
150 2
150 3
150 5
150 6
150 25
151 4
151 5
152 3
152 4
152 7
152 12
153 3
153 25
154 0
154 2
155 0
155 3
156 0
156 3
156 5
157 7
157 76
158 1
158 2
158 7
159 0
159 2
159 6
159 7
160 12
161 0
161 1
161 2
161 3
161 5
162 87
163 7
163 12
163 152
164 2
164 3
164 4
164 5
164 6
165 7
166 144
167 5
168 0
168 3
170 4
170 6
170 7
171 1
171 2
171 6
173 1
173 2
174 5
174 6
174 32
175 2
175 6
175 146
176 3
177 5
177 19
178 6
179 0
179 1
179 4
180 1
180 7
181 4
181 7
182 7
183 0
183 1
183 4
183 7
183 75
184 5
184 21
185 2
185 6
186 1
186 4
186 7
187 2
188 1
188 2
191 105
192 0
192 1
192 4
192 179
193 2
193 6
193 7
194 1
194 2
194 6
194 82
195 0
195 25
196 8
197 64
197 92
200 0
200 1
202 7
203 0
203 2
203 5
203 7
204 1
204 4
204 149
207 3
207 6
207 7
207 12
208 1
208 13
209 5
209 112
210 2
210 6
210 7
211 2
211 23
212 1
212 2
212 8
213 0
213 1
213 5
214 5
214 21
215 1
217 1
217 2
217 4
217 7
218 0
218 1
218 2
219 1
219 2
219 8
219 84
220 1
220 5
220 7
221 4
221 5
221 6
222 0
222 1
222 2
222 3
222 4
223 0
223 25
224 0
224 2
224 3
224 7
224 17
225 5
225 6
225 19
225 49
226 2
226 4
226 6
228 0
228 1
228 44
229 184
230 0
230 7
231 4
232 5
232 140
233 13
234 2
234 7
234 13
236 3
236 4
237 1
239 0
239 1
239 2
239 3
239 222
241 4
242 4
243 0
243 2
243 3
243 6
243 82
245 2
245 3
245 4
246 2
246 3
246 5
246 6
247 2
247 3
247 14
249 1
249 2
250 1
250 2
250 3
250 4
251 7
253 2
254 0
254 1
254 5
255 3
255 5
256 0
256 1
256 5
257 1
257 115
258 115
261 1
261 6
261 82
262 7
263 2
263 5
264 84
265 0
265 7
266 2
266 3
266 4
267 127
268 2
268 3
268 41
269 2
269 6
270 0
270 83
272 0
272 2
272 3
272 4
272 5
273 1
273 2
273 3
273 4
273 7
274 0
274 3
274 5
274 7
275 0
275 8
275 38
276 2
276 4
277 4
277 114
278 0
278 2
278 3
278 17
279 1
280 1
280 6
281 1
281 257
282 64
282 92
282 197
283 1
283 3
283 6
284 2
284 3
284 4
284 5
285 0
285 6
285 7
286 2
286 3
286 13
287 1
288 25
288 99
289 2
289 7
290 64
290 92
290 197
291 2
291 5
291 6
292 4
292 5
293 1
293 4
294 3
294 4
294 6
295 6
296 6
296 53
297 3
298 4
299 3
299 5
300 1
300 2
300 5
300 7
301 1
302 3
302 7
303 4
303 7
303 75
304 1
304 3
305 3
305 4
305 5
306 0
306 5
307 1
307 8
307 10
308 0
308 2
308 3
308 5
308 6
308 8
309 5
309 6
309 174
310 3
311 1
311 3
311 222
312 0
312 1
313 2
313 3
313 5
313 7
314 112
315 2
315 3
316 255
317 5
318 1
320 119
321 5
323 2
324 5
324 255
325 1
325 82
326 3
326 7
327 2
327 4
328 2
330 177
331 17
331 224
332 249
333 0
333 3
333 4
334 5
335 1
335 4
336 5
336 53
337 8
337 38
338 0
338 4
338 179
338 192
339 1
339 2
340 5
340 7
342 291
343 5
343 7
343 17
344 4
345 0
345 7
346 1
346 3
347 1
348 1
348 4
348 5
348 75
349 2
350 334
351 2
351 7
351 132
353 1
354 1
354 3
355 1
357 0
358 2
358 276
359 5
359 32
360 2
360 3
360 6
360 25
361 1
362 1
362 22
363 3
363 5
364 6
365 6
366 1
366 3
366 5
367 8
369 0
369 3
369 5
370 15
371 7
374 3
375 2
375 3
375 5
375 6
375 7
375 8
376 0
376 1
376 5
377 1
377 82
377 325
378 1
378 2
378 3
378 4
378 6
380 176
381 317
382 2
382 5
382 25
383 3
383 6
384 1
384 3
384 7
384 8
385 3
385 5
386 1
386 3
386 6
386 7
386 149
387 0
387 83
388 1
388 6
388 26
389 0
389 5
390 0
390 6
391 8
391 38
392 19
395 3
395 346
396 0
396 2
396 5
396 6
396 25
397 6
399 3
399 5
400 7
400 193
401 4
402 2
403 0
403 2
404 7
405 5
406 4
407 0
407 6
410 2
410 74
411 0
411 2
411 5
411 6
411 7
412 1
412 2
413 0
413 1
413 2
415 0
415 5
416 0
416 1
417 2
417 6
417 171
418 1
418 115
419 0
419 1
419 3
420 361
421 3
421 5
421 6
423 5
423 6
424 1
424 5
427 3
427 13
428 6
429 0
429 2
429 5
429 7
430 5
431 179
432 1
432 3
433 4
434 64
434 197
435 1
435 3
435 6
435 149
435 386
436 229
437 1
437 4
437 75
438 0
438 2
438 3
438 4
438 6
439 3
439 101
441 3
441 4
441 6
442 2
442 3
442 5
442 6
442 7
443 0
443 3
444 1
444 4
445 1
445 2
445 55
445 104
446 1
446 84
447 84
447 446
448 2
448 3
448 146
449 1
449 7
450 1
450 2
450 4
450 6
450 8
451 0
451 4
451 6
452 1
452 82
453 3
453 30
454 2
454 7
454 13
455 4
455 7
455 12
456 3
456 6
456 19
457 3
458 1
459 3
459 5
460 2
460 315
461 38
462 5
463 4
463 6
463 164
464 7
464 186
465 3
466 4
467 3
467 13
468 0
468 1
468 2
468 5
471 1
471 3
471 7
472 5
472 7
472 17
472 122
473 0
473 2
473 6
473 438
474 281
475 0
475 1
475 2
475 4
475 5
476 3
476 126
477 7
477 115
480 1
480 2
481 3
481 5
482 7
484 4
485 2
485 7
485 13
486 5
486 6
487 0
488 2
489 2
492 2
492 6
493 5
494 0
494 154
495 5
495 369
496 2
496 4
496 5
497 0
497 1
497 4
497 5
497 7
497 55
498 6
498 20
499 2
499 203
500 7
501 4
501 75
502 3
503 0
503 5
504 1
504 4
504 7
505 4
505 5
505 75
505 348
506 5
509 8
511 3
511 6
511 12
513 3
513 459
514 13
515 3
515 5
515 6
515 7
517 5
517 256
518 5
519 0
521 0
521 3
521 6
522 76
523 4
523 6
523 79
524 1
524 3
525 295
526 1
526 2
527 7
527 13
527 234
528 2
528 6
528 25
528 396
529 0
531 3
532 3
532 25
534 1
534 41
534 128
535 0
535 2
536 83
538 4
538 444
539 1
542 8
542 38
543 0
543 2
545 3
545 5
545 6
545 25
549 8
549 38
550 1
550 6
551 532
553 13
554 6
554 7
555 3
555 5
555 19
557 208
558 220
559 2
560 3
561 0
562 3
562 12
563 2
563 5
563 6
564 13
566 8
566 38
567 3
568 1
568 2
571 0
571 2
571 5
571 7
571 130
572 0
572 2
572 25
573 0
573 2
573 130
574 2
574 3
574 7
575 1
575 2
575 4
575 55
577 6
578 1
578 2
578 4
578 5
578 6
578 7
578 8
579 2
580 1
580 2
580 6
581 19
582 3
582 521
583 2
583 5
583 25
583 396
584 8
584 307
585 0
585 1
585 4
586 1
586 3
588 1
589 2
589 3
590 0
590 1
592 3
592 5
593 0
593 2
594 1
594 2
596 3
597 1
597 2
597 71
598 0
598 3
598 5
598 150
599 84
600 432
601 4
601 5
601 67
602 3
604 5
604 6
604 174
605 3
605 6
606 0
606 1
606 5
607 5
607 151
608 114
609 336
610 3
612 1
612 6
613 3
614 1
614 4
615 3
615 6
615 7
616 25
616 125
617 101
618 1
618 6
619 0
619 2
619 3
619 5
620 4
620 7
621 6
621 26
622 3
622 6
622 149
623 2
623 286
624 59
625 2
625 4
626 3
627 2
627 5
627 81
628 25
629 128
629 534
630 0
630 5
630 468
631 3
631 5
631 7
631 442
632 0
632 6
632 7
633 2
633 6
633 7
635 0
635 3
635 5
635 150
636 1
636 6
637 0
637 4
637 145
638 325
639 1
641 0
641 2
641 3
641 5
641 7
642 281
644 1
644 283
645 0
645 3
647 0
647 1
647 2
647 6
647 7
647 102
649 12
649 152
650 1
650 96
651 1
651 3
651 419
653 101
654 2
654 3
654 5
654 6
654 7
654 8
655 0
655 2
655 3
655 8
656 257
657 2
657 55
657 575
658 2
658 3
658 6
659 145
660 5
661 1
662 2
662 13
662 41
664 197
665 0
665 1
666 1
666 3
666 6
667 346
667 395
668 1
668 249
670 0
670 6
670 7
671 128
672 474
673 3
674 3
674 146
675 7
675 13
676 6
676 7
678 1
679 0
679 4
679 585
681 7
682 2
683 53
685 1
687 2
687 4
688 1
688 6
688 7
689 0
690 5
690 75
690 348
692 2
693 5
693 7
694 1
694 568
695 3
696 1
696 4
696 6
698 1
698 2
698 5
698 7
699 64
700 0
700 1
700 2
700 5
700 6
700 8
700 9
701 140
702 5
703 1
703 5
703 55
703 104
704 2
704 4
704 5
704 7
704 8
705 5
705 75
706 0
706 7
707 3
707 25
707 99
709 0
709 8
710 2
710 3
710 6
711 6
711 7
712 2
712 5
712 396
714 2
714 5
714 25
714 396
715 3
715 4
715 5
715 6
715 25
716 410
717 17
720 7
721 2
721 55
722 8
722 10
724 111
725 2
725 7
726 118
727 4
727 6
727 7
727 12
728 0
728 83
728 270
730 0
730 2
730 21
730 46
731 3
731 5
731 6
731 7
732 3
732 25
732 707
734 2
734 5
735 149
736 0
736 5
737 1
739 4
739 164
740 0
740 6
741 115
742 2
742 6
742 8
743 1
743 27
745 1
745 3
746 1
746 3
747 0
747 2
747 25
747 396
748 1
750 1
750 55
750 104
751 0
753 0
753 3
753 8
753 308
754 233
755 0
755 75
756 5
756 6
756 7
756 8
757 2
758 3
759 84
760 4
760 8
761 0
761 1
761 6
761 7
763 330
764 1
764 2
764 3
766 3
767 59
768 4
769 5
770 2
770 3
770 7
770 13
771 0
771 2
771 3
771 90
772 0
772 3
773 3
773 302
775 1
775 3
776 7
776 149
777 2
777 8
778 13
780 6
780 25
781 0
781 7
782 3
782 5
782 7
783 1
783 3
783 5
784 1
784 6
787 1
788 0
788 2
788 3
788 5
790 3
791 1
792 2
793 1
793 3
794 1
795 488
796 0
796 1
796 2
796 3
796 7
799 1
799 2
799 3
800 3
801 2
802 3
802 5
802 150
803 5
804 140
804 232
806 1
806 6
806 261
808 1
809 7
810 0
810 2
810 3
810 6
810 7
811 1
811 8
811 307
813 0
813 1
814 0
814 5
815 0
815 4
816 0
816 8
817 4
817 6
817 7
818 1
819 2
819 5
821 193
822 453
823 5
823 468
824 131
825 0
825 6
825 670
826 2
826 5
826 396
826 583
827 6
827 79
829 1
829 3
829 8
830 3
830 7
831 7
832 1
832 75
833 1
833 10
834 3
835 82
836 149
837 275
838 54
839 4
839 5
839 292
840 3
840 4
841 2
841 7
841 35
842 6
843 3
843 6
844 0
844 2
844 21
845 4
845 55
846 4
846 145
846 637
847 71
847 597
849 0
849 521
852 0
854 0
854 2
855 1
855 2
855 3
855 5
855 6
855 8
855 9
856 644
857 3
858 0
858 2
858 17
860 482
861 0
861 1
861 2
861 5
861 7
862 12
863 1
863 8
864 6
864 7
864 149
865 5
865 518
867 270
867 728
868 5
868 583
868 826
870 1
870 192
871 41
872 1
872 2
872 4
872 5
872 7
872 55
873 3
874 0
874 2
874 3
874 21
875 3
875 5
876 501
877 7
878 1
878 2
878 8
878 84
879 2
880 2
880 5
880 7
881 1
881 432
882 0
882 6
882 7
883 4
883 437
884 6
884 193
885 1
885 3
886 1
888 0
888 665
889 0
889 2
889 21
890 74
890 410
891 21
892 0
892 4
892 6
893 0
893 679
894 6
895 3
895 41
895 268
897 6
899 6
899 633
901 6
901 7
902 4
903 2
903 489
904 4
905 1
905 5
905 6
905 8
905 9
906 4
906 6
906 378
908 0
908 6
908 761
909 4
909 75
910 4
910 164
911 1
911 2
911 7
912 5
913 0
913 2
913 3
913 5
913 6
914 1
914 4
915 5
916 1
917 3
917 7
917 12
918 5
918 517
919 0
919 4
919 7
919 55
920 0
920 2
920 5
920 641
921 5
921 21
922 1
922 75
923 1
923 3
924 1
924 2
924 3
924 4
924 5
924 6
924 7
924 8
925 0
925 7
926 0
926 1
926 2
926 3
926 4
927 2
927 5
927 6
927 9
928 4
928 5
928 7
929 0
929 1
929 3
929 4
929 5
930 2
930 5
930 6
931 0
931 130
931 573
932 908
933 0
933 2
933 3
934 1
935 6
936 5
936 7
937 4
937 6
938 75
938 690
939 1
939 2
939 5
940 0
940 2
940 3
940 6
940 243
941 3
941 4
941 7
941 12
941 97
942 1
942 4
942 5
942 55
942 497
943 1
943 5
944 0
944 243
944 940
945 6
945 49
946 0
946 4
946 7
948 5
949 0
949 3
949 771
950 3
951 2
952 4
952 114
953 0
953 3
953 5
954 8
954 275
955 4
955 5
955 6
955 8
955 149
957 0
957 1
957 2
957 5
958 5
959 6
960 1
961 2
961 714
962 2
964 75
964 690
966 2
966 3
967 1
967 2
967 3
969 3
969 5
969 6
969 545
970 0
972 5
972 6
972 49
973 2
973 41
975 0
975 2
975 3
975 222
976 2
977 386
978 7
978 8
978 384
979 1
979 2
979 3
979 8
979 924
980 633
980 899
982 186
983 146
984 2
984 6
985 2
985 21
986 4
986 5
987 0
987 6
987 7
989 0
989 2
989 3
989 5
989 6
989 17
990 0
990 3
990 308
991 0
991 2
991 655
992 5
992 19
993 1
993 3
993 7
993 149
994 3
994 6
994 7
995 7
995 12
997 2
997 4
997 5
998 1
999 1
999 3
