1 0
2 0
2 1
3 0
3 1
3 2
4 0
4 1
4 2
4 3
5 0
5 1
5 2
5 3
5 4
6 0
6 1
6 2
6 3
6 4
6 5
7 0
7 1
7 2
7 3
7 4
7 5
7 6
8 0
8 1
8 2
8 3
8 4
8 5
8 6
8 7
9 0
9 1
9 2
9 3
9 4
9 5
9 6
9 7
9 8
10 0
10 1
10 2
10 4
10 5
10 6
11 0
11 2
12 0
12 1
12 2
12 3
12 4
12 5
13 0
13 1
13 2
13 3
13 4
13 5
13 7
13 9
14 0
14 1
14 2
14 4
15 0
15 4
16 0
16 1
16 2
16 3
16 5
16 7
16 9
16 13
17 0
17 1
17 2
17 3
17 4
18 0
18 2
18 4
18 6
18 10
19 2
19 3
19 4
19 5
19 6
19 8
19 9
20 0
20 1
20 2
20 3
20 4
20 7
21 0
21 1
21 2
21 3
21 5
21 6
22 0
22 1
22 2
22 3
22 5
23 0
23 2
23 3
23 4
23 5
24 1
24 3
24 4
24 5
24 12
25 4
25 15
26 0
26 1
26 2
26 3
26 17
27 0
27 1
27 2
27 3
27 4
27 5
27 7
28 1
28 2
28 3
28 4
28 5
28 7
28 9
29 0
29 6
29 10
30 1
30 2
30 4
31 0
31 2
31 4
31 10
31 18
32 0
32 2
32 3
32 4
32 5
32 6
32 7
33 0
33 1
33 3
33 4
33 5
34 0
34 2
34 3
34 4
34 23
35 0
35 1
35 3
35 4
35 5
36 1
36 2
36 3
36 5
36 7
36 9
36 13
37 0
37 1
37 2
37 3
37 5
37 7
37 13
38 0
38 1
38 2
38 4
38 6
39 0
39 2
39 4
39 5
40 0
40 1
40 2
40 3
40 4
40 7
40 9
40 13
41 0
41 1
41 2
41 3
41 5
41 6
41 8
42 0
42 4
42 39
43 0
43 1
43 2
43 5
43 6
43 8
43 41
44 0
44 2
44 4
44 5
44 6
45 0
45 2
45 5
45 6
46 2
46 3
46 4
47 2
47 3
47 4
47 5
47 6
47 7
48 0
48 4
48 6
48 10
49 0
49 1
49 2
49 3
49 5
49 6
50 0
50 3
50 5
51 1
51 3
51 4
51 5
51 7
51 9
51 28
52 1
52 2
52 3
52 4
52 7
52 9
53 1
53 2
53 3
53 5
54 1
54 2
54 3
54 5
54 7
54 13
55 1
55 2
56 4
56 7
56 9
56 52
57 1
57 3
57 4
57 5
58 1
58 2
58 3
59 4
59 39
60 3
60 4
60 5
61 2
62 0
62 4
62 6
63 1
63 2
63 3
63 4
63 7
63 9
63 13
63 40
64 0
64 2
64 6
64 21
65 0
65 1
65 2
66 2
66 6
66 45
67 1
67 4
67 5
67 7
67 51
68 0
68 3
68 4
68 5
68 6
68 7
69 0
69 2
69 4
69 5
69 7
69 9
69 13
70 0
70 1
70 2
70 5
70 6
70 21
71 0
71 1
71 3
71 4
72 0
72 1
72 2
72 3
72 7
72 13
73 3
73 5
73 7
73 13
73 54
74 2
74 3
74 5
74 6
74 8
74 41
75 4
75 5
75 7
75 9
75 28
75 51
76 1
76 2
76 5
76 7
76 9
76 13
76 36
77 1
77 2
77 3
77 5
77 7
77 9
77 28
78 0
78 1
78 2
78 3
78 4
78 7
79 1
79 3
79 5
79 13
80 39
81 1
81 5
81 7
81 9
81 28
82 1
83 0
83 1
83 2
83 3
84 0
84 2
84 3
84 5
84 6
85 0
85 1
85 2
85 3
85 5
85 7
85 9
85 13
86 1
86 4
87 0
87 5
87 6
88 1
88 2
88 3
88 17
89 5
90 2
90 3
90 4
90 5
90 6
90 9
91 0
91 1
91 2
91 6
91 49
92 0
92 4
92 5
92 6
92 7
93 0
93 2
93 3
94 0
94 2
94 3
94 5
94 6
94 41
95 4
95 5
95 7
95 9
95 51
95 75
96 3
96 4
96 5
96 6
96 7
96 68
97 0
97 1
97 2
97 3
97 4
97 5
97 6
97 7
97 9
98 1
98 2
98 3
98 5
98 6
98 7
99 1
99 2
99 3
99 4
99 5
99 7
99 8
99 9
100 4
100 5
100 7
100 9
100 75
101 0
101 1
101 4
101 5
102 1
102 3
102 5
102 7
102 9
102 28
103 0
103 3
103 4
103 6
103 7
104 5
104 7
104 9
104 51
105 0
105 2
105 4
105 5
105 23
106 1
106 5
106 7
106 9
106 13
107 1
108 0
108 2
108 4
108 6
108 7
109 2
109 11
110 1
110 3
110 5
111 0
111 4
111 5
111 6
112 0
112 2
112 4
112 5
112 7
112 13
112 69
113 5
113 7
113 28
113 51
114 0
114 3
114 4
114 5
114 6
115 1
115 2
115 3
115 17
115 26
116 0
116 1
116 2
116 3
116 4
116 5
116 6
116 7
117 2
117 3
117 17
118 0
118 2
118 3
119 4
119 7
119 9
120 0
120 3
120 4
120 7
121 1
121 2
121 3
121 53
122 0
122 3
122 4
123 1
123 2
123 3
123 4
123 5
123 9
123 28
124 0
124 6
124 10
125 1
125 3
125 4
125 12
126 0
126 1
126 2
126 5
126 21
126 70
127 0
127 3
127 4
127 5
127 114
128 45
129 1
129 3
129 5
129 7
129 9
129 102
130 0
130 1
130 4
130 5
131 0
131 5
131 6
132 0
132 3
132 5
132 6
132 7
132 68
133 0
133 6
134 1
134 3
134 5
134 9
134 28
135 1
135 3
135 5
135 7
135 28
135 51
136 0
136 2
136 3
136 4
137 0
137 2
137 4
137 6
138 0
138 1
138 2
138 3
138 6
138 49
139 1
139 5
139 7
139 51
140 2
141 2
141 109
142 1
142 2
142 3
142 4
142 9
142 13
143 1
143 4
143 5
143 7
144 0
144 4
144 5
145 4
145 5
145 51
145 75
145 95
146 1
146 3
146 4
146 9
146 28
147 0
147 2
147 3
147 4
147 7
148 0
148 2
148 3
148 83
149 0
149 3
149 83
150 1
150 2
150 3
150 4
150 13
151 1
151 2
151 3
152 4
152 5
152 51
152 75
152 145
153 1
153 4
153 30
154 3
154 4
155 0
155 2
155 3
155 4
155 5
155 6
155 7
155 8
155 9
156 4
156 5
156 60
157 2
157 3
157 148
158 7
158 9
158 28
158 51
158 75
159 0
159 1
159 2
159 3
160 0
161 0
161 5
161 6
161 7
162 0
162 4
162 5
162 7
162 13
162 69
163 0
163 1
163 2
163 4
163 5
163 6
164 0
164 2
164 4
164 5
164 6
164 7
165 0
165 1
165 5
165 33
166 0
166 2
166 5
166 39
167 0
167 2
168 1
168 3
168 5
168 7
168 102
169 3
169 4
169 7
170 0
170 39
170 42
171 0
171 2
171 3
171 4
171 5
171 7
171 9
172 2
172 4
172 10
172 18
172 31
173 1
173 2
173 3
173 4
173 7
173 9
173 13
174 9
174 28
174 51
174 75
175 0
175 1
175 3
175 4
175 5
175 7
175 9
176 0
176 2
176 5
176 6
176 7
177 0
177 1
177 2
177 5
177 21
177 70
178 2
178 3
178 5
178 6
178 41
179 1
179 2
179 3
179 4
179 5
179 6
179 7
179 9
179 97
180 1
180 2
180 3
180 4
180 7
180 9
180 52
181 1
181 3
181 5
181 7
181 9
182 2
182 3
182 5
182 53
183 0
183 1
183 6
183 41
183 43
184 1
184 2
184 3
184 5
184 6
184 8
185 0
185 2
185 5
185 7
185 9
185 13
185 85
186 2
186 4
186 10
186 18
186 31
187 2
187 5
187 53
188 2
188 3
188 5
188 6
188 90
189 4
189 5
189 7
189 51
189 75
190 3
190 4
190 5
190 7
190 9
190 28
191 3
191 4
191 5
191 6
192 1
192 2
192 5
192 21
192 70
193 1
193 7
193 9
193 13
193 106
194 0
194 1
194 2
195 0
195 2
195 5
195 6
195 84
196 0
196 4
196 5
196 6
196 44
197 0
197 6
197 7
197 161
198 11
198 109
199 0
199 5
199 7
199 13
199 69
200 0
200 3
200 4
200 71
201 3
201 4
201 7
201 120
202 0
202 1
202 4
202 6
203 2
203 3
203 53
204 3
204 5
204 7
204 9
204 28
204 51
205 0
205 2
205 3
205 5
206 2
206 3
206 4
206 136
207 0
207 3
207 5
207 6
207 7
207 132
209 1
209 5
210 2
210 3
210 5
210 6
210 84
211 0
211 4
211 10
211 48
212 4
212 10
212 31
212 172
213 1
213 4
213 9
214 0
214 5
214 111
215 1
215 2
215 5
215 6
216 0
216 3
216 4
216 23
217 0
217 1
217 3
217 4
217 7
218 1
218 5
218 7
218 9
218 28
219 0
219 1
219 2
220 1
220 2
220 3
220 5
220 9
220 13
221 5
221 7
221 13
221 199
222 0
222 1
222 2
222 49
222 138
223 0
223 3
224 3
224 4
224 6
225 0
225 3
225 4
225 5
225 6
225 8
225 9
226 4
226 31
226 172
227 0
227 3
227 71
228 1
228 7
228 9
228 13
228 106
229 1
229 2
229 5
229 6
229 21
230 0
230 1
230 2
230 5
230 7
230 13
230 37
231 0
231 1
231 2
231 3
231 4
231 6
231 7
232 0
232 3
232 4
232 5
232 7
233 1
233 3
233 4
233 7
233 9
233 13
233 40
234 0
234 2
234 3
234 4
234 6
234 7
235 0
235 2
235 3
235 4
235 5
236 0
236 2
236 7
236 9
236 85
237 4
237 10
237 172
238 4
238 5
238 7
238 9
238 51
239 1
240 3
240 4
240 7
240 9
240 13
240 40
241 3
241 4
241 5
241 9
241 28
242 1
242 2
242 3
242 4
242 7
243 0
243 2
243 4
243 7
243 147
244 2
244 4
244 10
244 31
245 0
245 2
245 4
245 6
245 18
246 0
246 1
246 2
246 49
246 222
247 3
247 4
247 5
247 6
247 9
248 0
248 4
248 6
248 202
249 0
249 1
249 2
249 5
249 230
250 1
250 3
250 7
250 102
250 129
251 1
251 3
251 4
251 5
251 7
251 28
252 1
252 4
252 9
252 146
253 0
253 3
253 7
253 120
254 1
254 4
254 7
254 9
255 0
255 3
255 4
255 5
255 114
256 0
256 3
256 4
257 0
257 3
257 4
257 5
257 7
257 9
257 171
258 1
258 7
258 9
258 102
259 2
259 3
259 83
260 0
260 3
260 4
260 5
260 114
261 2
261 3
261 93
262 1
262 2
262 5
262 21
262 192
263 2
263 3
263 5
264 0
264 2
264 3
264 4
264 5
264 6
265 0
265 2
265 5
265 7
265 9
265 13
266 5
266 7
266 9
266 51
267 0
267 5
267 7
267 9
267 13
267 85
267 185
268 2
268 45
269 0
269 6
270 4
270 5
270 9
270 51
271 2
272 2
272 4
272 6
272 18
272 245
273 1
273 3
273 5
273 28
274 0
274 3
274 6
274 103
275 0
275 1
275 3
275 4
275 6
275 7
275 231
276 0
276 1
276 2
276 4
276 6
277 0
277 2
277 5
277 6
278 0
278 1
278 5
279 0
279 1
279 3
279 4
279 5
279 6
280 7
280 9
280 28
280 51
281 4
281 5
281 9
281 51
281 75
281 95
282 1
282 2
282 3
282 7
282 9
282 13
282 36
283 7
283 9
283 28
283 51
284 0
284 2
284 5
284 6
285 1
285 3
285 7
285 9
285 13
285 36
286 10
287 1
287 9
287 28
288 0
288 4
288 5
288 7
289 3
289 5
289 6
289 9
290 1
290 3
290 13
290 150
291 2
291 53
292 2
292 4
292 5
292 23
293 0
293 3
294 0
294 6
294 21
295 3
295 5
295 53
295 182
296 0
296 5
296 7
296 13
296 69
297 5
297 53
298 3
298 154
299 5
299 9
299 266
300 1
300 2
300 3
300 4
300 9
301 1
301 2
301 5
301 7
301 9
301 13
301 36
302 2
302 3
302 4
302 7
302 9
302 13
302 173
303 0
303 1
303 2
303 4
303 5
304 1
304 2
305 0
305 293
306 4
307 4
307 5
308 2
308 10
308 18
308 31
309 1
309 3
309 5
310 1
310 2
310 4
310 5
310 6
310 7
310 9
310 97
311 1
311 4
311 9
311 28
312 0
312 4
312 111
313 2
313 3
313 7
313 9
314 1
314 2
314 3
314 4
314 7
314 9
314 180
315 3
315 4
315 120
315 201
316 0
316 2
316 5
316 6
317 4
317 5
317 114
317 127
318 2
318 3
318 5
319 4
319 95
319 145
320 2
320 3
320 83
321 7
321 169
322 1
322 3
322 4
322 5
322 7
322 8
323 3
323 17
324 0
324 2
324 4
324 5
324 9
324 13
324 69
325 1
325 5
325 28
325 273
326 0
326 5
326 7
326 69
327 1
327 2
327 3
327 26
328 2
328 5
328 7
328 13
328 36
328 76
329 0
329 3
329 4
329 5
329 6
330 0
330 23
331 5
331 9
331 51
332 0
332 1
332 2
332 4
332 5
332 6
332 7
332 9
333 1
333 2
333 4
333 5
333 7
333 9
335 2
336 9
336 28
336 51
337 0
337 1
337 2
337 3
337 4
337 5
337 6
337 8
338 1
338 3
338 28
338 134
339 0
339 1
339 2
339 4
339 5
339 7
340 3
340 5
340 6
340 7
340 68
341 2
341 3
341 5
341 6
341 7
341 32
342 1
342 3
342 4
342 7
342 9
342 40
343 4
343 5
343 51
344 1
344 2
344 3
344 5
344 7
345 1
345 2
345 3
345 5
345 6
345 9
346 0
346 1
346 3
346 4
346 175
347 2
347 18
347 31
348 293
349 3
349 7
349 9
350 1
350 2
350 7
350 9
350 13
350 76
351 0
351 1
351 3
351 5
352 4
352 7
352 9
352 51
352 75
353 3
353 5
353 9
353 289
354 2
354 4
354 23
355 0
355 1
355 3
355 4
355 346
356 1
356 2
356 3
356 4
356 7
356 9
357 1
357 2
357 3
357 5
358 4
358 9
358 51
359 0
359 42
359 170
360 9
360 51
361 0
361 4
361 6
361 7
362 1
362 2
362 3
362 7
362 9
363 0
363 2
363 7
363 13
363 69
363 112
364 28
364 287
365 0
365 1
365 2
365 3
365 6
366 2
366 3
366 4
367 0
367 4
367 6
368 0
368 2
368 3
368 4
368 5
368 7
369 0
369 1
369 2
369 4
370 0
370 2
370 4
370 5
370 6
370 8
370 9
370 155
371 2
371 5
371 6
372 3
372 4
372 46
373 0
373 2
373 3
373 4
373 5
373 6
374 4
374 5
374 51
374 75
374 145
375 0
375 2
375 3
375 4
375 5
376 1
376 2
376 222
376 246
377 2
377 3
377 6
377 8
377 41
377 74
378 1
378 9
378 13
378 106
379 0
379 2
379 5
379 70
380 0
380 3
380 5
380 7
380 9
380 13
381 2
381 5
381 6
381 7
381 341
382 0
382 39
382 170
383 3
383 7
383 9
383 13
383 36
383 285
384 2
384 5
384 6
384 7
384 176
385 1
385 2
385 3
385 4
385 28
385 123
386 0
386 7
386 9
386 13
386 85
386 185
386 267
387 1
387 2
387 3
387 9
387 13
387 36
387 282
388 11
388 198
389 5
389 297
390 1
390 2
390 3
390 7
390 9
390 13
391 0
391 1
391 3
391 4
391 5
391 6
391 8
392 1
392 2
392 3
392 5
392 9
393 2
393 3
393 4
393 5
394 3
394 4
394 5
394 28
395 4
395 5
395 7
395 9
395 238
396 0
396 2
396 5
396 6
396 41
397 0
397 3
397 4
398 4
398 5
398 156
399 9
399 51
399 75
400 1
401 0
401 1
401 2
401 49
402 1
402 2
402 3
402 13
403 2
403 3
403 9
403 13
403 36
403 282
404 2
404 3
404 4
404 5
404 7
404 9
405 2
405 5
405 6
405 277
406 1
406 5
406 7
406 28
407 0
407 2
407 7
407 13
407 112
407 363
408 0
408 3
408 4
409 1
409 3
409 7
409 9
409 13
409 36
409 282
410 1
410 2
410 3
410 7
410 13
410 72
411 0
411 5
411 7
411 288
412 1
412 3
412 4
412 9
412 13
413 1
413 3
413 4
413 6
413 7
413 231
413 275
414 0
414 2
414 6
414 41
414 396
415 1
415 2
415 3
415 4
415 9
415 173
416 4
416 127
417 4
417 5
417 28
418 9
418 28
418 51
419 2
419 3
419 5
419 357
420 0
420 1
420 222
420 246
421 1
421 3
421 4
421 6
421 231
421 275
422 0
422 1
422 2
422 3
422 4
422 78
423 2
423 4
423 5
423 7
423 9
423 333
424 1
424 2
424 65
425 2
425 3
426 1
426 4
426 5
426 7
426 28
426 51
427 1
427 3
427 17
428 0
428 2
428 4
428 6
429 0
429 6
429 202
429 248
430 0
430 223
431 1
431 3
431 7
431 9
431 36
431 282
432 0
432 2
432 4
432 5
432 9
432 69
433 0
433 1
433 2
433 3
433 7
433 9
433 13
433 40
434 3
434 7
434 9
434 36
434 282
434 431
435 1
435 2
435 4
435 5
435 7
435 9
435 28
436 0
436 3
436 4
437 1
437 4
437 5
437 28
437 51
437 426
438 0
438 1
438 2
438 3
438 4
438 5
438 7
438 8
439 7
440 2
440 5
440 7
440 32
441 1
441 3
441 7
441 9
441 28
442 0
442 2
442 5
442 6
442 7
442 164
443 0
443 2
443 5
443 7
443 164
443 442
444 1
444 2
444 4
444 5
444 7
444 97
445 1
445 28
445 273
445 325
446 5
447 0
447 3
447 4
447 5
447 6
447 8
448 2
448 3
448 357
448 419
449 0
449 3
449 4
449 136
450 0
450 1
450 3
450 4
450 35
451 1
451 2
451 3
451 5
451 6
451 7
451 8
452 1
452 3
452 7
452 129
453 0
453 2
453 3
453 5
453 6
453 7
453 8
454 0
454 2
454 3
454 6
454 264
455 1
455 5
455 24
456 0
456 3
456 397
457 3
457 4
457 5
457 6
457 247
458 1
458 5
458 7
458 9
458 106
459 2
459 3
459 5
459 6
460 0
460 2
460 7
460 13
460 112
460 407
461 3
461 83
461 149
462 0
462 2
462 4
462 5
462 6
462 7
462 9
462 97
463 1
463 5
463 9
463 102
464 1
464 2
464 5
464 344
465 3
465 5
465 7
465 9
465 404
466 0
466 2
466 7
466 13
466 112
467 1
467 2
467 3
467 5
467 7
467 9
468 1
468 2
468 3
468 4
468 7
469 1
469 3
469 9
469 13
469 36
470 0
470 5
470 6
471 1
471 3
471 7
471 9
472 0
472 2
472 3
472 8
473 0
473 2
473 3
473 4
473 5
473 7
473 9
474 2
474 3
474 6
474 8
474 41
475 5
475 7
475 69
476 31
477 2
477 6
478 4
478 5
478 238
479 1
479 2
479 3
479 7
480 2
480 4
480 5
480 7
480 9
480 423
481 1
481 5
481 9
481 28
481 77
482 2
482 3
482 4
482 9
482 13
482 142
483 0
483 2
483 5
484 2
484 5
484 357
485 1
485 3
485 5
485 7
485 9
486 4
486 6
486 231
486 275
486 421
487 3
487 4
487 5
487 12
487 24
488 0
488 2
488 3
488 4
488 7
488 368
489 0
489 3
489 4
489 5
490 0
490 2
490 5
490 7
490 442
490 443
491 0
491 1
491 2
491 3
491 4
491 422
492 0
492 2
492 7
492 147
492 243
493 5
493 7
493 9
493 28
493 218
494 0
494 2
494 5
494 379
495 0
495 1
495 3
495 4
495 5
495 6
495 8
496 0
496 3
496 4
496 200
497 1
497 7
497 51
498 2
498 3
498 7
499 0
499 3
499 4
499 5
499 6
499 7
499 32
500 3
500 4
500 5
501 0
501 1
501 2
501 4
502 4
502 202
503 3
503 7
503 13
503 54
503 73
504 0
504 2
504 4
505 2
505 3
505 46
506 0
506 5
506 7
506 13
506 69
507 1
507 9
507 13
508 0
508 1
508 2
508 3
509 1
509 2
509 3
509 7
509 9
509 13
510 6
510 7
510 161
510 197
511 1
511 2
511 3
511 7
511 9
511 390
512 3
512 5
512 7
512 28
513 1
513 5
513 139
514 1
514 2
514 3
514 13
514 72
514 410
515 5
515 9
515 102
515 463
516 5
516 7
516 9
516 28
516 493
517 1
517 3
517 5
517 7
517 9
518 3
518 4
518 5
518 6
519 0
519 4
519 5
519 114
519 260
520 1
520 3
520 4
520 28
520 123
521 0
521 1
521 2
521 5
521 6
522 1
522 7
522 102
523 1
523 2
523 3
523 13
523 72
523 514
524 2
524 3
524 4
525 1
525 3
525 5
525 351
526 2
526 4
526 5
526 333
527 0
527 83
528 42
528 170
528 359
529 0
529 7
529 9
529 85
530 1
530 13
531 0
531 2
531 4
531 8
531 9
531 155
532 9
533 5
533 51
534 1
534 2
534 5
534 7
534 9
534 36
535 7
535 13
535 85
535 185
535 267
536 0
536 2
536 3
536 4
536 7
537 2
537 3
537 13
537 72
538 3
538 4
538 7
538 173
538 302
539 1
539 2
539 3
539 5
539 6
540 3
540 5
540 7
540 28
540 51
541 0
541 4
541 7
541 13
541 69
542 0
542 3
542 5
542 7
542 9
542 13
543 0
543 4
543 5
543 44
544 1
544 2
544 9
544 28
544 435
545 1
545 4
545 6
546 3
546 7
546 13
546 54
547 0
547 1
547 2
547 3
547 5
547 7
548 3
548 4
548 5
548 489
549 1
549 2
549 3
549 5
549 7
549 13
549 16
550 3
550 4
550 5
550 7
550 232
551 3
551 261
552 2
552 4
552 5
552 6
552 7
552 9
552 97
552 310
553 1
553 9
553 102
554 5
554 6
554 9
555 4
555 5
555 75
555 145
555 152
556 5
556 7
556 9
556 28
557 1
557 3
558 1
558 2
558 7
559 3
559 4
559 6
559 9
560 0
560 2
560 3
560 5
560 6
560 7
562 1
562 3
562 5
562 6
562 7
562 8
562 451
563 1
563 2
563 3
563 6
564 2
564 5
564 6
564 384
565 1
565 3
565 5
565 9
565 102
566 2
566 4
566 6
566 9
566 90
567 0
567 3
567 71
567 200
568 0
568 5
568 164
569 0
569 1
569 2
569 7
570 0
570 1
570 49
570 401
571 0
571 3
571 397
572 1
572 5
572 7
572 9
572 28
573 0
573 9
573 13
573 85
573 185
573 267
574 2
574 5
574 7
574 9
574 28
574 435
575 1
575 2
575 4
575 7
575 9
575 435
576 0
576 2
576 4
576 5
576 6
576 7
576 9
576 332
577 2
577 3
577 5
577 8
577 41
578 0
578 2
578 4
578 8
578 155
579 7
579 9
579 13
579 85
579 185
579 267
579 386
580 3
580 4
580 46
581 6
581 269
582 0
582 5
582 6
582 7
582 9
582 97
582 462
583 3
583 5
583 7
583 28
583 51
584 0
584 5
584 6
584 7
584 9
584 462
585 0
585 3
585 7
586 4
586 5
586 51
586 75
587 0
587 3
587 4
587 6
587 8
588 4
588 10
589 1
589 3
589 4
589 7
589 231
589 413
590 2
590 3
590 4
590 9
590 13
590 302
591 4
591 5
591 6
591 9
592 2
592 53
592 203
593 0
593 2
593 6
594 2
594 3
595 0
595 1
595 3
595 4
596 3
596 5
596 6
596 7
596 8
597 0
597 4
597 436
598 0
598 1
598 2
598 5
598 21
599 2
599 5
599 70
599 192
600 0
600 2
600 3
600 508
601 3
601 357
601 419
602 2
602 6
602 593
603 0
603 3
603 5
603 7
603 32
604 2
604 6
604 8
604 41
605 0
605 1
605 3
605 4
605 595
606 9
607 7
607 28
607 435
608 0
608 1
608 3
608 4
608 5
608 6
608 8
608 337
610 1
610 2
610 3
610 4
610 78
610 422
611 0
611 3
611 5
611 6
611 7
611 32
611 499
612 0
612 2
612 4
612 6
612 18
613 0
613 4
613 5
613 6
614 9
614 51
615 0
615 2
615 3
615 4
615 5
615 6
615 116
616 0
616 1
616 2
616 5
616 13
617 0
617 3
617 32
618 2
618 3
618 118
619 0
619 3
620 1
620 4
620 5
620 28
621 2
621 5
621 6
621 215
622 2
622 7
622 13
622 112
622 407
622 460
623 0
623 2
623 7
623 13
623 69
623 112
624 2
624 5
625 1
625 2
625 7
625 9
625 13
625 36
625 76
626 0
626 1
626 4
626 5
626 6
627 2
627 3
627 9
627 13
627 36
627 282
627 387
628 1
628 4
628 6
629 0
629 1
629 3
629 6
629 365
630 4
630 5
630 13
630 69
631 1
631 5
631 21
631 70
631 192
632 7
632 161
632 197
633 0
633 3
633 120
633 253
634 3
634 7
634 9
635 2
635 7
635 9
635 85
636 1
636 2
636 3
636 9
636 36
636 282
636 387
637 2
637 5
637 7
637 9
637 28
637 574
638 0
638 3
638 5
638 7
638 32
638 499
639 1
639 2
639 5
639 7
639 13
639 36
640 2
640 4
640 6
640 10
641 2
641 5
641 7
641 341
642 1
642 4
642 28
642 123
643 0
643 1
643 2
643 4
643 5
643 6
643 7
644 2
644 6
644 21
644 64
645 1
645 3
646 28
646 435
646 607
647 1
647 2
647 7
647 13
648 2
648 3
648 13
649 3
649 5
649 9
649 28
650 2
650 5
650 7
650 9
650 13
650 36
650 76
651 3
651 83
652 0
652 2
652 3
652 6
652 41
653 3
653 4
653 5
653 6
654 1
654 7
654 106
654 228
655 0
655 1
655 2
655 4
655 5
656 3
656 4
656 136
657 2
657 5
657 9
657 13
657 36
658 0
658 3
658 4
658 5
658 7
659 31
659 172
660 1
660 2
660 3
660 6
660 7
661 1
661 3
661 5
661 6
661 98
662 9
662 13
662 507
663 2
663 357
663 484
664 0
664 5
665 0
665 4
665 5
665 114
665 519
666 7
666 51
666 280
667 2
667 17
668 0
668 5
668 13
668 85
669 5
669 6
669 7
669 9
669 97
669 310
670 1
670 2
670 3
671 1
671 3
671 4
671 5
671 7
671 9
671 99
672 1
672 3
672 13
673 2
673 3
673 4
673 6
673 8
673 9
673 19
674 1
674 2
674 4
675 0
675 4
675 5
675 6
676 1
676 2
676 7
676 13
677 3
677 5
677 9
677 404
677 465
678 0
678 2
678 5
678 443
679 3
679 7
680 3
680 9
680 36
680 282
680 431
681 2
681 4
681 28
681 123
681 385
682 0
682 1
682 2
682 3
682 7
683 1
683 5
683 24
683 455
684 0
684 1
684 4
684 5
684 6
684 7
684 643
685 0
685 1
685 3
685 5
685 6
685 8
686 7
686 635
687 6
687 545
688 2
688 3
689 0
689 2
690 5
690 9
690 289
690 353
691 7
691 129
691 452
692 0
692 3
692 5
692 6
692 7
692 207
693 3
693 5
694 0
694 3
694 7
695 0
695 1
695 3
695 5
695 6
695 279
696 2
696 3
696 5
696 6
696 7
697 1
697 102
697 553
698 1
698 2
698 3
698 4
699 0
699 2
699 3
699 4
699 6
699 116
700 42
700 170
701 0
701 2
701 5
701 284
702 0
702 2
702 5
702 6
702 7
702 9
702 576
703 4
704 5
704 9
705 1
705 9
705 28
705 77
706 0
706 1
706 5
707 0
707 4
707 8
707 9
707 155
708 4
708 5
708 7
708 75
708 100
709 4
709 9
709 28
709 311
710 0
710 1
710 2
710 5
710 21
711 0
711 1
711 2
711 5
711 616
712 0
712 7
712 161
712 197
713 425
714 4
714 5
714 24
714 487
715 0
715 1
715 3
716 4
716 5
716 6
716 7
717 0
717 2
717 5
717 7
717 442
717 490
718 2
718 3
718 4
718 5
718 6
719 2
719 13
720 0
720 1
720 2
720 5
720 8
721 0
721 2
721 3
721 5
722 0
722 2
722 3
722 4
722 5
722 373
723 7
723 69
723 326
724 0
724 5
724 21
724 70
724 126
725 2
725 5
725 333
725 526
727 1
727 2
727 4
727 5
727 7
727 9
728 3
728 9
729 0
729 1
729 2
729 8
730 0
730 3
730 4
730 264
731 5
731 7
731 9
731 28
732 3
732 6
732 7
732 32
733 0
733 1
733 3
733 4
733 33
734 2
734 7
734 13
735 0
735 3
735 6
735 41
735 652
736 1
736 2
736 7
736 13
737 0
737 2
737 5
737 230
738 4
738 500
739 1
739 2
739 3
739 9
739 392
740 3
740 4
740 6
740 9
741 3
741 149
742 0
742 1
742 4
742 5
742 6
742 7
742 9
742 332
743 1
743 3
743 4
743 7
743 78
744 3
744 4
744 5
744 6
744 247
745 4
745 5
745 6
746 1
746 3
746 6
746 365
746 629
747 0
747 1
747 3
747 5
747 6
748 0
748 1
748 2
748 4
748 5
748 6
748 9
748 332
749 0
749 1
749 3
749 4
749 17
750 0
750 4
750 5
750 6
750 8
750 9
751 3
751 6
751 7
751 68
751 340
752 0
752 2
752 6
753 1
753 2
753 3
753 5
753 7
753 9
754 3
754 4
754 9
756 5
756 6
756 7
756 341
757 2
757 5
757 6
757 341
758 0
758 170
759 0
759 5
759 470
760 1
760 2
760 3
760 5
760 9
761 5
761 156
761 398
762 2
762 3
762 5
763 51
764 2
764 222
764 246
764 376
765 0
765 1
765 2
765 5
765 6
765 8
765 41
766 0
766 1
766 2
767 4
767 5
767 7
767 51
768 1
768 2
768 3
768 5
768 7
769 0
769 1
769 2
769 3
769 4
770 4
770 6
770 247
771 1
771 7
771 13
771 36
771 76
772 2
772 5
772 6
773 0
773 1
773 2
773 4
774 0
774 1
774 3
774 7
774 231
774 275
775 0
775 1
775 2
775 4
775 5
775 339
776 1
776 7
777 2
777 3
777 8
777 41
777 474
778 1
778 4
778 153
779 0
779 3
779 397
780 1
780 102
780 129
780 250
781 0
781 1
781 2
781 3
781 7
781 9
781 13
782 0
782 9
782 13
782 85
782 185
783 0
783 1
783 2
783 5
783 6
784 3
784 5
784 12
784 24
785 3
785 4
785 6
785 7
785 231
785 275
785 413
786 2
786 3
786 6
786 41
786 74
786 377
787 0
787 1
787 2
787 5
787 7
787 9
787 16
788 0
788 1
788 2
788 5
788 711
789 3
789 4
789 6
789 7
790 5
790 164
790 568
791 3
791 4
791 5
791 7
792 0
792 2
792 4
792 5
792 6
792 9
792 332
793 0
793 1
793 2
793 3
793 9
793 13
793 40
793 433
794 4
794 28
794 311
795 2
795 3
795 9
795 13
795 36
796 0
796 4
796 6
796 202
797 2
797 6
797 21
798 0
798 1
798 2
798 6
798 91
799 4
799 5
799 7
799 143
800 3
800 9
800 754
801 3
801 4
801 6
801 7
801 275
801 413
802 1
802 2
802 5
802 6
802 783
803 0
803 3
803 4
804 1
804 3
804 5
804 7
804 28
804 251
805 0
805 1
805 2
805 4
805 6
806 2
806 4
806 5
806 6
806 7
806 9
806 97
807 0
807 7
808 1
808 2
808 4
808 5
808 6
809 1
809 222
810 0
810 2
810 3
810 6
810 652
811 4
811 5
811 51
811 767
812 1
812 2
812 9
812 36
812 282
812 387
812 636
813 2
813 3
813 4
813 5
813 6
813 7
813 9
813 97
813 179
814 0
814 3
814 5
814 6
814 7
815 0
815 6
815 131
816 1
816 3
816 7
816 9
816 13
816 36
817 2
817 3
817 4
817 6
817 7
818 9
818 28
819 2
819 3
819 4
819 5
819 6
819 9
819 179
819 813
820 0
820 1
820 4
820 5
820 6
820 7
821 0
821 4
822 0
822 2
822 4
822 6
823 2
823 5
823 9
823 13
823 657
824 0
824 6
824 44
824 196
825 51
825 113
826 0
826 2
826 4
826 14
827 2
827 230
827 737
828 2
828 357
828 484
829 1
829 2
829 4
829 5
829 6
830 0
830 4
830 6
830 8
830 9
831 1
831 2
831 3
831 6
831 539
832 1
832 28
832 325
833 4
833 416
834 7
834 13
834 54
834 546
835 0
835 1
835 7
835 275
835 774
836 1
836 2
836 13
836 36
836 76
836 625
837 0
837 2
837 4
837 5
837 373
838 4
838 5
838 6
838 191
839 0
839 7
839 13
839 112
840 9
840 85
841 1
841 2
841 3
841 539
841 831
842 0
842 3
842 4
842 5
842 7
842 9
842 175
843 4
843 6
843 9
843 740
844 1
844 2
844 3
844 5
844 22
845 0
845 1
845 7
845 231
845 275
845 774
846 9
846 28
846 51
847 3
847 7
847 9
847 36
847 282
847 431
848 1
848 3
848 6
849 2
849 4
849 6
849 272
850 6
850 41
851 2
851 3
851 9
851 13
851 36
851 387
851 627
852 0
852 5
853 348
854 0
854 3
854 5
854 7
854 499
854 638
855 1
855 3
855 7
855 78
856 0
856 1
856 3
856 4
856 6
856 231
857 222
858 1
858 3
858 4
859 7
859 9
859 28
859 493
859 516
860 0
860 5
860 6
860 41
861 0
861 2
861 3
861 41
862 0
862 4
862 5
863 0
863 6
863 41
864 1
864 2
865 0
865 5
865 7
865 9
865 576
865 702
866 1
866 2
866 13
866 72
866 514
866 523
867 2
867 5
867 7
867 36
867 76
867 328
868 0
868 2
868 3
869 0
869 2
869 4
869 10
869 18
870 2
870 3
870 6
870 41
870 377
871 1
871 2
871 3
871 4
871 7
871 52
872 0
872 202
872 248
873 4
873 272
874 1
874 5
874 7
874 251
874 804
875 0
876 9
876 28
876 336
877 3
877 7
877 36
877 282
877 431
878 0
878 9
878 85
879 2
879 13
879 72
880 4
880 238
881 5
882 1
882 2
882 3
883 1
883 2
883 3
883 5
883 13
884 1
884 2
884 5
884 7
884 16
885 0
885 6
885 264
886 5
886 209
887 0
887 1
887 3
887 6
887 231
887 856
888 0
888 3
888 5
888 6
888 7
889 0
889 1
889 5
889 626
890 0
890 4
890 5
890 6
890 626
891 0
891 3
891 4
891 35
892 1
892 7
892 9
892 13
892 76
892 625
893 0
893 1
893 4
893 7
893 9
894 2
894 53
895 0
895 3
895 149
896 0
896 4
896 6
896 8
896 9
897 2
897 5
897 84
898 2
898 3
898 41
899 3
899 4
899 13
899 302
900 1
900 7
900 9
900 13
900 36
901 0
901 1
901 3
901 5
901 7
901 9
901 13
902 2
902 3
902 72
902 537
903 0
903 1
903 2
903 4
903 7
904 4
905 0
905 1
905 2
905 13
906 5
907 5
907 9
907 51
907 266
908 0
908 5
908 7
908 171
909 5
909 114
909 127
910 3
910 4
910 6
910 7
910 275
910 801
911 3
911 9
911 349
912 1
912 3
912 4
912 5
912 35
913 5
913 75
913 708
914 1
914 5
914 7
914 28
914 51
915 3
915 136
916 0
916 2
916 4
916 5
916 6
916 7
917 4
917 5
917 6
917 191
918 1
918 5
918 98
919 3
919 4
919 754
920 6
920 202
920 429
921 0
921 2
922 0
922 2
922 4
923 0
923 5
923 6
923 7
923 643
924 7
924 161
925 1
925 3
925 5
925 134
926 1
926 2
926 4
926 7
926 9
927 2
927 3
927 9
927 13
927 282
927 387
927 627
928 2
928 4
928 5
928 7
928 9
928 13
928 69
929 1
929 9
929 13
929 76
929 625
930 4
930 5
930 9
930 51
930 75
930 281
931 9
931 28
932 2
932 10
932 18
932 31
933 0
933 1
933 2
933 3
933 5
934 0
934 3
934 205
935 2
935 3
935 5
935 6
936 2
936 3
936 5
936 6
937 0
937 1
937 2
937 3
937 13
937 72
938 4
938 5
938 114
938 519
938 665
939 0
939 1
939 3
939 6
939 231
939 887
940 0
940 1
940 2
940 5
940 7
940 9
941 4
941 5
941 7
942 0
942 1
942 3
942 7
942 13
942 72
943 9
943 76
944 3
945 0
945 2
945 7
945 442
945 490
945 717
946 0
946 4
946 14
946 826
947 2
947 4
947 28
947 123
947 385
948 0
948 2
948 5
948 6
948 7
948 9
948 576
948 702
949 1
949 3
949 7
949 9
950 0
950 2
950 6
950 7
951 0
951 1
951 4
951 6
951 7
951 684
952 1
952 5
952 251
953 0
953 1
953 2
953 4
953 5
953 6
954 2
954 5
954 936
955 0
955 2
955 3
955 4
955 5
955 8
956 0
956 3
956 5
956 7
956 499
956 854
957 4
957 5
957 51
957 75
957 145
958 0
958 1
958 5
958 6
958 7
959 2
959 689
960 0
960 2
960 6
960 84
960 195
961 1
961 5
961 344
961 464
962 2
962 3
962 5
962 6
963 0
963 2
963 3
963 49
963 138
964 0
964 4
964 5
965 2
965 5
965 7
965 9
965 13
965 69
966 0
966 7
966 171
966 908
967 5
967 446
968 1
968 2
968 3
968 4
968 9
968 356
969 0
969 1
969 2
969 9
969 13
969 40
969 433
970 0
970 1
970 2
970 3
970 4
970 5
970 7
970 8
971 1
971 5
971 9
972 2
972 3
972 5
972 7
973 0
973 4
973 5
973 6
973 7
973 9
973 332
973 576
974 1
974 3
974 4
974 5
974 6
974 7
974 8
975 0
975 2
976 0
976 1
976 4
976 6
976 7
976 643
978 1
978 3
978 5
978 6
978 8
979 0
979 2
979 3
979 4
979 5
979 6
979 7
979 8
980 0
980 1
980 3
980 5
980 7
980 9
980 13
981 0
981 1
981 4
981 501
982 5
982 7
982 13
983 4
983 7
983 9
983 13
983 40
983 240
984 2
984 9
984 13
984 657
985 1
985 2
985 5
985 9
985 13
985 36
985 301
986 297
987 0
987 2
987 4
987 5
987 7
987 9
988 2
988 6
988 384
989 5
989 69
990 2
990 3
990 357
990 448
991 2
991 3
991 4
991 5
991 23
992 1
992 2
992 3
992 4
992 422
993 9
993 51
993 358
994 0
994 5
994 9
994 85
994 185
994 267
995 476
996 273
996 325
996 445
997 4
997 28
997 123
997 385
998 7
998 9
998 13
998 85
998 185
999 1
999 5
999 9
999 106
999 458
