1 0
2 0
2 1
3 0
3 1
3 2
4 0
4 1
4 2
4 3
5 0
5 1
5 2
5 3
5 4
6 0
6 1
6 2
6 3
6 4
6 5
7 0
7 1
7 2
7 3
7 4
7 5
7 6
8 0
8 1
8 2
8 3
8 4
8 5
8 6
8 7
9 0
9 1
9 2
9 3
9 4
9 5
9 6
9 7
9 8
10 0
10 1
10 3
10 5
10 6
11 1
11 2
11 4
11 5
11 6
12 1
12 2
12 4
12 5
12 6
12 11
13 0
13 1
13 2
13 3
13 8
14 1
14 4
14 5
14 6
14 11
15 0
15 2
15 4
15 5
15 6
16 0
16 1
16 4
17 0
17 1
17 2
17 4
17 5
18 2
18 3
19 1
19 4
19 5
19 6
19 11
19 14
20 0
20 2
20 3
20 4
20 5
21 0
21 2
21 3
21 4
21 20
22 1
22 2
22 3
22 5
22 6
22 7
22 8
22 9
23 0
23 1
23 2
23 3
23 4
23 6
23 7
23 8
23 9
24 0
24 2
24 4
24 5
24 6
24 7
24 8
25 0
25 1
25 2
25 3
25 4
25 7
25 8
25 9
25 23
26 2
26 3
26 8
26 13
27 0
27 2
27 4
27 5
27 6
27 8
27 24
28 0
28 1
28 2
28 8
28 13
29 1
29 4
29 5
29 6
29 14
30 0
30 2
30 3
30 20
30 21
31 4
31 5
31 7
31 8
31 24
32 1
32 3
32 5
32 6
32 7
33 4
33 11
33 14
34 1
34 2
34 4
34 11
35 0
35 1
35 2
35 4
35 5
35 6
35 8
36 2
36 3
36 4
36 5
36 6
36 7
37 0
37 1
37 2
37 3
37 6
37 7
38 2
38 3
38 4
38 20
38 21
39 2
39 4
39 6
40 0
40 2
40 13
40 28
41 0
41 4
41 15
42 0
42 3
42 6
42 10
43 11
43 34
44 0
44 1
44 16
45 3
45 6
45 10
46 0
46 1
46 2
46 3
46 7
46 37
47 11
47 43
48 3
48 18
49 0
49 3
49 4
49 5
49 20
50 1
50 5
50 6
50 7
50 32
51 0
51 5
51 6
51 10
52 2
52 3
52 4
52 5
52 6
52 7
53 0
53 2
53 4
53 6
53 7
53 8
54 15
54 41
55 0
55 1
55 2
55 3
55 5
55 6
55 8
56 0
56 2
56 4
56 5
56 6
56 8
56 24
56 27
57 2
57 4
57 5
57 52
58 1
58 2
58 4
58 34
59 1
59 4
59 5
59 6
59 29
60 3
61 3
61 5
61 20
62 15
63 1
63 2
63 3
63 4
63 5
63 7
64 15
64 41
64 54
65 2
65 3
65 5
65 8
65 55
66 3
66 4
66 5
66 7
66 63
67 0
67 2
67 6
67 7
67 53
68 0
68 5
68 6
68 10
68 51
69 2
69 13
69 28
69 40
70 2
70 3
70 4
70 21
70 38
71 0
71 1
71 8
71 13
71 28
72 1
72 4
72 6
72 11
72 14
73 0
73 4
73 5
73 15
74 2
74 6
74 7
74 53
74 67
75 0
75 2
75 4
75 5
75 6
75 8
75 24
75 27
75 56
76 1
76 3
76 5
76 10
77 0
77 1
77 3
77 5
77 6
77 8
77 55
78 0
78 2
78 7
78 67
79 11
79 47
80 3
80 10
80 42
81 2
81 3
81 4
81 5
81 6
81 36
82 0
82 5
82 15
83 0
83 3
83 4
83 20
83 21
84 0
84 2
84 3
85 0
85 3
86 4
86 5
86 11
86 19
87 0
87 2
87 4
87 5
87 6
87 24
87 27
87 56
87 75
88 0
88 2
88 4
88 5
88 8
88 35
89 5
89 6
89 10
89 51
90 0
90 2
90 8
90 13
90 28
91 0
91 2
91 4
91 6
91 8
91 24
91 27
91 56
92 0
92 8
92 13
92 71
93 1
93 4
93 6
93 29
93 59
94 0
94 1
94 4
94 6
94 7
94 8
94 9
94 23
95 4
95 5
95 27
95 56
95 75
96 0
96 2
96 4
96 5
96 6
96 8
96 24
96 56
96 75
97 1
97 3
97 4
97 5
97 63
98 2
98 4
98 5
98 6
98 7
99 0
99 1
99 8
99 13
100 0
100 3
100 5
100 6
100 55
100 77
101 0
101 1
101 2
101 3
101 7
101 9
101 23
102 2
102 6
102 8
102 24
102 91
103 0
103 3
103 20
103 21
103 83
104 0
104 1
104 16
105 0
105 1
105 4
105 6
105 8
105 35
106 0
106 4
106 20
106 21
107 2
107 3
107 4
107 6
107 7
108 1
108 4
108 5
108 63
108 97
109 0
109 2
109 4
109 5
109 6
109 8
109 24
109 56
109 75
110 15
110 62
111 1
111 3
111 5
111 6
111 7
111 32
112 1
112 63
112 97
112 108
113 2
113 4
113 20
113 21
113 38
114 1
114 4
114 11
114 34
115 8
115 13
115 90
116 0
116 1
116 2
116 3
117 4
117 5
118 2
118 4
118 5
118 6
118 8
118 24
118 56
118 75
118 109
119 1
119 3
119 5
119 6
119 8
119 55
120 0
120 2
120 5
120 6
120 24
120 27
120 56
120 75
120 87
121 1
121 2
121 4
121 5
121 6
121 8
121 35
122 0
122 2
122 4
122 6
122 24
122 27
123 1
123 3
123 5
123 6
123 7
123 9
123 22
124 1
124 5
124 6
124 14
124 29
125 1
125 2
125 3
125 4
125 6
125 7
125 8
125 23
126 0
126 5
126 6
126 24
126 75
126 96
127 1
127 63
127 97
127 108
128 0
128 4
128 6
128 27
128 75
129 3
129 4
129 5
129 7
129 63
129 66
130 1
130 4
130 5
130 14
131 2
131 4
131 24
131 27
131 56
131 75
132 1
132 4
132 5
132 6
132 14
132 19
133 4
133 6
133 8
133 121
134 5
134 6
134 8
134 24
134 56
134 75
134 109
134 118
135 1
135 4
136 11
137 2
137 4
137 5
137 6
137 7
137 36
138 4
138 6
138 121
138 133
139 0
139 5
139 6
139 7
139 8
139 24
140 0
140 2
140 3
140 20
140 21
140 30
141 2
141 6
141 8
141 24
141 91
141 102
142 1
142 2
142 3
142 4
142 5
143 0
143 1
143 3
143 116
144 7
144 53
144 67
145 0
145 2
145 30
145 140
146 0
146 2
146 4
146 5
146 8
146 88
147 1
147 4
147 34
147 58
148 2
148 5
148 6
148 36
149 6
149 8
149 24
149 102
150 0
150 4
150 5
150 73
151 4
151 6
151 8
151 121
151 133
152 0
152 2
152 23
153 3
153 4
153 63
154 4
154 11
154 19
154 86
155 1
155 4
155 6
155 7
155 8
155 9
155 23
155 94
156 6
156 121
156 138
157 47
157 79
158 1
158 5
158 6
158 11
159 4
159 7
160 5
160 6
160 7
160 8
161 1
161 8
161 13
161 28
161 71
162 1
162 2
162 4
162 6
162 11
162 12
163 0
163 2
163 4
163 8
163 88
164 1
164 2
164 4
164 7
164 8
165 6
165 8
165 24
165 91
165 102
165 141
166 3
166 4
166 5
166 97
167 0
167 2
167 5
167 6
167 8
167 24
167 27
168 7
168 159
169 3
169 5
169 20
169 49
170 0
170 5
170 7
170 24
170 139
171 6
171 8
171 24
171 91
171 141
172 2
172 6
172 8
172 56
172 75
172 109
172 118
173 0
173 4
173 73
173 150
174 1
174 3
174 5
174 10
175 0
175 2
175 3
175 4
175 5
176 5
176 6
176 32
176 50
177 4
177 11
177 34
178 4
178 11
179 2
179 4
179 27
179 56
180 3
180 10
180 42
181 0
181 7
181 9
181 23
181 101
182 0
182 16
183 4
183 7
183 8
183 24
183 31
184 6
184 8
184 24
184 91
184 171
185 32
185 176
186 5
186 24
186 56
186 118
186 134
187 2
187 6
187 24
187 91
187 102
188 7
188 8
188 160
189 2
189 5
189 6
189 24
189 27
189 56
189 87
189 120
190 1
190 5
190 6
190 158
191 4
191 20
191 21
191 38
192 0
192 2
192 116
193 1
193 2
193 3
193 4
193 6
193 7
193 8
193 125
194 0
194 2
194 4
194 7
194 8
194 9
194 23
194 25
195 2
195 6
195 74
196 0
196 4
196 6
196 75
196 128
197 2
197 8
197 13
197 28
197 90
198 2
198 24
198 102
198 187
199 1
199 2
199 3
199 4
199 7
199 8
199 125
199 193
200 3
200 6
200 36
200 81
201 4
201 5
201 8
201 146
202 3
202 5
202 10
202 174
203 0
203 2
203 4
203 8
203 35
204 3
204 5
204 10
204 76
205 4
205 150
205 173
206 0
206 2
206 3
206 6
206 7
206 37
207 0
207 3
207 5
207 6
207 7
207 8
208 0
208 15
209 0
209 8
209 24
209 27
209 91
210 1
210 4
211 0
211 2
211 5
211 6
211 24
212 0
212 3
212 5
212 6
212 10
213 7
213 9
213 23
213 94
213 155
214 2
214 4
214 8
214 24
214 91
215 1
215 4
215 5
215 130
216 4
216 210
217 0
217 1
217 2
217 5
217 6
218 2
218 8
218 56
218 75
218 109
218 118
219 0
219 2
219 6
219 8
219 27
219 75
220 6
220 8
220 24
220 56
220 75
220 109
220 134
221 1
221 2
221 3
221 4
221 6
221 7
221 8
221 193
222 4
222 11
222 19
223 3
223 20
223 49
224 1
224 2
224 4
224 5
225 0
225 1
225 4
225 6
225 8
225 105
226 7
226 53
227 2
228 0
228 5
228 6
228 24
228 27
228 56
228 75
228 87
228 120
229 2
229 3
229 4
229 5
229 142
230 8
230 91
230 102
231 2
231 5
231 6
231 211
232 3
232 4
232 21
232 83
233 0
233 2
233 4
233 5
233 8
233 24
233 56
234 5
234 6
234 32
234 176
235 0
235 1
235 5
235 6
235 8
235 55
235 77
236 1
236 5
236 6
236 11
236 14
236 19
237 2
237 3
237 84
238 2
238 4
238 5
238 6
238 7
239 0
239 1
239 3
239 5
239 6
239 10
240 1
240 2
240 5
240 224
241 0
241 1
241 2
241 3
241 5
241 6
241 8
241 55
242 0
242 1
242 3
242 143
243 5
243 6
243 14
243 29
244 2
244 3
245 3
245 4
246 0
246 6
246 27
246 56
246 87
246 120
246 228
247 0
247 2
247 4
247 6
248 5
248 24
248 118
248 134
248 186
249 2
249 8
249 56
249 75
249 109
249 218
250 5
250 6
250 7
250 8
250 139
251 62
252 0
252 2
252 3
252 4
252 175
253 0
253 5
253 7
253 24
253 170
254 3
254 4
254 6
254 7
254 193
254 221
255 0
255 7
255 24
255 139
256 1
256 2
256 6
256 7
256 8
256 23
256 125
257 63
257 97
257 127
258 4
258 6
258 7
259 0
259 1
259 2
259 3
259 6
259 8
259 55
259 241
260 5
260 8
260 160
261 4
261 8
261 121
262 1
262 3
262 4
262 6
262 8
262 23
263 4
263 14
263 33
264 4
264 5
264 11
264 86
265 0
265 1
265 5
265 6
265 239
266 7
266 9
266 94
266 155
266 213
267 1
267 5
267 6
267 11
267 14
267 19
267 236
268 5
268 6
268 10
268 68
269 0
269 1
269 6
269 239
269 265
270 0
270 2
270 4
270 6
270 24
270 27
270 122
271 3
271 7
271 9
271 23
271 101
272 4
272 11
272 19
273 0
273 2
273 3
273 4
273 6
273 8
273 9
274 0
274 15
275 1
275 4
275 7
275 164
276 0
276 2
276 4
276 6
276 27
276 122
276 270
277 2
277 5
277 6
277 24
277 56
277 75
277 109
277 118
278 2
278 5
278 6
278 56
278 75
278 109
278 277
279 2
279 8
279 102
280 4
280 20
280 106
281 10
282 20
282 21
282 38
282 191
283 0
283 2
283 40
284 5
284 6
284 139
284 250
285 0
285 6
285 75
285 196
286 0
286 2
286 4
286 6
286 15
287 1
287 4
287 6
287 9
287 94
287 155
288 2
288 3
288 4
288 6
288 7
288 8
288 23
289 2
289 3
289 4
289 20
289 21
289 38
290 4
290 6
290 23
290 262
291 3
291 4
292 0
292 116
292 192
293 5
293 75
294 4
294 20
294 21
295 6
295 24
295 171
295 184
296 0
296 2
296 6
296 24
296 167
297 0
297 1
297 5
297 17
298 0
298 2
298 4
298 7
298 8
298 23
298 25
298 194
299 2
299 13
299 26
300 4
300 258
301 1
301 16
301 44
302 8
302 13
302 90
302 115
303 2
303 24
303 27
303 122
304 11
304 19
304 86
304 154
305 0
305 4
305 6
305 105
305 225
306 1
306 97
306 108
306 112
307 2
307 6
307 56
307 75
307 109
307 277
307 278
308 1
308 2
308 4
308 7
308 63
309 6
309 14
309 29
309 243
310 4
310 5
310 6
310 7
310 238
311 4
311 6
311 121
311 133
311 138
312 4
312 21
312 38
312 70
313 6
313 8
313 56
313 75
313 109
313 134
313 220
314 24
314 118
314 186
314 248
315 1
315 4
315 14
315 19
316 1
316 4
316 5
316 14
316 130
317 2
317 5
317 6
317 27
317 56
317 120
317 189
318 0
318 1
318 3
318 5
318 6
318 8
318 55
318 77
319 0
319 5
319 7
319 24
319 139
320 1
320 4
320 5
320 6
320 7
320 8
320 9
321 2
321 6
321 27
321 56
321 120
321 189
322 2
322 27
322 120
322 189
322 321
323 3
323 4
323 6
323 193
323 221
323 254
324 0
324 4
324 41
325 1
325 2
325 4
325 6
325 7
325 8
325 23
325 125
326 3
326 4
326 6
326 193
326 254
326 323
327 1
327 5
327 11
327 14
327 236
327 267
328 34
328 43
329 0
329 1
329 2
329 3
329 4
329 5
329 6
329 7
329 8
330 1
330 2
330 7
330 63
331 4
331 5
331 49
332 0
332 4
332 5
332 6
332 8
332 24
332 56
332 75
332 109
333 1
333 5
333 6
334 4
334 135
335 3
335 4
335 7
335 221
335 254
336 0
336 2
336 3
336 4
336 8
336 9
336 273
337 2
337 3
337 4
337 38
337 289
338 24
338 27
338 209
339 4
339 291
340 0
340 1
340 2
340 4
340 5
340 6
341 1
341 4
341 14
341 130
342 0
342 4
342 24
342 27
342 122
342 270
343 4
343 5
343 7
343 24
343 31
344 2
344 3
344 6
344 8
344 9
344 273
345 2
345 6
345 56
345 277
345 278
345 307
346 5
346 6
346 24
346 56
346 87
346 120
346 189
347 7
347 8
347 24
347 31
347 183
348 0
348 2
348 4
348 5
348 6
348 75
348 109
349 0
349 2
349 4
349 5
349 8
349 24
349 27
349 56
349 75
350 0
350 2
350 4
350 163
351 2
352 2
352 5
352 55
352 65
353 0
353 27
353 91
353 209
354 2
354 4
354 5
354 6
354 36
354 81
355 0
355 4
355 324
356 2
356 4
356 5
356 6
356 7
357 0
357 139
357 319
358 3
358 7
358 254
358 335
359 4
359 21
359 38
359 191
360 0
360 4
360 75
360 196
361 7
361 24
361 139
362 2
362 5
362 7
362 8
362 24
363 0
363 1
363 3
364 24
364 118
364 186
364 248
365 4
365 5
365 7
365 63
365 66
366 116
367 7
367 8
367 188
368 1
368 4
368 5
368 11
368 12
369 1
369 2
369 4
369 11
369 12
369 162
370 2
370 4
370 8
370 203
371 1
371 3
371 142
372 1
372 2
372 224
373 2
373 5
373 6
373 24
373 56
373 75
373 109
374 0
374 1
374 2
374 4
374 340
375 1
375 116
376 1
376 11
376 34
376 114
377 2
377 53
377 67
377 74
378 4
378 6
378 23
378 290
379 1
379 5
379 6
380 3
380 5
380 10
380 76
381 0
381 1
381 2
382 3
382 10
382 76
382 380
383 3
383 4
383 5
383 142
383 229
384 3
384 4
384 6
384 193
384 254
384 323
385 0
385 4
385 6
385 8
385 105
385 225
386 6
386 8
386 24
386 91
386 184
387 4
387 5
387 27
388 0
388 6
388 24
388 126
389 2
389 5
389 6
389 24
389 56
389 118
389 277
390 1
390 135
391 0
391 1
391 3
391 143
392 3
392 5
392 169
393 5
393 7
393 8
393 24
394 2
394 4
394 203
394 370
395 0
395 1
395 2
395 3
395 7
395 23
395 101
396 0
396 30
396 140
396 145
397 7
397 9
397 213
397 266
398 3
398 5
399 0
399 1
399 2
399 7
399 101
400 6
400 39
401 7
401 24
401 255
402 1
402 2
402 3
402 4
402 5
402 7
402 63
403 1
403 5
403 6
403 14
403 29
404 0
404 2
404 3
404 4
404 8
404 9
404 23
405 3
405 5
405 398
406 0
406 1
406 2
406 5
406 6
406 55
407 1
407 5
407 6
407 11
407 14
408 0
408 2
408 4
408 6
408 27
408 122
408 276
409 6
409 24
409 102
409 149
410 8
410 75
410 109
410 218
410 249
411 32
411 176
411 185
412 6
412 8
412 24
412 56
412 109
412 134
412 220
413 0
413 2
413 6
413 56
413 91
414 1
414 5
414 6
414 8
415 2
415 6
415 24
415 56
415 373
416 4
416 6
416 122
416 270
416 276
417 4
417 39
418 6
418 39
419 1
419 2
419 164
420 8
420 91
420 230
421 1
421 2
421 4
421 34
421 58
422 3
422 5
422 6
422 8
422 207
423 4
423 75
423 360
424 0
424 1
424 5
424 6
424 55
424 241
425 0
425 6
425 42
426 2
426 4
426 6
426 36
426 81
427 4
427 8
427 133
428 20
428 106
428 280
429 0
429 1
429 3
429 5
429 6
429 55
430 4
430 7
430 24
430 31
431 0
431 8
431 13
431 28
432 1
432 5
432 6
433 186
433 248
434 4
434 34
434 177
435 4
435 5
435 8
435 35
435 88
436 34
436 43
437 5
437 6
437 56
437 87
437 120
437 189
437 346
438 0
438 1
438 2
439 24
439 118
439 314
440 1
440 4
440 19
441 8
441 427
442 4
442 21
442 38
442 70
443 1
443 4
443 14
443 130
444 0
444 4
444 6
444 128
445 5
445 56
445 189
445 437
446 3
446 5
446 6
446 7
446 8
446 207
447 0
447 2
447 286
448 0
448 2
448 4
448 6
448 8
448 27
448 56
448 75
449 20
449 38
449 191
449 282
450 0
450 4
450 5
450 73
451 2
451 224
451 372
452 5
452 6
452 139
452 250
453 5
453 398
454 0
454 1
454 2
454 4
454 6
454 7
454 8
454 9
454 23
455 2
455 4
455 11
455 34
456 3
456 5
456 6
456 52
457 0
457 1
457 2
457 6
457 37
458 4
458 20
458 280
459 0
459 2
459 4
459 6
459 27
459 276
460 1
460 5
460 6
460 11
460 14
461 3
461 18
462 1
462 5
462 174
463 0
463 1
463 6
463 239
463 269
464 1
464 34
464 114
464 376
465 1
465 4
465 11
465 162
465 369
466 116
466 375
467 56
467 109
467 134
467 220
467 313
468 0
468 1
468 37
469 1
469 2
469 3
469 7
469 193
469 199
470 2
470 203
470 370
471 2
471 6
471 36
471 81
471 426
472 2
472 148
473 5
473 118
473 134
473 186
473 248
474 1
474 4
474 34
474 114
475 6
475 56
475 87
475 189
475 346
476 1
476 5
476 6
476 414
477 0
477 2
477 28
477 40
478 4
478 8
478 261
479 2
479 3
479 5
479 6
479 36
479 81
480 24
480 139
481 4
481 52
481 57
482 56
482 109
482 134
482 220
482 313
482 467
483 0
483 2
483 247
484 5
484 32
484 176
484 234
485 1
485 4
485 7
485 275
486 3
486 4
486 38
486 289
486 337
487 2
487 6
487 74
487 195
488 1
488 6
488 37
489 2
489 8
489 56
489 109
489 218
490 2
490 18
491 0
491 1
491 2
491 4
491 6
492 3
492 237
493 8
493 13
494 27
494 209
495 1
495 4
495 5
495 11
495 19
496 0
496 1
496 2
496 3
496 4
496 7
496 8
496 25
497 2
497 3
497 4
497 21
497 70
498 4
498 21
498 38
499 0
499 2
499 4
499 5
499 6
499 7
499 8
499 24
500 4
500 6
500 121
500 138
500 311
501 1
501 2
501 6
501 7
501 8
501 325
502 1
502 7
502 330
503 8
503 13
503 28
503 71
504 2
504 3
504 6
504 8
504 9
504 344
505 0
505 2
505 4
505 8
505 27
505 56
505 75
505 448
506 7
506 8
506 188
507 0
507 1
507 8
507 13
508 4
508 5
508 331
509 1
509 174
510 1
510 2
510 4
510 5
510 63
511 0
511 5
512 1
512 6
512 7
512 32
512 50
513 0
513 2
513 4
513 6
513 27
513 122
513 270
514 63
514 97
514 112
515 6
515 24
515 102
515 149
516 1
516 2
516 4
516 6
516 7
516 8
516 9
517 2
517 3
517 21
517 30
517 140
518 1
518 2
518 4
518 162
519 1
519 2
519 4
519 5
519 224
520 2
520 3
520 18
521 0
521 1
521 8
521 105
522 5
522 201
523 1
523 3
523 5
523 6
523 7
523 32
524 0
524 4
524 6
524 8
524 53
525 4
525 15
525 73
526 0
526 2
526 3
526 7
526 8
526 496
527 5
527 24
527 56
527 75
527 109
527 118
527 134
528 0
528 143
528 242
529 2
529 8
529 23
529 404
530 2
530 4
530 5
530 6
530 8
530 35
530 121
531 6
531 14
531 29
531 309
532 0
532 41
533 2
533 4
533 5
533 6
533 24
533 56
533 75
533 118
534 2
534 4
534 6
534 27
534 122
535 4
535 5
535 229
535 383
536 3
536 4
536 6
536 221
536 254
536 323
537 0
537 3
537 4
537 6
537 7
537 8
537 9
537 23
538 3
538 6
538 36
538 200
539 1
539 4
539 5
539 108
540 3
540 169
540 392
541 2
541 36
541 81
541 426
541 471
542 2
542 56
542 277
542 307
542 345
543 0
543 91
543 209
543 353
544 0
544 4
544 6
544 128
544 196
545 4
545 5
545 7
545 24
545 31
545 343
546 8
546 109
546 218
546 249
546 410
547 1
547 6
547 11
548 1
548 63
548 108
548 127
549 4
549 334
550 2
550 4
550 5
550 6
551 3
551 13
551 26
552 6
552 418
553 2
553 3
553 8
553 273
554 4
554 6
554 105
554 225
554 305
555 56
555 109
555 134
555 220
555 313
555 482
556 4
556 52
556 57
556 481
557 4
557 11
558 0
558 2
558 4
558 6
558 27
558 270
558 276
559 2
559 5
559 6
559 24
559 27
559 87
560 2
560 224
560 240
561 0
561 7
561 24
561 139
561 255
562 4
562 105
562 225
562 305
562 554
563 24
563 118
563 134
563 248
564 0
564 4
564 7
564 8
565 0
565 2
565 4
565 5
565 8
565 233
566 2
566 3
566 4
566 6
566 36
566 81
567 4
567 5
567 6
567 238
568 4
568 34
568 421
569 0
569 2
569 4
569 6
569 8
569 75
569 96
570 2
570 27
570 189
570 321
570 322
571 0
571 5
571 24
571 170
571 253
572 1
572 3
572 4
572 7
572 63
573 0
573 2
573 27
573 276
573 558
574 4
574 21
574 38
574 191
575 8
575 24
575 171
575 184
576 5
576 7
576 24
576 139
576 170
577 0
577 5
577 6
577 7
577 8
578 0
578 4
578 196
578 544
579 0
579 1
579 6
580 4
580 6
580 133
580 138
580 311
581 0
581 4
581 8
581 56
581 75
582 0
582 1
582 2
582 3
582 7
582 9
583 0
583 6
583 27
583 56
583 246
584 1
584 5
584 6
584 158
585 0
585 1
585 2
585 3
585 6
585 241
585 259
586 0
586 2
586 6
586 8
586 219
587 3
587 291
588 2
588 4
588 8
588 91
588 214
589 1
589 4
589 5
589 130
589 316
590 2
590 4
590 5
590 7
590 238
591 0
591 6
591 7
591 37
592 7
592 9
592 397
593 3
593 6
593 7
593 193
593 221
593 254
594 1
594 5
594 11
594 236
594 267
594 327
595 6
595 24
595 409
596 0
596 1
596 17
596 297
597 3
597 10
598 0
598 2
598 23
598 152
599 1
599 3
599 5
599 55
599 119
600 0
600 2
600 4
600 6
600 27
600 122
600 513
601 0
601 1
601 2
601 3
601 8
601 25
601 496
602 0
602 2
602 4
602 5
602 233
602 565
603 4
603 5
603 6
603 7
603 9
603 320
604 4
604 15
604 41
605 5
605 51
605 89
606 8
606 28
607 0
607 1
607 5
607 6
608 2
608 4
608 6
608 24
608 270
609 0
609 1
609 4
609 6
610 0
610 2
610 4
610 5
610 6
610 24
610 27
611 0
611 1
611 3
611 143
611 391
612 6
612 56
612 87
612 120
612 228
612 246
613 0
613 13
613 40
614 1
614 7
614 37
615 4
615 5
615 27
615 387
616 4
616 33
616 263
617 83
617 232
618 0
618 2
618 3
618 5
618 55
618 241
619 4
619 6
619 133
619 138
620 221
621 6
621 87
621 346
621 475
622 6
622 7
622 8
622 24
622 139
623 0
623 6
623 75
623 196
623 285
624 4
624 334
625 0
625 5
625 265
626 7
626 24
626 255
626 401
627 2
627 13
627 90
628 1
628 224
628 372
629 4
629 6
629 15
630 1
630 6
630 579
631 1
631 4
631 7
631 275
631 485
632 34
633 0
633 2
633 3
633 7
633 9
633 582
634 5
634 6
634 36
634 148
635 1
635 2
635 4
635 34
635 58
635 421
636 0
636 2
636 4
636 5
636 35
636 88
637 0
637 2
637 6
637 8
637 27
637 56
637 448
638 2
638 4
638 5
638 224
639 2
639 5
639 6
639 24
639 87
639 559
640 3
640 244
641 5
641 6
641 8
641 446
642 4
642 6
642 128
643 4
643 11
643 34
644 1
644 5
644 6
644 32
644 50
645 0
645 2
645 3
645 8
645 273
646 11
646 34
646 43
647 8
647 102
647 230
648 2
648 6
648 27
648 56
648 120
648 189
648 321
649 291
650 5
650 174
651 0
651 6
651 457
652 1
652 37
652 614
653 0
653 6
653 24
653 27
653 56
653 75
653 87
653 228
654 2
654 3
654 4
654 70
655 1
655 2
655 4
655 635
656 0
656 2
656 4
656 6
656 27
656 122
657 0
657 4
657 6
657 27
657 276
657 408
658 1
658 3
658 5
658 6
658 7
658 22
659 2
659 24
659 167
660 2
660 4
660 6
660 7
660 98
662 5
662 7
662 446
663 2
663 3
663 4
663 38
663 337
664 0
664 42
664 425
665 2
665 38
665 337
665 663
666 0
666 56
666 87
666 120
666 228
666 246
667 3
667 5
667 405
668 4
668 7
668 8
668 24
668 31
669 192
669 292
670 224
670 240
670 560
671 7
671 9
672 3
672 4
672 193
672 254
672 326
673 2
673 24
673 56
673 75
673 109
673 118
673 277
674 4
674 508
675 2
675 56
675 75
675 109
675 218
675 249
676 229
676 383
677 1
677 5
677 6
677 158
677 190
678 3
678 6
678 36
678 538
679 118
679 314
680 4
680 5
680 450
681 1
681 6
681 158
681 584
682 2
682 5
682 224
682 638
683 2
683 6
683 8
683 56
683 75
683 109
683 118
683 172
684 0
684 3
684 6
684 8
684 9
684 273
685 438
686 4
686 6
686 23
686 262
686 290
687 2
687 6
687 24
688 0
688 274
689 2
689 8
689 13
689 28
689 197
690 0
690 2
690 4
690 5
690 24
690 27
691 5
691 6
691 24
691 56
691 75
691 109
692 0
692 2
692 3
693 24
693 409
693 595
694 3
694 4
694 5
694 97
695 7
695 8
695 506
696 24
696 170
697 0
697 4
697 8
697 53
697 524
698 1
698 4
698 275
698 485
699 1
699 3
699 4
699 6
699 8
699 262
700 4
700 6
700 138
700 619
701 4
701 6
701 39
702 398
702 405
703 2
703 3
703 7
703 37
704 4
704 5
704 8
704 88
704 146
705 2
705 4
705 5
705 8
705 24
705 27
705 75
706 3
706 4
706 142
707 3
707 5
707 6
707 7
707 111
708 21
708 83
708 232
709 16
709 44
709 301
710 4
710 179
711 0
711 6
711 8
711 53
711 524
712 2
712 8
712 102
713 5
713 6
713 8
713 414
714 251
715 4
715 8
715 53
715 524
716 0
716 4
716 450
717 5
717 6
717 36
717 148
718 6
718 24
718 149
719 2
719 6
719 8
719 75
719 96
720 2
720 4
720 5
720 7
720 590
721 4
721 11
721 272
722 4
722 5
722 7
722 238
723 56
723 109
723 134
723 220
723 313
723 467
724 0
724 4
724 20
724 21
724 106
725 155
725 213
725 266
726 2
726 8
726 23
727 0
727 1
727 3
727 363
728 2
728 4
728 5
728 36
728 81
728 354
729 4
729 6
729 27
729 459
730 0
730 105
730 225
730 305
731 0
731 2
731 4
731 5
731 8
731 233
732 1
732 2
732 3
732 4
732 7
732 8
732 25
732 496
733 2
733 3
733 4
733 38
733 663
734 5
734 7
734 8
734 362
735 5
735 6
735 139
735 284
736 3
736 597
737 2
737 5
737 36
737 354
737 728
738 1
738 3
738 599
739 2
739 8
739 13
739 90
739 197
740 4
740 5
740 86
740 264
741 0
741 4
741 6
741 7
741 8
741 9
741 94
742 7
742 8
742 24
742 393
743 0
743 40
743 613
744 1
744 4
744 130
744 443
745 0
745 2
745 4
745 5
745 24
745 27
745 610
746 0
746 2
746 3
746 4
746 8
746 23
747 16
747 44
747 709
748 1
748 4
748 6
748 94
748 155
748 287
749 3
749 5
749 380
750 0
750 2
750 4
750 5
750 6
750 8
750 24
750 56
751 4
751 7
751 63
751 66
752 6
752 24
752 409
752 595
753 5
753 36
753 148
753 717
754 0
754 4
754 163
754 350
755 5
755 6
755 36
755 148
755 634
756 3
756 18
757 1
757 108
757 127
757 548
758 4
758 193
758 254
758 326
758 672
759 5
759 6
759 111
759 707
760 13
760 627
761 3
761 8
761 553
762 2
762 4
762 6
762 7
762 356
763 1
763 4
763 63
763 97
763 108
764 2
764 4
764 5
765 27
765 56
765 120
765 189
765 321
766 3
766 599
766 738
767 1
767 297
767 596
768 0
768 242
769 1
769 2
769 5
769 224
769 519
770 2
770 3
770 38
770 337
770 663
771 0
771 2
771 8
771 27
771 56
771 448
771 637
772 7
772 662
773 0
773 9
773 23
773 101
773 181
774 2
774 8
774 13
774 28
775 0
775 4
775 5
775 6
775 75
775 109
775 348
776 0
776 1
776 2
776 4
776 7
776 8
776 9
776 23
776 25
777 56
777 118
778 0
778 2
778 4
778 6
778 286
779 2
779 7
779 9
779 23
779 194
780 3
780 49
780 223
781 2
781 56
781 75
781 109
781 118
782 5
782 158
782 190
783 0
783 2
783 4
783 5
783 27
783 87
784 0
784 1
784 2
784 3
784 5
784 6
784 7
784 9
785 0
785 3
785 391
785 611
786 2
786 8
786 75
786 96
786 719
787 2
787 140
787 145
788 2
788 4
788 27
788 75
788 705
789 0
789 4
789 6
789 7
789 8
789 499
790 2
790 120
790 189
790 321
790 322
791 2
791 8
791 56
791 75
791 109
791 118
791 172
792 2
792 4
792 7
792 53
793 0
793 2
793 4
793 5
793 17
794 70
794 654
795 1
795 37
795 468
796 44
796 301
796 709
797 5
797 6
797 7
798 2
798 3
798 4
798 8
798 732
799 1
799 7
799 330
800 0
800 1
800 2
800 3
800 7
800 37
800 46
801 1
801 5
801 6
801 22
801 123
802 0
802 1
802 5
802 6
802 10
802 239
803 109
803 134
803 220
803 313
803 482
803 555
804 0
804 2
804 4
804 5
804 24
804 27
805 2
805 56
805 118
805 781
806 3
806 5
806 667
807 1
807 2
807 4
807 7
808 0
808 8
808 27
808 56
808 75
808 448
809 1
809 3
809 7
809 8
810 2
810 6
810 27
810 56
810 120
810 321
811 0
811 4
811 83
812 0
812 1
812 3
812 4
812 5
812 6
813 0
813 2
813 4
813 8
813 24
813 27
813 91
814 3
814 4
814 221
814 254
814 335
815 6
815 193
815 254
815 323
815 326
816 0
816 6
816 24
816 126
817 1
817 6
817 50
818 1
818 6
818 14
818 72
819 0
819 9
819 23
819 101
819 181
819 773
820 6
820 8
820 24
820 91
820 102
821 2
821 4
821 6
821 7
821 238
822 1
822 3
822 5
822 6
822 22
823 8
823 13
823 28
823 71
823 503
824 0
824 1
824 2
824 3
824 4
824 5
824 6
824 8
824 329
825 8
825 75
825 172
826 7
826 8
826 183
826 347
827 0
827 4
827 20
827 21
828 2
828 56
828 277
828 307
829 8
829 24
829 91
829 102
830 1
830 2
830 4
830 6
830 11
831 75
831 109
831 249
831 410
832 2
832 6
832 56
832 277
832 307
833 5
833 36
833 717
833 753
834 0
834 3
834 5
834 6
834 55
834 429
835 0
835 91
835 353
835 543
836 0
836 8
836 27
836 75
836 448
837 0
837 91
837 353
837 543
837 835
838 2
838 4
838 6
839 0
839 5
839 139
839 170
840 24
840 75
840 109
840 134
840 220
841 1
841 6
841 11
841 14
841 19
842 0
842 192
843 4
843 21
843 574
844 186
844 433
845 1
845 4
845 63
845 97
846 6
846 8
846 24
846 56
846 75
846 134
846 220
847 0
847 1
847 5
847 6
847 55
847 429
848 4
848 193
848 254
848 326
848 758
849 0
849 182
850 2
850 4
850 91
850 588
851 2
851 4
851 7
851 8
851 23
851 194
851 298
852 0
852 2
852 3
852 5
852 6
852 9
853 6
853 24
853 75
853 691
854 3
854 20
854 21
854 83
854 103
855 5
855 265
856 6
856 139
856 250
856 284
857 0
857 1
857 4
857 6
857 8
857 35
857 105
858 6
858 36
859 0
859 1
859 2
859 4
859 6
859 8
859 9
859 454
860 56
860 109
860 134
860 220
861 1
861 2
861 7
861 308
862 4
862 5
862 224
862 638
863 2
863 5
863 27
863 87
863 783
864 0
864 4
864 5
864 6
864 8
864 24
864 109
864 332
865 0
865 2
865 3
865 8
865 9
865 23
865 404
866 0
866 2
866 4
866 5
866 348
867 2
867 4
867 286
867 778
868 4
868 7
868 31
868 183
869 3
869 4
869 193
869 323
870 2
870 5
870 24
870 87
870 559
871 24
871 91
872 3
872 116
873 6
873 8
873 24
873 102
873 820
874 1
874 2
874 510
875 2
875 3
875 7
875 193
875 199
875 469
876 3
876 4
876 83
876 232
877 4
877 5
877 11
877 19
877 495
878 2
878 5
878 6
878 56
878 277
879 0
879 2
879 6
880 183
881 2
881 24
881 167
882 5
882 6
882 8
882 24
882 56
883 5
883 7
883 8
883 160
884 2
884 4
884 6
884 27
884 122
884 270
884 513
885 0
885 6
885 276
885 657
886 1
886 3
886 5
886 63
886 97
887 6
887 24
887 149
888 24
888 687
889 4
889 6
889 93
890 0
890 5
890 6
890 8
890 55
890 77
890 318
891 1
891 2
891 4
891 5
891 224
892 27
892 56
892 120
892 246
893 2
893 4
893 6
893 24
893 56
893 118
893 533
894 4
894 38
894 191
894 574
895 6
895 8
895 24
895 102
895 820
895 873
896 5
896 7
896 24
897 2
897 8
897 13
897 197
898 2
898 4
898 81
898 354
898 728
899 8
899 91
899 214
900 0
900 6
900 7
900 8
900 741
901 5
901 24
901 186
902 2
902 4
902 36
902 354
902 728
903 4
903 5
903 264
903 740
904 2
904 8
904 109
904 218
905 6
905 75
905 196
905 285
906 44
906 301
906 796
907 8
907 91
907 230
907 420
908 138
909 0
909 1
909 5
909 6
910 0
910 2
910 483
911 5
911 56
911 75
911 109
911 134
911 527
912 2
912 6
912 56
912 109
912 118
912 172
913 0
913 3
913 5
913 6
913 429
913 834
914 3
914 6
914 8
914 9
914 344
914 504
915 5
915 56
915 75
915 109
915 527
916 0
916 2
916 4
916 7
916 8
916 23
916 25
916 298
917 2
917 189
917 321
917 570
918 5
918 6
918 24
918 56
918 109
918 691
919 0
919 2
919 5
919 55
919 241
919 618
920 172
920 912
921 27
921 120
921 246
921 892
922 2
922 3
922 26
923 5
923 8
923 362
924 0
924 1
924 2
924 4
924 6
924 7
924 9
925 4
925 21
925 38
925 70
925 312
926 1
926 2
926 3
926 4
926 7
926 125
926 193
927 4
927 5
927 24
928 0
928 2
928 4
928 24
928 27
928 690
929 5
929 61
930 27
930 75
931 0
931 91
931 209
931 353
932 75
932 109
932 249
932 410
933 10
933 76
934 0
934 1
934 4
934 340
934 374
935 4
935 5
935 130
935 316
935 589
936 0
936 28
936 477
937 5
937 27
937 56
937 75
937 95
938 1
938 4
938 6
938 105
938 225
939 5
939 6
939 148
939 717
940 2
940 4
940 6
940 24
940 27
941 3
941 6
941 36
941 538
941 678
942 0
942 664
943 0
943 468
944 3
944 8
944 9
944 344
944 914
945 0
945 4
946 8
946 28
946 774
947 3
947 4
947 5
947 142
947 229
948 0
948 27
948 91
948 353
949 1
949 4
949 5
950 1
950 174
951 186
951 844
952 2
952 3
952 4
952 142
953 5
953 7
953 24
953 31
953 343
954 91
954 187
955 4
955 6
955 138
955 500
956 761
957 8
957 553
957 761
958 4
958 5
958 130
958 316
958 589
958 935
959 2
959 4
959 6
959 36
959 81
959 426
960 0
960 1
960 2
960 5
960 9
960 784
961 4
961 5
961 7
961 8
961 31
962 2
962 4
962 8
962 56
963 0
963 2
963 5
963 6
963 8
963 27
963 167
964 1
964 3
964 55
964 599
965 1
965 4
965 7
965 275
965 485
966 1
966 3
966 5
966 6
966 55
966 429
967 8
967 24
967 102
967 820
967 873
968 0
968 3
968 20
968 21
968 83
969 1
969 2
969 6
969 7
969 8
969 325
969 501
970 2
970 6
970 24
971 1
971 2
971 5
971 224
972 9
972 94
972 155
972 213
973 4
973 7
973 31
973 183
974 0
974 126
974 816
975 0
975 1
975 7
975 8
975 25
975 496
976 2
976 8
976 719
976 786
977 0
977 56
977 87
977 666
978 3
978 8
978 9
978 344
978 504
979 2
979 4
979 162
979 369
980 3
980 6
980 36
981 2
981 4
981 6
981 7
981 8
981 53
982 1
982 4
982 6
982 8
982 23
982 125
983 4
983 27
983 459
983 729
984 1
984 7
984 275
984 485
984 631
985 4
985 8
985 53
985 715
986 2
986 148
986 472
987 5
987 7
987 111
987 707
988 5
988 29
989 1
989 2
989 4
989 6
989 8
989 121
990 8
990 75
990 218
991 0
991 2
991 3
991 4
991 5
991 8
991 329
991 824
992 0
992 3
992 6
992 10
992 42
993 0
993 4
993 150
993 173
994 0
994 4
994 6
994 7
994 9
994 924
995 4
995 6
995 11
995 14
995 72
996 5
996 8
996 734
997 6
997 193
997 254
997 323
998 2
998 448
998 637
998 771
999 6
