1 0
2 0
2 1
3 0
3 1
3 2
4 0
4 1
4 2
4 3
5 0
5 1
5 2
5 3
5 4
6 0
6 1
6 2
6 3
6 4
6 5
7 0
7 1
7 2
7 3
7 4
7 5
7 6
8 0
8 1
8 2
8 3
8 4
8 5
8 6
8 7
9 0
9 1
9 2
9 3
9 4
9 5
9 6
9 7
9 8
10 0
10 1
10 2
10 6
10 8
10 9
11 0
11 6
11 9
11 10
12 2
12 4
12 5
12 6
12 7
13 1
14 0
14 1
14 5
15 3
15 5
15 6
15 7
15 8
15 9
16 2
16 3
16 7
16 8
17 0
17 1
17 5
17 6
17 7
18 6
18 9
18 10
19 0
19 2
19 5
19 7
20 0
20 1
20 5
21 3
21 8
21 16
22 7
22 8
22 16
23 0
23 1
23 3
24 5
24 8
24 15
25 20
26 3
26 7
26 8
27 2
27 7
27 16
28 3
28 16
29 4
29 7
29 12
30 5
30 7
30 15
31 0
31 10
31 11
32 0
33 1
33 2
33 4
33 5
33 6
33 7
33 9
34 0
34 11
34 31
35 0
35 1
35 3
35 5
35 8
35 9
36 3
36 5
36 6
36 8
36 15
37 1
37 4
37 5
37 6
37 9
37 33
39 0
39 2
39 3
39 4
39 5
40 3
40 5
40 6
40 9
40 15
41 0
41 3
41 5
41 8
41 9
41 35
42 2
42 5
42 19
43 2
43 5
43 42
44 1
44 4
44 5
44 8
45 8
45 16
45 22
46 3
46 5
46 9
47 1
47 2
47 7
47 33
48 0
48 3
48 4
48 5
48 7
48 8
48 9
49 0
49 1
49 2
50 11
50 31
50 34
51 5
51 6
51 12
52 3
52 4
52 5
52 7
52 8
52 9
53 1
53 4
53 5
53 6
54 4
54 12
55 1
55 2
55 5
56 0
56 2
56 19
57 3
57 6
57 8
57 9
57 15
58 0
58 5
58 20
59 4
59 7
59 9
60 1
60 2
60 3
60 4
60 8
61 1
61 3
61 7
62 0
62 4
63 2
63 5
63 55
64 2
64 19
65 0
65 1
65 6
65 7
65 17
66 12
66 54
67 4
67 6
67 9
68 5
68 6
68 9
68 15
69 11
70 4
70 5
70 7
70 8
71 0
71 34
72 55
73 1
73 4
73 33
74 9
75 4
75 6
75 53
76 0
76 1
76 3
76 5
77 8
78 9
78 67
79 1
79 2
79 6
79 7
79 9
79 33
80 8
80 35
80 41
81 1
81 3
81 5
81 6
81 9
82 9
82 57
83 7
83 59
84 0
84 3
84 4
84 39
85 6
85 9
85 10
85 11
86 59
86 83
87 0
87 5
87 7
88 6
88 8
88 57
89 1
89 2
89 3
89 5
89 6
89 7
89 8
89 9
90 3
90 5
90 76
91 0
91 7
92 4
92 33
92 73
93 2
93 3
94 5
94 6
94 9
94 15
95 0
95 3
95 4
95 5
95 6
96 9
96 33
97 5
97 53
98 0
98 1
98 5
98 35
99 1
99 4
99 5
99 9
99 33
99 37
100 0
100 1
100 4
101 1
101 98
102 1
102 2
102 4
103 9
103 82
104 20
104 25
105 0
105 1
105 2
105 3
105 4
105 6
105 7
105 8
106 1
106 9
106 35
107 2
107 8
107 16
108 0
108 4
108 7
108 8
108 105
109 6
109 8
109 57
109 88
110 53
111 5
111 63
112 6
112 8
112 88
114 1
114 3
114 23
115 2
115 55
116 3
116 7
116 16
118 3
118 5
118 9
119 6
119 53
119 75
120 1
120 114
121 0
121 23
122 4
122 7
122 8
122 70
123 4
123 53
124 0
125 0
125 1
125 2
125 4
125 7
126 0
126 23
127 1
127 6
127 9
127 81
128 3
128 76
128 90
129 1
129 3
129 5
129 76
130 6
130 12
130 51
131 6
131 88
131 112
132 2
132 3
132 5
133 2
133 3
134 2
134 4
135 1
135 6
135 33
135 79
136 6
136 15
136 94
137 3
137 6
137 9
137 15
138 5
138 37
138 99
139 2
139 16
140 6
140 131
141 3
141 7
141 16
141 116
142 0
142 2
142 3
142 5
143 88
143 112
144 101
145 1
145 5
145 6
145 7
145 9
145 33
146 1
146 2
146 7
146 8
146 9
146 89
147 0
147 1
147 3
147 5
147 6
147 8
148 6
148 81
148 127
149 8
149 80
150 1
150 3
150 23
151 3
151 5
151 6
151 8
151 15
152 78
153 7
153 33
153 79
154 0
154 3
154 4
154 5
154 7
154 8
155 1
155 2
155 47
156 1
156 7
156 33
156 79
157 0
157 2
158 4
158 84
159 3
159 129
160 4
160 62
161 79
162 3
162 5
162 6
162 95
163 2
163 7
163 16
164 1
164 3
164 5
164 81
165 3
165 6
165 9
165 57
166 0
167 7
167 12
168 3
168 5
168 6
168 81
169 57
169 88
170 71
171 53
171 75
172 3
172 61
173 4
173 33
175 2
175 5
175 55
176 0
176 1
176 17
177 2
177 3
177 4
177 8
177 60
178 3
178 5
179 2
179 4
179 5
179 6
180 98
180 101
181 0
181 3
181 4
182 64
183 5
183 6
183 7
183 9
183 145
184 2
184 42
185 0
185 1
185 176
186 36
187 2
187 7
187 8
187 16
188 7
188 83
189 13
190 5
190 7
190 33
191 182
192 3
192 5
192 15
192 36
193 1
193 6
193 135
194 2
194 5
194 43
195 5
195 9
195 183
196 0
196 1
196 5
196 76
197 7
197 33
197 153
198 0
198 39
199 172
200 4
200 6
201 3
201 8
201 9
201 57
202 196
203 0
203 8
203 9
203 35
203 41
204 53
204 171
205 9
206 0
206 4
206 39
206 84
207 2
207 7
207 33
207 79
208 3
208 114
209 3
209 8
209 154
210 0
210 1
210 2
210 4
210 6
210 8
210 105
211 2
211 5
212 0
212 3
212 5
213 1
213 3
213 5
213 6
213 7
214 66
215 0
215 4
215 6
216 6
216 135
217 2
217 7
217 8
217 89
217 146
218 135
219 15
219 36
219 192
220 1
220 6
220 17
220 65
221 1
221 2
221 6
221 8
222 0
222 87
223 6
223 9
223 15
223 40
224 2
224 107
225 108
226 0
226 1
226 5
226 76
226 196
227 86
228 1
228 6
228 17
228 220
229 143
230 3
230 141
231 3
231 133
232 5
232 42
232 43
233 1
233 2
233 3
233 5
233 6
233 9
233 89
234 36
234 186
235 4
235 8
235 44
236 0
237 5
237 6
237 15
237 40
238 3
239 3
239 133
240 0
240 1
240 4
240 6
240 7
241 0
241 1
241 3
241 5
241 8
241 147
242 7
242 16
242 27
243 0
243 1
243 76
244 0
244 4
244 7
244 48
245 5
245 7
245 12
247 1
247 2
247 49
248 3
248 4
248 6
248 7
248 105
249 2
249 4
249 60
249 177
250 1
250 33
250 47
251 2
251 49
252 1
252 3
252 5
252 8
252 35
253 4
253 6
253 7
253 12
254 3
254 15
255 2
255 6
255 221
256 6
256 130
257 3
257 5
257 7
257 213
258 75
258 171
259 230
260 1
260 4
261 27
262 0
262 5
262 7
262 154
263 8
263 221
264 9
264 106
265 62
266 0
266 1
266 2
266 3
266 7
267 5
267 195
268 5
268 237
270 33
270 79
271 129
271 159
272 234
273 4
273 5
273 7
275 2
275 5
275 7
276 1
276 8
276 241
277 2
277 275
278 0
278 5
278 8
278 147
278 241
279 4
279 8
279 9
280 230
281 5
281 252
282 6
282 7
282 8
283 16
283 45
284 1
285 5
285 6
285 37
286 5
286 273
287 8
287 45
288 89
288 146
288 217
289 198
290 98
291 4
291 5
291 9
292 0
292 1
292 2
292 4
292 105
292 210
293 7
293 245
294 33
294 153
294 197
295 2
295 7
295 33
295 79
295 207
296 1
296 2
296 5
296 6
296 9
296 233
297 1
297 6
297 220
297 228
298 4
298 249
299 16
299 27
300 1
300 8
300 252
301 6
301 79
301 135
302 1
302 5
303 15
303 254
304 35
304 41
304 80
305 0
305 11
305 34
306 7
306 8
306 70
307 0
307 11
307 34
308 8
309 0
309 4
309 7
309 8
309 48
310 6
310 79
310 135
312 0
312 3
312 5
312 41
313 15
313 136
314 5
314 132
316 0
316 1
316 3
316 4
317 25
318 0
318 1
318 4
318 6
318 8
318 105
318 210
319 81
319 127
320 33
320 153
320 197
320 294
321 44
321 235
322 209
323 2
323 211
324 23
324 126
325 1
325 61
326 263
327 9
327 15
327 94
328 220
328 228
328 297
329 5
329 6
329 95
329 162
330 0
330 3
330 41
330 312
331 178
332 2
332 3
333 0
333 4
333 6
333 8
334 7
334 87
335 1
335 127
336 5
336 7
336 154
336 262
337 230
338 153
338 320
339 15
339 254
340 2
340 207
341 2
341 33
341 47
342 308
343 326
344 3
344 9
344 15
344 40
345 41
346 3
346 16
346 116
347 7
347 79
347 207
348 0
348 2
348 5
348 142
349 1
349 176
349 185
350 0
350 3
350 105
352 6
352 67
353 42
353 184
354 6
354 18
355 0
355 7
355 65
356 15
356 137
357 0
357 3
357 41
357 312
358 235
359 3
359 5
359 95
360 6
360 9
360 18
361 5
361 6
361 9
362 5
362 42
362 43
363 3
363 8
363 35
364 62
365 0
365 1
365 3
365 4
365 7
365 8
365 105
366 1
366 2
366 9
366 146
367 1
367 5
367 302
368 0
368 4
368 309
369 0
369 3
369 5
369 8
369 9
369 41
370 5
371 2
371 184
372 8
372 263
373 3
373 8
373 9
373 35
374 1
374 176
374 349
375 2
376 36
376 234
377 90
378 3
378 23
379 0
379 4
379 48
379 309
380 329
381 0
381 5
381 8
381 41
381 369
382 238
383 3
383 254
384 7
385 5
385 35
385 252
386 32
388 2
388 9
388 89
388 146
389 228
390 4
390 7
390 52
391 1
391 4
391 5
391 33
391 37
392 0
392 3
392 312
392 330
393 0
393 56
395 1
395 2
395 5
395 9
395 233
396 3
396 8
397 4
397 316
398 6
398 8
398 88
399 305
400 5
400 7
400 9
400 89
401 9
401 33
401 145
402 49
402 247
404 8
404 16
404 107
405 5
405 8
405 147
405 241
406 3
406 5
406 9
406 35
407 3
407 23
407 150
408 1
408 3
408 9
408 233
409 1
409 2
409 5
409 7
410 2
410 42
410 184
411 5
411 41
411 369
411 381
412 16
412 163
413 2
413 5
413 348
414 1
414 2
414 210
415 5
415 9
415 296
416 4
416 7
417 1
417 55
418 139
419 7
419 8
419 306
420 220
420 228
420 297
421 0
421 3
421 7
422 146
422 217
422 288
423 16
424 176
424 349
425 5
425 9
425 400
427 0
427 266
428 5
428 76
428 226
429 4
429 29
430 7
430 336
431 1
431 81
431 164
432 115
433 1
433 4
433 8
433 105
433 210
434 1
434 4
434 5
434 6
434 7
436 3
436 5
436 9
436 46
437 12
437 51
438 7
438 79
438 153
439 4
439 6
439 12
439 253
440 11
440 305
441 247
442 0
442 215
443 55
443 417
444 145
444 401
445 1
445 300
446 307
447 126
448 5
448 37
448 99
448 138
449 3
449 7
449 213
450 0
450 2
450 6
450 7
450 105
451 1
451 8
452 3
452 35
453 4
453 6
453 7
453 9
454 7
454 70
455 33
455 173
456 3
456 9
456 15
457 0
457 2
457 6
457 450
458 5
458 213
459 0
459 2
459 3
459 5
459 142
460 15
460 40
460 344
461 5
461 233
461 296
462 3
462 4
463 35
463 252
464 5
464 7
464 400
465 0
465 4
465 368
466 6
467 33
467 135
468 7
468 33
468 79
469 61
469 325
470 7
470 16
470 116
471 3
471 4
471 9
471 52
472 2
472 450
472 457
473 7
473 365
474 5
474 7
475 9
475 103
476 90
476 377
477 1
477 276
478 0
478 266
479 6
479 8
479 221
480 23
481 5
481 145
481 183
482 0
482 5
482 8
483 6
483 12
483 253
484 60
484 177
485 1
485 7
486 2
487 1
487 5
487 8
487 44
488 3
488 421
489 6
489 8
489 398
490 106
491 29
491 429
492 1
492 228
492 297
493 5
493 12
493 51
494 0
494 2
494 4
494 292
495 0
495 3
495 421
496 476
497 296
497 415
498 4
498 5
498 33
498 37
498 391
499 0
499 76
499 243
500 3
500 57
500 165
501 60
501 177
501 249
502 2
502 5
502 275
503 219
504 0
504 7
504 8
504 48
504 309
505 5
505 6
505 15
506 2
506 340
507 323
508 452
509 0
509 1
509 5
509 17
510 114
511 234
512 264
513 35
514 253
514 483
515 469
516 5
516 99
516 138
517 83
517 86
518 2
518 3
518 93
519 2
519 33
519 79
519 207
519 295
520 8
520 177
521 5
522 1
522 9
523 5
523 428
524 324
525 217
526 34
526 50
527 7
527 16
527 22
528 0
528 459
529 5
529 6
529 81
530 5
530 183
530 195
531 0
531 8
531 147
531 241
531 278
532 33
532 197
533 3
533 5
533 147
534 1
534 2
534 9
534 296
535 424
536 5
536 151
537 6
537 216
539 1
539 297
540 98
540 101
541 3
541 312
541 392
542 0
542 8
542 147
543 16
543 412
544 9
544 453
545 5
545 6
545 162
546 7
546 8
546 9
546 52
547 1
547 4
547 316
548 165
548 500
549 156
550 0
550 1
550 4
550 365
551 421
551 495
552 297
552 492
553 444
554 171
554 204
555 530
556 270
558 3
558 4
558 5
558 7
558 52
559 5
559 7
559 190
560 2
560 5
560 9
560 395
561 0
561 4
562 70
562 306
563 8
563 487
564 4
564 7
565 553
566 116
567 500
567 548
568 0
568 5
568 9
568 35
568 41
569 0
569 8
569 542
570 3
570 332
571 0
571 4
571 48
571 309
572 1
572 210
572 414
573 1
573 6
573 17
573 220
574 135
574 310
575 61
575 469
576 0
576 4
576 5
576 39
577 4
577 5
577 179
578 7
578 16
578 163
579 4
579 365
580 4
580 5
580 70
581 2
581 19
581 42
582 0
582 5
582 76
582 196
582 226
584 5
584 9
584 15
584 94
585 310
587 12
587 54
587 66
588 314
589 65
589 355
590 1
590 233
590 296
591 9
591 59
592 1
592 4
592 433
593 6
593 8
593 282
594 539
595 7
595 273
596 221
596 263
597 6
597 489
598 19
598 42
600 309
600 379
601 3
601 213
601 257
602 6
602 12
602 253
602 483
603 9
603 59
604 4
604 7
604 390
605 9
605 603
606 3
606 6
606 9
606 15
606 57
607 2
607 277
608 503
609 3
609 8
609 9
609 41
609 369
610 265
611 483
612 297
612 492
613 272
614 465
615 11
615 31
616 371
617 6
617 450
617 457
618 483
618 514
619 541
620 1
620 522
621 12
621 437
622 70
622 454
623 5
623 6
623 37
624 9
624 68
625 2
625 224
626 5
626 226
626 428
627 3
627 5
628 453
628 544
629 3
629 76
629 129
630 133
631 4
631 206
632 33
632 79
632 153
633 118
634 2
634 3
635 4
635 5
635 7
635 8
636 0
636 243
637 6
637 216
637 537
638 1
638 6
638 297
639 2
640 497
641 0
641 1
641 17
642 5
642 95
642 162
643 115
643 432
644 1
644 2
644 4
644 125
645 7
645 190
645 559
646 9
646 475
647 605
649 80
650 127
651 1
651 6
651 53
652 43
652 362
653 427
654 8
654 479
655 5
655 395
655 560
656 2
656 4
657 3
657 28
658 2
658 341
659 3
659 4
659 7
659 8
659 9
660 5
660 44
660 487
661 11
661 34
661 307
662 59
662 86
663 226
664 5
664 509
665 3
666 2
666 42
667 8
667 41
668 42
669 0
669 1
669 6
669 7
670 3
670 16
670 346
671 16
671 187
672 7
672 262
672 336
673 3
673 5
673 312
674 8
674 22
675 370
676 4
676 6
676 7
676 240
677 0
677 1
677 6
677 9
678 7
678 8
678 419
679 496
680 176
680 424
681 297
681 612
682 0
682 4
682 7
682 8
682 309
683 110
684 4
685 1
685 3
685 5
685 8
685 89
686 5
686 37
686 138
686 448
687 40
687 344
688 3
688 164
689 12
689 253
689 439
690 0
690 2
690 5
690 142
690 348
691 1
691 196
692 588
693 2
693 371
694 400
694 464
695 70
695 622
696 3
696 90
696 128
697 4
698 4
698 7
698 8
698 9
699 15
699 136
700 2
700 7
700 187
701 3
701 6
701 137
702 0
702 4
702 682
703 619
704 4
704 8
704 9
704 48
705 0
705 5
705 226
705 582
706 0
706 5
706 142
707 0
707 5
707 41
707 369
707 381
708 15
708 460
709 1
709 210
709 414
710 2
711 52
711 390
712 2
712 9
713 6
713 9
713 15
713 94
714 7
716 418
717 235
717 321
718 310
719 0
719 392
720 9
720 395
721 5
721 409
722 5
723 40
723 687
724 12
724 51
725 7
725 188
726 367
727 4
727 8
727 279
728 7
728 336
728 672
729 7
729 89
730 8
730 685
731 463
732 8
732 276
733 2
733 4
733 7
733 8
734 17
734 573
735 2
735 5
735 690
736 0
736 1
736 4
736 210
736 292
737 37
737 99
737 138
738 5
738 95
739 3
739 8
739 15
739 36
740 8
740 704
741 5
741 428
742 5
742 41
742 381
743 165
744 72
745 4
745 102
746 34
746 307
747 4
747 733
748 1
748 5
748 409
749 708
750 6
750 253
750 483
751 0
751 1
751 4
751 5
751 6
752 7
753 138
753 737
754 237
754 268
755 59
756 176
757 650
758 4
758 659
759 0
759 1
759 9
759 677
760 7
760 8
760 70
761 4
761 292
762 3
762 57
762 201
763 35
763 304
765 1
765 2
765 55
766 655
767 1
767 9
767 33
767 37
768 5
768 40
769 33
769 135
769 467
771 6
771 88
771 398
772 3
772 5
772 8
772 369
773 0
773 87
773 222
774 639
775 115
775 432
776 3
776 23
776 378
777 9
778 9
778 10
778 18
779 160
780 3
780 129
780 629
781 9
781 15
781 713
782 16
782 163
783 542
784 88
784 169
785 0
785 8
785 41
786 561
787 3
787 4
787 5
787 7
787 52
787 558
788 35
788 252
788 385
789 15
789 713
790 4
790 7
791 4
791 6
791 12
791 439
792 254
792 339
794 479
795 1
795 210
795 292
795 736
796 414
797 8
798 1
798 5
798 35
798 98
799 0
799 1
799 2
799 3
799 4
799 7
799 8
799 9
800 4
800 397
801 6
801 282
802 12
803 6
803 8
803 88
803 109
805 2
805 55
805 63
806 507
807 5
807 55
807 175
808 9
809 0
809 4
809 48
809 244
810 412
811 7
811 336
811 728
812 0
812 1
812 9
812 759
813 623
814 120
815 72
816 6
816 15
816 40
816 237
817 4
817 206
818 2
818 12
819 807
820 6
820 8
821 15
821 456
822 513
823 1
823 4
823 5
823 33
823 37
823 99
824 25
824 104
825 1
825 3
825 4
825 7
825 8
826 7
826 409
827 4
827 5
827 6
827 53
828 5
828 33
828 37
829 470
830 4
830 5
830 70
830 580
831 519
832 35
832 41
832 80
833 711
834 2
834 16
835 0
835 705
836 34
837 7
837 728
837 811
839 6
839 12
839 602
840 1
840 5
840 8
840 487
841 1
841 233
841 408
842 808
843 5
844 0
844 5
844 35
844 41
844 568
845 210
845 414
845 709
846 4
846 465
847 629
847 780
848 2
848 4
848 6
848 179
849 131
849 140
850 153
851 0
851 3
851 5
851 35
851 41
852 1
852 33
852 767
853 1
853 6
853 9
853 296
854 0
854 20
854 58
855 671
856 221
857 5
857 428
857 626
858 59
858 86
859 0
859 4
859 7
859 8
859 682
860 6
860 7
860 9
860 453
861 5
861 20
862 0
862 1
862 4
863 0
863 571
864 5
864 98
865 1
865 3
865 4
865 105
865 365
866 1
866 101
867 8
867 112
868 8
868 419
868 678
869 16
869 283
870 1
870 3
870 5
870 6
870 9
871 36
871 192
872 4
872 316
872 547
873 2
873 184
873 371
874 548
874 567
875 6
876 0
876 7
876 244
877 166
878 2
878 4
878 8
878 60
879 3
879 762
880 280
881 253
881 514
883 9
883 713
884 2
884 5
884 6
884 296
885 134
886 447
887 2
887 5
887 275
887 502
888 3
888 6
888 8
888 15
888 57
889 12
889 29
891 7
891 474
892 0
892 5
892 48
893 340
893 506
894 0
894 1
894 2
894 3
894 6
894 7
894 105
895 37
895 285
896 0
896 3
896 95
897 424
897 680
898 647
899 33
899 135
900 701
901 2
901 5
902 33
902 207
903 88
903 143
904 3
904 5
904 36
904 192
905 16
906 0
906 2
907 42
908 483
908 514
908 618
909 6
909 33
909 145
910 0
910 212
911 98
911 101
912 0
912 1
912 3
912 4
912 7
912 105
912 365
914 3
914 6
914 870
915 296
915 461
916 0
916 8
916 41
916 369
916 381
917 0
917 9
917 677
918 7
918 8
918 546
919 7
919 8
919 306
919 419
920 100
921 8
921 252
921 300
922 5
922 99
922 138
924 8
924 919
925 199
926 1
926 2
926 105
926 210
926 292
927 7
929 1
929 37
929 99
929 823
930 4
930 8
930 60
930 878
931 6
931 67
932 12
932 253
932 439
933 16
933 834
934 817
935 1
935 3
935 4
935 8
935 825
936 0
936 854
937 0
937 1
937 17
938 3
938 4
938 5
938 8
938 154
939 4
939 210
939 292
940 553
941 35
941 41
941 568
942 2
942 179
942 848
943 7
943 187
944 401
944 444
945 4
945 7
945 8
945 48
946 1
947 1
947 220
948 243
949 0
949 7
949 105
950 36
950 234
951 1
951 7
951 145
952 135
952 310
953 127
953 650
954 5
954 7
954 154
955 3
955 378
956 8
957 5
958 35
958 941
959 4
959 727
960 5
960 241
960 405
961 5
961 43
961 362
962 6
962 53
962 827
963 33
963 153
963 197
963 294
963 320
964 1
964 5
964 44
965 6
965 81
965 148
966 0
966 3
966 48
968 5
968 19
969 511
970 670
971 211
972 782
973 8
973 147
974 106
975 5
975 51
976 143
977 0
977 39
977 576
978 919
978 924
979 2
979 93
979 518
980 7
980 430
981 8
981 217
982 0
982 5
982 7
983 110
984 179
984 848
984 942
985 513
986 2
986 3
986 9
986 89
987 271
988 2
988 7
988 275
989 567
989 874
990 7
990 8
990 70
990 122
991 0
991 5
991 751
992 8
992 921
993 3
993 36
993 192
993 904
994 284
995 5
995 7
995 409
996 7
996 242
997 7
997 27
997 242
998 1
998 5
998 6
998 17
999 544
999 628
