1 0
2 0
2 1
3 0
3 1
3 2
4 0
4 1
4 2
4 3
5 0
5 1
5 2
5 3
5 4
6 0
6 1
6 2
6 3
6 4
6 5
7 0
7 1
7 2
7 3
7 4
7 5
7 6
8 0
8 1
8 2
8 3
8 4
8 5
8 6
8 7
9 0
9 1
9 2
9 3
9 4
9 5
9 6
9 7
9 8
10 3
10 5
10 7
11 1
11 3
11 4
12 0
12 1
12 2
13 0
13 1
13 2
13 3
13 5
13 6
14 2
15 1
15 4
15 11
16 1
16 15
17 3
17 7
17 10
18 1
18 3
18 7
19 3
19 4
20 0
20 2
20 7
20 8
21 2
21 5
21 13
24 1
24 2
24 3
24 4
24 5
24 6
25 2
25 4
25 5
25 6
25 7
25 9
26 7
26 20
27 2
27 13
28 3
28 6
29 3
29 4
29 7
29 8
29 9
30 0
30 3
30 4
30 6
30 7
30 8
31 6
33 3
33 8
33 30
34 3
34 4
35 1
35 2
35 7
35 8
36 7
36 26
37 2
37 5
38 5
39 1
39 4
40 1
40 4
40 11
41 3
41 8
41 33
42 2
42 4
43 4
44 4
44 9
45 0
45 1
45 2
45 4
45 6
45 7
46 0
46 1
46 12
47 0
47 3
47 6
47 7
47 9
48 3
48 7
49 30
50 1
50 3
51 1
51 3
51 5
52 0
52 1
52 2
52 3
52 7
53 0
53 9
55 37
56 0
56 6
58 1
58 18
59 0
59 4
59 6
60 0
60 2
60 5
61 0
61 2
61 4
61 7
61 9
63 4
63 9
63 25
64 3
64 7
65 7
65 9
66 0
66 6
66 13
68 2
68 3
68 4
69 5
69 60
70 5
70 21
71 2
71 3
71 4
72 1
72 4
72 5
72 6
72 7
72 8
72 9
73 1
73 7
73 35
74 1
74 5
74 6
75 4
75 34
77 2
77 35
78 27
80 3
80 6
80 7
80 8
81 33
82 1
82 4
82 24
83 0
83 2
83 5
84 0
84 8
84 30
86 0
86 2
87 0
87 2
87 3
87 5
87 6
87 7
88 2
88 4
88 68
89 2
89 4
89 68
89 88
90 3
90 8
90 29
91 0
91 1
91 5
91 6
91 7
91 8
94 4
94 25
95 81
96 53
97 6
97 8
98 3
98 5
98 6
98 24
99 98
101 0
101 2
101 7
101 61
102 4
102 6
102 7
102 25
104 2
104 35
105 3
105 8
105 90
106 2
106 3
107 0
107 2
107 5
108 9
108 61
109 9
109 53
110 2
110 4
110 6
110 8
111 77
112 0
112 9
112 53
113 2
113 7
115 4
115 88
115 89
116 4
116 6
116 59
117 2
117 3
117 4
119 0
119 2
119 3
119 5
119 6
120 25
121 74
123 3
123 9
123 29
125 4
125 71
126 7
126 61
127 25
128 7
128 35
129 11
130 2
130 3
130 4
130 5
130 24
131 0
131 1
131 4
131 6
131 9
132 2
132 5
132 7
132 9
132 25
133 0
133 5
133 13
134 0
134 3
134 5
135 0
135 61
135 101
136 4
136 7
137 1
138 1
138 12
139 132
140 0
140 2
140 3
140 5
141 126
142 1
142 2
143 3
144 5
144 107
145 0
145 1
145 2
145 4
145 8
145 9
147 3
147 4
148 4
148 82
149 8
149 41
150 108
151 6
151 7
151 9
151 72
152 6
152 59
153 3
153 105
154 1
154 2
154 4
154 6
156 5
156 9
156 25
157 3
157 106
158 5
158 98
159 5
160 70
161 0
161 1
162 5
162 6
164 9
164 29
165 2
165 3
166 2
166 3
167 159
168 1
168 5
169 3
170 166
171 149
173 3
173 34
174 35
174 104
175 2
175 4
175 154
176 4
176 147
177 2
177 3
177 5
177 7
177 87
178 3
180 2
180 117
181 29
181 164
182 8
182 110
183 0
183 3
183 30
184 5
185 1
185 2
185 4
185 7
185 45
186 73
187 1
187 2
188 1
188 7
189 0
189 2
189 3
189 4
189 5
190 142
191 0
191 4
191 59
192 4
193 2
193 4
193 68
193 89
194 95
195 3
195 6
196 2
196 6
196 110
199 2
199 68
200 20
200 26
201 3
201 8
201 105
202 2
202 5
202 25
203 0
203 101
203 135
204 0
204 1
204 12
206 24
207 0
207 1
207 4
207 5
207 6
209 0
209 1
209 207
210 0
210 1
210 4
211 176
212 0
212 4
212 8
213 4
213 68
214 2
214 6
214 119
215 3
215 29
216 0
216 2
216 4
216 7
216 9
217 7
217 17
218 3
218 7
219 3
219 7
219 10
220 3
220 166
221 6
221 56
223 6
223 66
224 162
225 29
226 5
226 6
226 87
227 88
227 89
227 115
228 2
229 53
230 0
230 101
230 203
231 0
231 4
231 210
232 1
232 3
232 4
232 6
233 11
234 0
235 8
236 9
236 29
237 1
237 2
237 3
238 90
238 105
239 2
239 13
239 21
240 2
240 3
240 7
240 177
241 1
241 2
241 24
242 1
242 3
242 7
242 18
243 3
243 33
244 6
244 110
245 4
245 11
245 15
247 98
248 5
249 6
249 59
251 1
251 2
252 6
253 0
253 1
253 4
253 131
254 4
254 24
254 130
255 4
255 40
256 101
257 33
257 81
258 37
259 4
260 6
261 0
261 3
261 4
262 1
262 2
262 5
262 6
263 0
263 5
264 6
265 0
265 4
265 6
265 7
266 99
267 13
267 27
268 0
268 2
268 7
269 9
270 53
270 112
271 7
271 25
271 132
272 1
272 4
272 7
272 45
272 185
273 178
274 0
274 3
275 27
275 78
276 1
276 210
277 1
277 2
277 5
277 6
277 13
278 3
278 220
279 11
279 15
280 4
280 39
282 8
282 97
283 228
284 1
284 131
285 2
285 7
287 6
287 66
288 1
288 2
288 3
290 3
290 90
290 105
291 270
292 4
292 255
293 120
294 2
294 3
294 4
294 6
294 7
295 3
295 5
295 6
295 98
296 0
296 3
297 151
298 225
299 188
300 3
300 6
300 98
301 25
302 194
303 136
305 0
305 7
305 265
306 0
306 2
306 4
306 8
306 9
307 5
307 226
308 132
309 13
309 239
310 1
310 209
311 6
311 102
312 1
312 3
312 6
313 2
313 7
314 109
315 1
315 2
315 3
315 4
316 6
317 0
317 4
319 29
320 2
320 7
320 61
320 101
321 33
321 81
322 290
323 1
324 2
324 3
325 6
325 98
325 295
326 81
326 257
329 275
330 1
330 7
330 18
331 5
332 2
332 68
333 3
335 5
335 7
335 25
336 3
336 7
337 259
338 2
338 3
338 294
341 5
341 9
341 25
342 185
343 11
344 25
345 0
346 235
347 2
347 5
347 6
348 0
348 7
348 8
349 138
350 1
350 7
350 35
351 4
351 44
352 1
353 68
354 82
355 106
356 0
357 215
359 0
359 1
359 4
359 8
360 7
360 348
362 2
362 7
362 25
363 2
363 5
363 6
364 6
364 31
365 1
366 1
366 4
366 359
367 178
369 1
369 2
369 6
369 262
372 4
372 6
372 232
373 2
373 313
374 3
375 88
375 227
376 365
377 7
378 0
378 1
378 4
378 131
380 7
380 25
381 6
381 312
382 7
382 101
383 1
383 2
383 3
383 4
383 7
384 1
384 5
384 7
384 8
385 249
386 343
387 7
388 2
388 7
388 61
389 101
390 2
390 6
390 262
391 68
391 89
391 193
392 347
393 1
393 3
393 7
393 18
393 242
394 232
394 372
395 374
396 341
397 101
398 4
399 4
401 2
401 5
401 13
402 5
402 6
403 4
403 5
403 6
403 7
404 3
404 105
404 290
405 3
406 291
407 260
408 61
408 101
408 320
409 147
410 6
410 98
411 1
411 4
411 9
412 0
412 2
412 5
412 13
413 1
413 161
414 29
416 0
416 1
416 204
417 40
418 0
418 4
418 59
419 0
419 3
419 9
420 25
421 1
422 2
422 3
422 7
423 170
424 3
424 33
425 0
425 5
425 6
427 3
428 1
428 7
429 2
429 68
429 193
430 4
430 6
430 232
432 7
432 17
433 2
433 12
434 53
434 109
435 2
435 433
436 3
436 10
437 1
437 2
438 5
438 10
440 133
442 1
442 251
444 8
444 105
445 4
445 59
445 191
446 35
446 77
447 2
447 4
447 7
448 0
448 6
448 13
450 1
450 4
450 366
451 2
451 6
451 262
451 390
452 2
452 68
452 332
454 405
455 27
455 275
456 221
457 3
457 288
458 4
458 9
459 399
460 4
460 378
461 2
461 332
463 2
463 6
463 9
463 25
464 5
464 7
464 132
465 1
465 3
466 0
466 8
466 9
467 135
468 2
468 4
468 8
468 110
469 0
469 2
469 5
469 140
470 0
470 9
470 47
471 2
471 6
472 89
472 115
473 101
473 320
473 408
474 293
475 1
475 4
475 131
475 253
476 4
476 5
476 7
476 9
476 25
477 68
477 89
477 193
478 1
479 0
479 1
480 110
480 182
481 1
482 0
482 1
482 2
482 4
482 9
483 68
483 452
484 8
485 25
485 476
486 6
486 264
487 307
488 455
490 0
490 207
491 0
491 3
491 30
492 8
492 33
493 2
493 5
493 13
493 277
494 1
495 2
496 447
497 0
497 2
497 20
498 143
499 4
500 4
500 5
500 7
500 9
500 25
500 476
501 424
503 1
503 45
504 66
504 223
505 1
505 2
505 4
505 45
506 0
506 1
506 2
507 0
507 203
508 4
508 25
509 367
510 61
510 320
510 408
511 0
511 1
511 2
511 4
511 5
511 7
512 4
513 13
513 21
514 3
514 28
515 0
515 1
516 162
517 320
519 60
519 69
520 2
521 0
521 59
521 418
522 377
523 4
524 262
524 369
525 5
526 1
526 3
526 18
526 393
527 6
527 7
527 151
529 2
529 13
530 48
531 2
531 7
531 268
532 1
532 384
533 4
534 4
534 5
534 25
534 476
535 2
535 237
536 68
536 477
537 158
538 0
538 2
538 3
538 6
539 2
539 4
539 7
539 447
540 68
541 0
541 4
542 2
543 2
543 529
544 2
545 44
545 351
547 501
548 138
549 499
550 5
550 263
552 5
552 9
552 25
553 115
554 3
554 338
556 0
556 1
558 1
558 2
558 3
558 4
559 7
559 9
561 1
561 2
561 6
562 1
563 7
563 360
564 6
564 56
565 480
566 4
566 7
568 25
569 2
569 6
570 2
570 4
571 59
572 466
573 314
575 265
576 0
576 4
576 30
577 4
577 5
577 6
578 9
578 269
579 568
580 45
581 88
581 227
583 2
583 3
584 110
585 5
586 0
586 5
587 4
587 5
588 10
589 1
589 3
589 7
589 242
590 1
590 7
592 168
594 4
594 131
596 5
596 25
596 156
597 383
598 13
598 277
599 0
599 9
600 7
600 128
601 331
603 0
603 4
604 7
604 126
606 2
606 21
606 239
607 35
607 104
608 596
609 19
610 1
610 4
610 40
611 299
612 4
612 131
612 253
613 0
613 53
613 112
614 2
614 7
615 610
616 5
616 6
616 363
617 3
618 1
618 2
618 5
618 13
620 4
620 9
621 563
623 9
624 1
624 2
625 3
625 33
626 68
627 4
627 7
627 185
628 0
628 1
628 2
628 9
628 482
629 44
630 0
630 61
631 3
631 4
631 6
632 6
632 25
632 102
633 162
634 8
634 182
636 533
637 530
638 5
638 263
639 2
639 7
639 9
640 6
641 13
641 277
642 1
642 3
642 7
643 119
644 4
645 270
646 2
646 4
646 5
647 0
647 4
647 191
648 405
649 126
650 8
651 5
651 107
652 2
652 4
652 88
654 403
655 0
655 2
655 6
655 7
655 87
656 5
656 156
657 43
659 5
659 646
660 314
661 20
662 576
663 2
663 4
664 5
664 133
665 44
666 313
666 373
667 586
668 0
668 416
669 0
669 1
669 4
669 9
669 131
670 2
670 117
670 180
671 493
672 5
672 6
672 226
673 0
673 1
673 204
674 7
674 600
675 24
675 98
676 75
677 7
677 428
678 2
678 3
678 4
678 5
678 24
679 1
679 7
679 45
679 185
680 0
680 1
680 4
680 6
680 7
681 249
683 41
683 149
684 659
685 6
685 28
686 679
689 1
689 188
690 25
690 132
691 187
692 0
692 1
692 2
692 7
692 45
693 7
693 17
693 432
694 8
694 72
695 1
695 204
695 416
696 3
696 123
697 123
697 696
698 0
698 491
699 1
699 3
699 18
700 59
701 569
702 5
702 6
702 13
703 8
703 20
704 2
704 4
704 7
705 3
705 4
705 5
705 6
705 7
706 105
707 0
707 1
707 3
707 6
708 59
708 249
709 2
710 7
710 218
711 535
712 654
714 6
715 2
715 5
715 6
715 13
716 0
716 479
717 480
719 4
719 631
720 195
721 0
721 305
722 643
723 1
724 0
724 3
724 5
724 6
724 119
725 4
725 189
726 1
728 364
729 262
729 369
730 4
730 213
731 83
732 365
733 2
733 6
733 363
734 691
735 412
736 0
736 4
737 0
738 8
738 468
739 1
739 232
740 1
740 5
740 9
741 5
741 6
741 74
743 9
744 320
744 517
745 77
746 1
747 436
748 3
748 4
748 130
749 3
749 4
750 479
751 2
751 6
753 2
753 288
754 4
754 512
755 2
755 13
756 5
756 331
757 529
757 543
758 3
759 60
759 69
761 262
763 25
763 132
764 5
764 25
764 534
765 7
765 380
768 4
770 43
771 247
772 1
772 2
772 505
773 5
774 313
775 524
777 3
777 424
778 5
780 1
780 4
780 411
781 1
781 2
781 482
782 4
783 3
784 2
784 288
786 2
786 13
786 277
786 493
787 359
788 643
791 2
791 165
793 59
793 152
794 98
794 99
795 5
795 9
795 25
795 552
796 31
796 364
797 1
797 3
797 6
798 4
798 5
799 4
799 6
799 7
799 294
800 2
800 538
804 275
805 5
805 226
806 0
806 7
806 9
806 61
807 12
808 2
808 262
809 3
810 168
812 1
812 45
812 503
813 1
813 2
813 9
814 5
814 585
815 531
816 2
816 4
816 294
817 3
818 631
819 1
821 324
822 4
823 131
824 251
825 6
827 0
827 59
827 191
828 0
828 3
829 4
830 4
830 359
831 0
831 2
832 4
832 213
834 25
834 271
835 0
835 2
835 140
836 3
836 4
836 5
836 24
837 2
837 347
838 666
840 3
840 4
840 678
841 5
841 6
841 403
842 1
842 482
843 5
843 140
844 2
844 3
845 2
845 5
845 13
845 493
846 0
846 1
846 4
846 6
846 9
847 5
848 107
849 6
850 305
850 721
851 7
851 432
852 0
852 1
852 131
854 4
854 232
855 1
855 2
855 185
856 0
856 8
856 359
857 6
857 102
857 632
858 180
860 225
861 5
861 6
861 13
861 715
862 0
862 101
863 227
863 581
864 7
864 600
865 4
865 8
866 7
866 677
867 88
867 375
868 661
871 7
871 18
871 330
872 0
873 3
874 1
874 2
874 4
874 5
874 6
874 7
874 8
875 70
876 0
876 5
876 6
876 8
877 4
877 799
878 141
879 0
879 1
880 29
880 181
881 0
881 4
882 3
882 4
883 68
884 2
884 27
885 56
886 61
887 94
888 0
888 3
888 5
888 6
889 728
890 0
890 736
892 1
892 4
892 8
892 359
893 4
893 383
894 5
895 1
896 24
896 130
896 254
899 7
899 101
899 320
900 797
902 89
903 21
903 70
904 1
904 2
905 3
905 4
905 8
905 9
906 2
906 4
908 4
908 411
909 0
910 166
910 220
911 3
911 6
911 538
912 5
912 83
913 45
913 679
914 0
914 1
914 2
914 6
918 389
919 4
919 44
920 147
921 3
921 8
921 905
923 68
923 536
924 7
924 9
927 812
928 3
928 6
928 911
930 293
931 547
932 710
933 3
933 840
934 2
935 8
935 20
936 0
936 3
936 7
936 87
937 8
937 876
939 101
940 3
940 288
941 0
941 862
942 7
942 18
942 330
943 270
945 6
946 1
946 5
946 6
946 7
946 91
947 25
948 1
948 3
948 797
949 254
950 131
950 378
952 902
953 204
953 695
954 25
954 764
955 0
955 1
955 253
957 6
958 0
958 2
958 7
958 45
958 692
959 429
960 5
960 6
960 715
960 861
962 2
963 126
964 2
964 3
965 569
966 7
967 45
967 812
968 686
969 63
970 0
970 4
970 189
971 29
971 215
972 1
972 4
972 185
973 6
974 7
974 600
974 674
976 53
977 2
978 1
979 894
980 61
980 126
981 53
982 0
982 7
983 2
983 180
986 3
986 783
987 0
987 8
987 466
990 1
992 69
993 5
993 6
994 630
995 3
995 7
995 29
996 68
996 88
997 703
998 723
999 164
