1 0
2 0
2 1
3 0
3 1
3 2
4 0
4 1
4 2
4 3
5 0
5 1
5 2
5 3
5 4
6 0
6 1
6 2
6 3
6 4
6 5
7 0
7 1
7 2
7 3
7 4
7 5
7 6
8 0
8 1
8 2
8 3
8 4
8 5
8 6
8 7
9 0
9 1
9 2
9 3
9 4
9 5
9 6
9 7
9 8
10 0
10 1
10 2
10 3
10 4
11 1
11 2
11 3
11 4
12 0
12 3
12 4
12 5
12 6
12 7
12 8
13 0
13 1
13 2
13 3
13 4
13 5
13 6
13 7
14 0
14 1
14 2
14 3
14 5
14 6
14 7
14 8
15 0
15 1
15 2
15 3
15 4
15 5
15 7
16 0
16 4
16 5
16 6
16 7
16 8
16 12
17 0
17 2
17 3
17 5
17 6
17 7
17 8
18 0
18 2
19 0
19 5
19 6
19 7
19 8
20 0
20 2
20 3
20 5
20 6
20 8
21 0
21 1
21 2
21 3
21 4
22 1
23 0
23 1
23 2
23 3
23 4
24 0
24 1
24 2
24 3
24 4
24 5
24 6
24 7
24 8
25 0
25 2
25 3
25 4
25 5
25 6
25 7
26 0
26 1
26 2
26 3
26 4
26 6
26 7
26 8
27 0
27 1
27 3
27 4
27 6
28 0
28 1
28 3
28 4
28 6
29 0
29 5
29 7
29 8
30 0
30 2
30 3
31 1
31 2
31 3
31 4
31 5
32 0
32 3
32 4
32 6
33 0
33 1
33 2
33 3
33 4
33 5
33 7
33 8
34 0
34 5
34 8
35 0
35 2
35 3
35 4
35 5
35 6
35 7
36 0
36 1
36 2
36 4
36 5
36 6
37 0
37 2
37 3
37 5
37 6
37 7
37 8
38 0
38 1
38 2
38 3
38 4
39 1
39 3
39 4
39 6
40 2
40 3
40 4
41 0
41 2
41 3
41 5
41 6
41 8
42 0
42 1
42 3
42 6
43 0
43 1
43 2
43 3
44 0
44 2
44 5
44 6
44 7
45 0
45 2
45 4
45 5
45 6
46 0
46 5
46 7
46 8
47 1
47 3
47 4
47 6
48 1
48 2
48 3
49 0
49 1
49 2
49 3
49 4
49 5
49 6
50 0
50 1
50 2
50 3
51 0
51 1
51 2
51 3
52 0
52 1
52 2
52 3
52 4
52 5
52 6
52 7
53 2
53 3
53 5
53 6
53 7
53 8
54 0
54 1
54 2
54 4
54 5
54 6
54 7
54 8
55 0
55 2
55 4
55 5
55 6
56 0
56 1
56 2
56 3
56 4
56 5
56 6
57 2
57 5
57 7
57 8
58 0
58 1
58 3
58 4
58 6
60 1
60 2
60 3
61 0
61 2
61 3
61 5
61 6
62 0
62 2
62 5
62 6
62 7
62 8
63 1
63 3
63 6
64 0
64 1
64 2
64 3
64 4
64 5
65 0
65 1
65 2
65 3
65 4
65 6
65 7
66 2
66 3
66 5
66 7
66 8
67 0
67 1
67 3
67 4
68 0
68 1
68 2
68 3
69 0
69 1
69 2
69 3
70 0
70 1
70 2
70 3
70 4
70 5
70 7
71 0
71 5
71 8
72 2
72 3
72 4
72 5
72 6
73 0
73 5
73 6
73 7
74 0
74 1
74 2
74 4
74 5
74 6
74 7
75 0
75 1
75 2
75 4
75 5
75 6
75 7
76 1
76 2
76 4
76 5
76 6
76 7
77 2
77 3
77 5
77 7
77 8
78 0
78 1
78 2
78 3
78 5
78 6
78 8
79 0
79 2
79 3
80 2
80 5
80 6
80 7
81 0
81 2
81 3
81 4
81 5
81 6
81 7
82 0
82 3
82 5
82 6
83 0
83 5
83 6
83 7
84 2
84 3
84 5
84 6
84 8
85 1
85 3
85 4
86 0
86 2
86 3
86 5
86 6
86 7
87 0
87 2
87 3
87 4
87 5
87 6
87 7
88 1
88 2
88 3
88 4
89 1
89 2
90 0
90 1
90 2
90 4
90 6
91 1
91 2
91 4
91 6
91 7
92 1
92 2
92 3
92 4
92 5
92 6
93 0
93 1
93 3
93 4
93 6
94 0
94 1
94 3
94 4
94 5
94 6
95 0
95 1
95 3
95 4
95 6
95 7
96 0
96 2
96 5
96 6
96 7
97 0
97 1
97 2
97 4
98 2
98 3
98 5
98 6
98 7
98 8
99 0
99 1
99 2
99 3
99 5
99 6
100 0
100 3
100 6
101 0
101 1
101 2
101 3
101 5
101 6
101 7
101 52
102 0
102 1
102 2
102 4
102 6
102 7
102 8
103 0
103 1
103 2
103 4
103 5
104 2
104 3
104 5
104 6
104 8
105 1
105 3
105 4
105 5
106 0
106 5
106 7
107 2
107 3
107 5
107 6
107 8
108 0
108 3
108 4
108 5
108 6
109 3
109 4
109 5
109 6
109 7
109 8
110 1
110 2
110 3
110 4
110 5
111 0
111 1
111 2
111 4
111 5
111 6
112 0
112 2
112 3
112 4
113 2
113 3
113 5
113 6
113 8
114 0
114 1
114 2
114 3
114 4
114 5
114 6
115 0
115 2
115 3
115 4
115 7
116 0
116 2
116 3
116 4
116 6
116 7
117 2
117 4
118 0
118 1
118 2
118 3
118 4
119 2
119 3
119 5
119 6
119 7
119 8
120 5
120 6
120 7
121 1
121 2
121 4
122 0
122 1
122 2
122 5
123 3
123 5
123 6
123 7
123 8
124 2
124 3
124 5
124 7
124 8
125 0
125 1
125 2
125 3
126 0
126 1
126 2
126 3
126 5
126 6
126 7
126 8
127 0
127 1
127 2
127 4
127 5
127 7
127 8
128 0
128 2
128 3
128 4
128 5
128 6
129 1
129 2
129 3
129 5
129 6
130 0
130 1
130 2
130 3
130 4
131 0
131 3
131 4
131 5
131 6
131 7
132 0
132 1
133 0
133 2
133 3
133 5
133 6
133 7
133 52
134 2
134 3
134 5
134 6
135 0
135 2
135 3
135 4
136 0
136 2
136 3
136 5
136 6
137 0
137 1
137 2
137 3
137 5
138 3
138 6
139 0
139 1
139 2
139 3
139 4
139 6
140 0
140 1
140 2
140 3
140 6
140 7
140 52
141 2
141 3
141 4
141 6
141 7
142 0
142 2
142 3
142 5
143 0
143 1
143 3
143 4
143 6
144 0
144 1
144 3
144 4
145 0
145 1
145 4
145 5
145 6
146 0
146 2
146 3
146 4
146 5
146 7
147 0
147 1
147 2
147 4
147 6
148 0
148 1
148 3
148 4
148 5
148 6
148 7
149 0
149 2
149 5
149 6
150 2
150 3
150 4
151 0
151 2
151 5
151 6
151 8
152 0
152 1
152 3
152 4
153 0
153 1
153 3
153 4
154 1
154 3
154 4
155 0
155 1
155 3
156 1
156 2
156 3
156 5
157 3
157 4
158 2
159 1
159 2
159 3
159 5
159 6
160 4
160 5
160 6
160 7
160 8
160 12
161 1
161 2
161 3
161 4
161 5
162 0
162 1
162 2
162 3
162 5
162 6
162 8
163 0
163 6
163 7
164 0
164 2
164 5
164 6
164 7
165 0
165 2
165 5
165 7
166 0
166 2
166 5
166 6
167 0
167 2
167 3
167 4
168 0
168 4
168 5
168 6
168 8
168 12
169 1
169 2
169 3
170 1
170 2
170 5
170 6
171 0
171 1
171 3
171 4
172 0
172 2
172 3
173 0
173 1
173 2
173 4
173 7
173 8
174 1
174 4
175 0
175 1
175 5
176 0
176 2
176 3
176 4
176 5
177 1
177 4
178 0
178 1
178 2
178 3
178 5
178 6
178 162
179 2
179 3
180 0
180 1
180 2
180 7
180 8
181 1
181 2
181 3
182 3
182 4
182 5
182 6
182 7
183 0
183 1
183 2
183 5
183 6
183 8
184 0
184 1
184 2
184 3
184 5
184 6
184 7
185 0
185 1
185 2
185 3
185 5
185 7
186 0
186 1
186 2
187 0
187 2
187 5
187 6
188 0
188 5
189 4
189 5
189 7
189 8
189 12
190 2
190 3
190 5
190 6
190 7
191 1
191 2
192 2
192 4
193 4
193 5
193 8
193 12
194 0
194 2
194 3
194 6
194 8
195 0
195 2
195 3
195 5
195 6
195 8
196 2
196 3
196 4
196 5
196 6
196 7
197 0
197 1
197 2
197 3
197 4
197 5
197 6
197 7
198 0
198 2
198 5
198 6
198 7
198 8
199 0
199 2
199 3
199 5
200 0
200 1
200 2
200 4
200 5
200 7
201 4
202 1
203 0
203 3
203 4
203 6
204 0
204 1
204 3
204 5
204 6
204 7
205 1
205 3
205 4
206 0
206 1
206 2
206 4
206 6
206 7
206 8
207 0
207 1
207 2
207 3
207 5
207 6
207 7
207 8
208 2
208 5
208 6
208 7
208 8
209 2
209 3
209 5
209 6
210 4
210 7
210 8
210 12
211 0
211 1
211 2
211 4
211 5
211 7
211 8
212 0
212 2
212 3
212 4
212 5
212 6
213 0
213 2
213 3
213 4
213 5
213 6
214 0
214 1
214 2
214 3
214 5
214 6
214 7
215 0
215 2
215 3
215 5
215 6
215 7
215 8
216 1
216 2
216 4
216 5
217 1
217 3
217 4
217 5
217 6
217 7
218 2
218 3
218 7
218 8
219 0
219 1
219 2
219 4
220 2
221 0
221 2
221 3
221 4
221 5
221 6
222 1
222 2
222 3
222 5
222 6
223 0
223 2
223 4
223 5
223 6
223 7
224 7
224 8
224 12
225 0
225 2
225 3
225 4
225 5
225 6
226 0
226 2
226 3
227 0
227 1
227 2
227 4
227 5
228 0
228 2
229 0
229 2
229 3
229 5
229 7
230 0
230 1
230 2
230 4
231 1
231 4
232 0
232 5
233 0
233 3
234 0
234 2
234 4
234 5
234 7
234 8
235 0
235 1
235 2
235 3
235 4
236 0
236 1
236 2
237 0
237 1
237 2
238 0
238 2
238 3
238 5
238 6
238 7
239 0
239 2
239 4
239 5
239 6
240 1
240 2
240 3
240 4
240 5
240 6
240 7
241 0
241 1
241 2
241 3
241 6
241 162
242 2
242 3
242 4
242 5
242 6
243 2
243 3
243 4
244 0
244 3
244 5
244 8
245 1
245 2
245 3
245 5
246 0
246 2
246 5
246 7
246 8
247 1
247 3
248 0
248 3
249 0
249 1
249 2
249 7
249 8
250 0
250 2
250 5
250 6
251 0
251 1
251 2
251 3
251 5
251 6
251 7
252 5
252 6
253 0
253 1
253 2
253 3
253 4
253 5
253 6
254 0
254 2
254 5
255 0
255 3
255 6
256 1
256 2
256 3
256 4
256 5
256 6
257 1
257 2
257 4
257 5
257 6
258 2
259 2
259 3
259 5
259 6
260 0
260 2
260 3
260 4
261 2
261 5
261 7
261 8
262 2
262 3
262 4
262 5
262 6
263 0
263 1
263 2
263 4
263 5
263 7
263 8
264 0
264 1
264 2
265 0
265 2
265 3
265 5
265 6
266 1
266 2
266 3
266 4
266 5
266 6
267 0
267 2
268 1
268 2
268 3
268 5
268 6
268 7
269 2
269 3
269 5
269 6
269 7
270 0
270 5
270 6
271 0
271 3
271 6
272 0
272 2
273 0
273 2
273 3
273 4
273 5
273 6
273 7
274 0
274 2
274 4
274 5
274 6
275 1
275 2
275 4
275 6
276 2
276 3
276 7
277 7
277 8
278 1
278 2
278 3
278 4
278 5
278 6
278 7
279 2
281 0
281 2
281 5
281 8
282 3
282 4
282 5
283 0
283 5
283 6
284 0
284 1
284 2
284 3
284 5
284 6
284 7
284 8
285 0
285 2
285 5
286 0
286 3
286 8
287 1
287 2
287 3
287 5
288 2
288 3
288 6
289 1
289 2
289 3
289 5
290 0
290 2
290 7
290 8
291 0
291 1
291 2
291 3
291 5
291 6
291 8
292 2
292 3
292 5
292 7
293 0
293 1
293 3
293 6
293 7
293 52
294 0
294 2
294 3
294 4
294 5
294 7
295 3
295 7
295 8
296 0
296 1
296 2
296 7
296 8
297 0
297 1
297 2
297 8
298 0
298 1
298 2
298 3
298 5
298 6
298 8
299 0
299 3
299 6
300 0
300 2
300 4
300 7
301 0
301 1
301 2
301 5
301 7
301 8
302 0
302 1
302 2
303 0
303 1
303 2
303 3
303 6
303 7
303 52
304 0
304 2
304 3
304 5
304 6
304 7
305 0
305 1
305 3
305 4
305 5
305 7
306 0
306 1
306 2
306 7
306 8
307 0
307 4
307 5
307 7
307 8
307 12
308 1
308 2
308 3
308 5
308 6
308 8
309 1
309 4
309 7
310 1
310 2
311 2
311 3
311 6
311 7
311 8
312 3
312 4
312 5
312 6
313 0
313 2
313 5
313 6
313 7
313 8
314 2
314 5
314 6
314 8
315 0
315 1
315 2
315 3
315 4
315 6
316 0
316 2
316 3
316 4
316 5
317 4
317 5
317 8
317 12
318 2
318 3
318 4
318 5
318 6
319 0
319 3
319 5
319 6
319 7
319 8
320 0
320 2
320 5
321 0
321 1
321 2
321 7
322 2
322 3
322 4
323 0
323 1
323 3
324 1
325 0
325 2
325 3
325 5
325 7
326 0
326 3
326 5
326 6
326 7
326 8
327 0
327 4
327 5
327 6
328 0
328 2
328 4
328 6
328 7
328 8
329 0
329 3
329 6
330 1
330 2
330 4
330 5
330 6
331 0
331 1
331 3
331 5
331 6
331 8
332 0
332 2
332 3
333 2
333 3
333 6
333 8
334 0
334 1
334 2
334 4
334 7
334 8
335 1
335 2
335 3
335 4
335 6
336 0
336 1
336 2
336 3
336 5
336 7
336 8
337 1
337 3
337 4
338 0
338 1
338 2
338 3
339 0
339 2
339 5
339 7
340 6
340 283
341 0
341 2
341 3
341 6
341 8
342 0
342 5
342 6
343 0
343 1
343 2
343 3
343 6
343 7
343 8
344 1
344 2
344 3
344 6
345 2
345 3
345 6
345 8
346 0
346 1
346 2
347 0
347 2
347 6
347 8
348 0
348 1
348 3
349 0
349 1
349 2
349 3
349 4
349 5
349 6
349 7
350 1
350 3
350 5
350 6
351 0
351 2
351 3
351 5
351 6
351 8
352 1
352 3
352 6
353 5
354 1
354 2
354 4
354 7
354 8
355 2
355 3
355 4
355 5
356 0
356 1
356 2
356 3
356 5
356 7
356 8
357 0
357 1
357 2
357 3
357 4
357 5
357 6
357 7
358 2
358 3
358 5
358 7
358 8
359 0
359 6
360 0
360 1
360 2
360 3
360 5
361 0
361 1
361 2
362 0
362 2
363 2
363 3
363 6
363 8
364 2
364 4
365 1
365 2
365 3
366 0
366 2
366 3
366 4
366 5
366 6
366 7
367 1
367 2
367 3
367 4
368 0
368 1
368 3
369 1
369 2
369 4
369 5
370 2
370 3
370 4
370 5
370 6
371 0
371 2
371 4
371 5
372 0
372 1
372 2
372 7
372 8
373 0
373 1
373 2
373 4
373 5
373 7
373 8
374 1
374 2
374 3
374 5
374 7
375 0
375 1
375 2
375 3
375 4
375 6
376 2
376 3
376 6
377 2
377 6
377 7
377 8
378 3
378 7
379 0
379 1
379 2
379 4
379 6
380 0
380 2
380 5
380 6
380 8
381 1
381 2
381 3
381 5
381 6
381 7
381 8
382 1
382 4
383 0
383 2
383 3
383 6
383 8
384 0
384 1
384 2
384 4
385 0
385 2
385 5
386 2
386 6
386 8
387 0
387 1
387 2
387 3
387 4
388 1
388 2
389 0
389 2
389 7
389 8
390 0
390 1
390 3
390 4
390 5
390 6
390 7
391 0
391 2
391 5
392 2
392 3
392 4
393 0
393 4
393 5
393 7
393 8
393 12
394 0
394 1
394 3
394 4
394 6
394 7
394 8
395 1
395 2
395 3
395 4
395 6
395 7
396 0
396 4
396 5
397 0
397 2
397 5
398 0
398 1
398 4
398 5
398 6
398 7
399 0
399 2
399 3
399 6
399 7
399 52
400 0
400 1
400 2
400 3
401 2
401 3
401 5
401 6
401 7
401 8
402 0
402 6
403 2
403 5
403 6
404 0
404 2
404 3
404 5
404 7
405 0
405 2
405 3
406 1
406 3
406 4
406 6
407 1
407 2
407 4
407 5
408 1
408 3
408 4
408 5
408 6
409 0
409 1
409 3
409 5
410 5
410 6
411 0
411 8
412 0
412 8
413 0
413 1
413 2
413 3
413 6
413 7
413 8
414 0
414 1
414 2
414 5
414 7
416 0
416 2
416 3
416 5
416 6
416 8
417 0
417 1
417 2
418 3
418 7
418 8
419 1
419 2
419 5
420 0
420 4
420 5
420 7
420 12
421 1
421 2
422 3
422 5
422 6
422 7
422 8
423 0
423 5
423 6
423 7
423 8
424 0
424 1
424 2
425 0
425 3
425 4
426 0
426 4
426 5
426 6
426 7
427 0
427 1
427 3
427 5
427 6
427 7
427 52
428 0
428 1
428 2
428 3
428 6
428 7
429 1
429 2
429 3
429 5
430 1
430 2
430 3
430 4
430 5
431 7
431 8
432 4
432 7
432 8
433 0
433 1
433 2
433 4
433 7
433 8
434 0
434 1
434 2
434 5
434 6
434 7
434 8
435 1
435 2
435 3
435 5
435 6
435 7
436 0
436 1
436 2
436 3
436 4
436 5
436 6
437 0
437 1
437 2
437 3
437 4
437 7
438 0
438 1
438 2
438 5
438 7
438 8
439 0
439 2
439 3
439 5
439 6
439 52
440 0
440 1
440 2
440 3
440 6
440 7
440 52
441 0
441 1
441 4
441 5
441 6
441 7
442 0
442 1
442 2
442 4
442 7
443 0
443 2
443 3
443 5
443 7
443 8
444 0
444 2
444 3
444 4
444 5
444 7
445 2
445 3
445 5
445 7
446 2
446 3
446 5
446 6
446 8
447 2
447 3
447 7
447 8
448 7
448 8
449 0
449 1
449 2
449 3
449 4
450 1
450 2
450 3
451 0
452 0
452 4
452 5
452 6
452 7
453 0
453 2
453 5
453 6
453 7
453 8
454 2
454 5
454 6
454 8
455 0
455 2
455 4
455 7
456 0
456 5
456 6
456 7
457 0
457 4
457 5
458 0
458 3
458 4
458 5
458 6
458 7
459 0
459 1
459 4
459 6
459 7
459 8
460 2
460 3
460 6
461 1
461 2
461 3
461 5
461 6
461 8
462 0
462 1
462 4
462 5
462 7
463 0
463 1
463 2
463 3
463 4
464 1
464 4
465 0
465 3
465 4
465 6
466 7
466 8
467 3
467 6
468 0
468 2
468 3
468 5
468 6
468 7
469 0
469 1
469 4
469 6
469 7
469 8
470 0
470 1
471 0
471 1
471 3
471 6
472 0
472 1
472 2
472 5
472 6
472 162
473 0
473 2
473 3
473 5
473 6
474 0
474 1
474 2
474 5
474 7
475 5
475 6
475 8
476 0
476 7
476 8
477 1
477 3
477 5
477 6
477 7
477 8
478 0
479 0
479 2
479 4
480 0
480 2
480 4
480 5
480 6
480 7
481 0
481 2
481 3
481 6
481 7
481 8
482 0
482 1
482 2
482 5
483 0
483 1
483 2
483 4
483 5
483 6
484 0
484 2
484 3
484 5
484 6
484 7
484 8
485 0
485 1
485 4
485 6
486 2
486 3
486 5
486 6
486 8
487 0
487 1
487 4
487 5
487 6
487 7
488 0
488 5
488 7
489 1
489 4
489 5
489 6
490 0
490 1
490 2
490 5
490 6
491 1
491 2
491 4
491 6
492 0
492 1
492 2
492 5
492 6
492 162
493 2
493 3
493 5
493 7
494 0
494 5
495 3
495 5
495 6
495 7
495 8
496 4
497 1
497 2
497 3
497 5
497 6
498 1
498 2
499 0
499 4
499 6
500 3
500 5
500 6
500 7
500 8
501 3
501 5
501 6
502 0
502 1
502 3
502 5
502 6
502 7
503 0
503 2
503 3
503 4
503 5
503 6
503 7
504 0
504 2
504 5
504 6
505 0
505 2
505 4
505 5
505 6
505 7
506 0
506 1
506 2
506 3
506 6
506 7
506 52
507 0
507 3
507 5
507 6
507 8
508 0
508 3
508 5
508 7
508 8
509 0
509 1
509 2
509 3
509 4
509 5
509 6
509 7
510 0
510 1
510 2
510 7
510 8
511 0
511 1
511 2
511 4
511 5
511 7
511 8
512 1
512 2
512 4
512 7
513 2
513 4
513 5
513 6
514 0
514 1
514 2
514 5
514 6
514 7
515 0
515 2
515 3
515 6
515 7
515 52
516 0
516 1
516 3
516 6
516 7
517 1
517 3
517 4
517 5
517 6
518 0
518 1
518 4
518 5
518 6
519 2
519 5
519 7
520 0
520 1
520 2
520 3
520 4
520 5
520 7
520 357
521 1
521 2
521 3
521 4
521 6
522 2
522 4
522 5
522 6
523 0
523 2
523 5
523 6
523 8
524 2
524 5
524 7
525 0
525 4
525 5
525 6
525 7
526 1
526 2
526 3
526 5
527 0
527 1
527 2
527 4
527 5
527 7
528 3
528 4
528 5
528 7
528 8
529 0
529 1
529 3
529 4
529 5
529 6
529 7
530 0
530 1
530 2
530 3
530 5
530 6
530 7
530 8
531 1
531 2
531 3
531 6
531 7
531 52
532 0
532 6
532 7
533 0
533 1
533 3
533 6
533 7
533 52
534 0
534 1
534 2
534 7
535 0
535 1
535 3
535 4
536 1
536 2
536 3
536 4
536 7
537 0
537 1
537 2
537 4
537 5
538 0
538 4
538 6
539 0
539 1
539 2
539 3
539 6
539 7
539 52
540 0
540 1
540 2
540 3
540 6
541 5
541 6
542 0
542 4
542 7
542 8
542 12
543 0
543 6
543 8
544 3
544 4
544 5
544 6
545 0
545 2
545 4
545 5
546 0
546 7
546 8
547 0
547 1
547 2
547 3
547 6
547 7
547 52
548 2
548 3
548 7
549 0
549 2
549 3
549 6
549 7
549 52
550 0
550 1
550 2
550 7
550 8
551 5
551 6
551 7
551 8
552 3
552 5
553 2
553 3
554 4
555 4
555 7
556 0
556 1
556 2
556 7
556 8
557 1
557 2
557 3
557 6
558 0
558 1
558 2
558 3
558 5
558 6
559 0
559 1
559 2
559 3
559 5
560 0
560 2
560 4
561 0
561 1
561 2
561 5
561 6
561 162
562 3
562 4
562 6
562 7
563 3
563 5
563 6
563 7
563 8
564 0
564 1
564 2
564 6
564 7
564 8
564 102
565 2
565 3
565 7
565 8
566 0
566 4
566 5
566 7
567 1
567 2
567 5
568 2
568 3
568 4
568 5
568 6
569 0
569 1
569 2
569 3
569 5
569 6
570 0
570 1
570 2
570 3
570 4
570 5
571 0
571 5
571 6
571 8
571 12
572 0
572 1
572 3
572 5
572 6
572 7
573 4
573 7
574 2
574 4
574 5
575 0
575 4
575 5
575 6
575 7
576 0
576 2
576 3
576 6
576 7
577 0
577 1
577 2
577 3
577 4
577 5
578 0
578 5
578 6
578 8
579 0
579 2
579 5
580 0
580 3
580 5
580 6
580 8
581 3
581 4
582 0
582 3
582 4
582 5
582 6
582 7
583 1
583 4
583 5
583 6
584 1
584 2
584 3
584 5
584 6
584 7
585 0
585 1
585 2
585 3
585 4
585 5
585 7
586 0
586 3
586 6
587 7
588 1
588 2
588 3
588 4
588 6
589 2
589 5
589 6
590 0
590 1
590 2
590 4
590 5
591 0
591 1
591 2
591 3
591 5
592 0
592 1
592 2
592 3
592 5
592 6
593 2
593 5
593 6
594 3
594 4
594 5
595 0
595 6
595 8
596 1
596 3
596 5
597 0
597 1
597 2
598 2
598 4
599 1
599 2
599 5
599 6
600 0
600 1
600 2
600 3
600 5
601 1
601 2
601 5
602 1
602 2
602 3
602 4
602 5
602 6
602 7
603 1
603 7
604 2
604 3
604 5
604 6
605 0
605 1
605 2
605 5
606 3
606 4
606 5
606 6
606 7
607 2
607 3
607 5
607 6
607 7
607 8
608 0
608 1
608 2
608 3
608 4
608 5
608 6
609 6
610 2
610 3
610 4
610 5
610 6
611 0
611 2
611 5
611 6
611 7
612 0
612 2
612 4
613 0
613 1
613 2
613 3
613 4
613 6
613 7
614 0
614 1
614 2
614 5
614 7
614 8
615 0
615 1
615 5
616 1
616 2
616 3
616 4
616 7
617 1
617 2
617 3
617 6
617 8
618 2
618 5
619 0
619 2
619 3
619 5
619 6
619 7
620 1
620 2
620 3
621 0
621 1
621 2
621 3
622 0
622 1
622 2
622 5
622 6
622 7
622 52
623 0
623 1
623 3
623 4
624 0
624 3
624 5
624 6
625 0
625 2
625 5
625 6
625 7
626 0
626 1
626 4
626 5
626 6
627 0
627 2
627 5
628 0
628 1
628 2
628 4
629 0
629 1
629 2
629 3
629 6
629 52
630 0
630 4
630 5
630 7
630 8
631 1
631 2
631 4
631 6
631 7
631 8
632 0
632 1
632 2
632 5
632 6
632 7
632 52
633 2
633 3
633 5
633 6
634 0
634 6
635 0
635 7
635 8
636 0
636 4
636 7
637 0
637 2
637 3
637 5
638 1
638 2
638 3
638 5
639 2
639 3
639 5
640 0
640 2
640 5
640 7
641 0
641 3
642 2
642 4
642 5
642 6
643 1
643 2
643 3
643 6
643 52
644 0
644 1
644 5
644 6
644 7
644 52
645 0
645 2
645 3
645 6
645 7
645 8
646 0
646 5
646 7
647 0
647 1
647 2
647 4
647 5
647 7
647 8
648 0
648 4
648 5
648 7
648 12
649 1
649 2
649 3
649 6
649 52
650 1
650 3
650 4
651 0
651 1
651 2
651 3
651 4
651 5
652 0
652 2
652 3
652 7
653 1
653 4
653 6
654 3
654 7
655 1
655 4
655 5
655 7
655 8
656 0
656 1
656 2
656 4
656 5
656 7
657 0
657 1
658 0
658 2
658 3
658 7
658 52
659 0
659 1
659 2
659 5
659 6
660 0
660 2
660 6
660 8
661 0
661 3
661 4
662 0
662 1
662 4
663 0
663 4
663 5
663 12
664 0
664 2
664 4
664 5
665 0
665 4
665 5
665 6
665 7
665 8
665 12
666 0
666 1
666 4
667 1
667 2
667 6
667 52
668 2
668 4
669 3
669 4
670 0
670 1
670 4
670 5
670 7
671 0
671 1
671 2
671 7
672 7
672 8
673 1
673 3
673 5
673 6
674 1
674 2
674 3
674 4
674 5
674 6
674 7
675 0
675 3
675 5
675 6
675 52
676 0
676 1
676 2
676 5
676 6
677 0
677 2
677 4
677 5
677 6
678 2
678 4
678 5
678 6
679 1
679 3
679 6
680 1
680 3
680 5
680 6
680 8
681 0
681 3
681 6
681 7
681 52
682 0
682 1
682 2
682 3
682 4
682 5
683 0
683 1
683 3
683 6
683 7
684 0
684 1
684 2
684 4
684 6
684 7
684 8
685 0
685 3
685 4
685 6
686 1
686 7
687 0
687 1
687 2
687 3
687 4
688 0
688 2
688 3
688 4
688 5
688 6
689 0
689 1
689 2
689 4
689 6
689 7
689 8
690 0
690 2
690 5
690 7
691 0
691 1
691 2
691 5
691 6
692 0
692 2
692 5
692 6
692 7
692 8
693 7
693 8
694 0
694 1
694 4
694 7
694 8
695 0
695 5
695 6
695 7
695 8
696 0
696 2
696 3
696 6
696 7
697 1
697 3
697 4
697 5
698 0
698 5
698 7
699 1
699 5
699 6
700 1
700 2
700 5
701 2
701 3
701 5
701 6
702 0
702 1
702 4
702 7
703 2
703 3
703 4
703 6
704 1
704 2
704 4
705 0
705 1
705 3
705 4
706 2
706 3
707 0
707 1
707 2
707 4
707 6
707 8
708 0
708 1
708 2
708 3
708 4
708 6
709 0
709 2
709 3
709 4
709 5
710 2
710 5
710 7
710 8
711 0
711 2
711 5
711 7
711 8
712 0
712 1
712 7
712 8
713 0
713 1
713 5
714 1
714 3
714 4
715 7
716 0
716 1
716 2
716 3
716 4
716 5
716 7
717 1
717 2
717 3
717 5
717 6
717 8
718 0
718 1
718 2
718 3
718 4
718 5
718 6
719 1
719 2
719 4
719 5
719 7
720 0
720 2
720 3
720 4
720 5
721 0
721 2
721 3
721 7
722 0
722 1
722 2
722 3
722 4
723 0
723 1
723 5
723 6
724 0
724 1
724 3
724 6
724 7
725 5
725 6
725 8
726 2
726 3
726 5
727 0
727 1
727 2
727 3
727 4
727 5
728 3
728 4
728 6
729 0
729 1
729 2
729 3
729 5
729 6
730 8
731 0
731 1
731 3
731 4
732 0
732 1
732 2
732 3
732 5
732 7
733 2
733 3
733 7
733 8
734 1
734 3
735 0
735 1
735 2
735 3
736 0
736 1
736 2
736 3
736 5
737 0
737 1
737 2
737 5
738 2
738 5
738 7
739 1
739 3
739 5
739 6
739 7
740 0
740 1
740 5
740 7
740 52
741 0
741 2
741 5
741 6
741 7
741 52
742 0
742 1
742 2
742 5
743 0
743 2
743 3
743 4
743 5
743 6
744 0
744 2
744 5
744 6
744 7
744 8
745 0
745 1
745 2
745 4
745 5
746 0
746 2
746 3
746 5
747 0
747 2
747 3
747 4
747 5
747 7
748 1
748 2
748 3
748 4
749 2
749 3
749 7
750 0
750 1
750 2
750 5
750 6
750 7
751 0
751 5
751 6
752 0
752 1
752 2
752 4
752 5
752 7
752 8
753 1
753 2
753 4
753 6
754 0
754 1
754 3
754 5
754 6
755 0
755 1
755 2
755 3
755 5
756 0
756 5
757 0
757 3
758 1
758 2
758 4
758 5
759 0
759 1
759 2
759 4
759 5
759 7
760 0
760 1
761 1
761 5
762 0
762 2
762 3
762 5
763 0
763 1
763 7
764 2
764 3
764 4
764 6
764 7
765 0
765 4
765 5
765 6
766 1
766 3
767 0
767 8
768 0
768 1
768 2
768 3
768 6
768 7
769 3
770 0
770 5
770 6
770 8
771 2
771 3
771 4
771 7
772 0
772 1
772 2
772 3
772 7
773 0
773 2
773 3
773 5
773 6
773 8
774 0
774 1
774 3
775 1
775 2
775 3
775 5
775 6
776 0
776 6
776 8
777 0
777 1
777 2
777 3
778 0
778 1
778 2
778 5
778 6
779 0
779 2
779 3
779 5
779 6
779 7
780 1
780 3
780 4
780 6
781 4
781 5
781 7
781 12
782 0
782 2
782 3
782 5
782 8
783 0
783 1
783 2
783 3
783 6
783 8
784 0
784 5
785 0
785 2
785 5
785 6
785 8
786 0
786 1
786 3
787 0
787 2
787 4
788 0
788 2
788 3
788 4
788 5
789 2
789 3
789 4
789 5
789 6
790 1
790 2
790 3
790 6
790 7
790 52
791 0
791 1
791 2
791 6
791 162
792 3
792 4
792 5
792 6
793 0
793 3
793 4
794 0
794 1
794 2
794 3
794 5
794 6
794 7
794 52
795 1
795 3
795 5
795 6
795 7
796 0
796 2
796 5
796 6
796 7
797 0
797 4
797 5
797 7
797 12
798 0
798 1
798 4
798 5
799 0
799 2
799 3
799 5
799 6
800 4
800 5
800 7
800 12
801 1
801 3
801 4
802 3
802 6
802 8
803 1
803 5
804 0
804 1
804 5
804 6
804 162
805 0
805 2
805 3
805 4
806 0
806 1
806 4
807 4
807 5
807 6
807 7
808 0
808 2
808 3
808 4
808 7
809 1
809 2
809 3
809 4
809 6
810 1
810 2
810 3
810 5
810 6
810 7
810 8
811 0
811 2
811 8
812 4
813 0
813 2
813 5
813 6
813 7
813 8
814 0
815 1
815 6
816 1
816 2
816 5
816 7
817 0
817 3
817 7
818 0
818 1
818 2
818 6
818 7
818 8
819 0
819 3
819 7
820 3
820 4
821 0
821 2
821 3
821 5
821 6
821 7
822 2
822 3
822 6
822 7
823 0
823 1
823 3
824 0
824 7
825 0
825 2
825 3
825 4
825 5
825 6
825 7
826 0
826 1
826 2
826 4
826 5
827 0
827 1
827 4
827 5
827 6
827 7
827 8
828 0
828 1
828 3
828 4
829 0
829 1
829 2
829 5
829 6
830 0
830 2
830 3
830 5
830 6
831 1
831 2
832 0
832 1
832 3
832 4
833 0
833 2
834 3
834 7
835 0
835 2
836 0
836 2
836 3
836 4
836 6
836 7
837 0
837 1
837 3
837 5
837 6
838 0
838 1
838 2
838 3
838 4
838 5
838 6
838 7
839 0
839 1
839 2
839 3
840 1
840 2
840 5
841 3
841 5
841 6
841 8
842 0
842 1
842 3
843 4
843 5
843 8
844 0
844 1
844 2
844 4
844 7
844 8
845 3
845 4
845 5
845 6
846 0
846 2
846 3
846 4
846 5
846 6
847 0
847 1
847 2
847 3
847 4
847 7
847 8
848 0
848 1
848 2
848 3
848 4
848 5
848 6
848 7
849 1
849 3
849 5
850 3
850 5
850 8
851 0
851 5
851 7
852 0
852 4
852 5
852 6
852 7
852 8
852 12
853 0
853 2
853 5
853 8
854 2
854 3
854 7
854 52
855 3
855 4
856 0
856 3
856 4
856 112
857 2
857 5
857 6
858 0
858 2
858 3
858 5
858 8
859 1
859 2
859 6
860 2
860 5
861 0
861 2
861 5
861 6
862 1
862 2
862 3
862 6
862 7
862 52
863 1
863 2
863 3
863 4
864 1
864 4
865 0
865 1
865 2
865 3
866 0
866 1
866 4
866 8
867 1
867 2
867 3
867 4
867 6
868 0
868 2
868 5
868 6
868 7
869 0
869 2
869 3
869 4
870 1
870 2
870 3
870 6
871 0
871 5
872 1
872 2
872 5
873 0
873 6
874 2
874 4
874 5
875 2
875 4
875 7
875 8
876 0
876 2
876 3
877 0
877 1
877 2
877 5
878 0
878 2
878 5
879 2
879 3
879 5
879 8
880 1
880 2
880 4
881 0
881 1
881 5
881 7
882 1
882 2
882 5
882 7
882 8
883 0
883 2
883 3
883 6
883 52
884 0
884 2
884 4
885 0
885 1
885 2
885 4
885 5
886 0
886 5
886 6
887 1
887 2
887 3
887 4
887 6
888 3
888 6
889 0
889 4
889 5
889 7
890 0
890 1
890 2
891 4
891 5
891 6
891 7
892 0
892 1
892 5
892 162
893 4
893 5
893 6
894 0
894 5
894 7
894 8
894 12
895 1
895 2
895 4
895 5
896 0
896 5
897 0
897 2
897 3
897 5
897 8
898 0
898 4
898 5
899 2
899 3
899 4
899 5
899 6
900 0
900 3
900 5
900 8
901 0
901 2
901 3
901 5
901 8
902 2
902 3
902 4
902 5
902 6
902 7
903 0
903 1
903 4
903 5
904 0
904 2
904 5
904 6
904 7
905 5
905 6
905 8
906 0
906 1
906 2
906 4
906 5
906 6
906 7
906 8
907 0
907 1
907 2
907 3
907 5
907 6
908 2
908 5
908 6
908 7
909 0
909 1
909 2
909 4
909 5
909 7
909 8
910 0
910 1
910 5
910 6
910 7
911 2
911 5
911 7
912 0
912 1
912 5
912 6
912 7
913 0
913 2
913 3
913 4
913 6
914 3
914 5
914 6
914 7
914 8
915 1
915 2
915 6
916 0
916 4
916 5
916 6
916 7
917 2
917 3
917 4
917 5
917 6
917 7
918 0
918 1
918 2
918 4
918 5
918 7
918 8
919 3
919 4
919 5
920 5
920 7
920 8
921 0
921 1
921 3
921 4
921 6
922 0
922 1
922 3
922 4
923 0
923 1
923 2
923 7
923 8
924 0
924 2
924 4
924 5
924 7
925 0
925 1
925 2
925 3
925 5
925 7
925 8
926 1
926 7
927 0
927 1
927 2
927 4
927 6
927 7
927 8
928 0
928 5
928 6
929 0
929 2
929 4
929 6
929 7
930 0
930 1
930 2
930 3
931 0
931 4
931 5
931 12
932 1
932 3
932 6
933 0
933 4
933 5
933 6
933 7
934 0
934 2
934 6
935 1
935 2
935 3
936 0
936 2
936 5
936 6
937 1
937 2
937 3
937 4
937 5
937 6
938 0
938 5
938 8
938 12
939 0
939 1
939 2
939 3
939 4
939 5
939 7
939 8
940 0
940 1
940 2
940 4
940 5
940 6
941 0
941 3
941 5
941 7
942 4
942 6
942 7
943 0
943 1
943 3
943 5
943 6
943 7
944 2
944 4
944 6
945 0
945 3
945 4
945 5
945 7
946 6
947 4
947 5
947 12
948 1
948 2
948 3
948 4
948 6
949 0
949 2
949 6
949 7
949 8
950 2
950 3
950 4
950 6
951 0
951 5
951 7
952 2
952 3
952 5
952 6
952 7
952 8
953 1
953 4
953 7
953 8
954 1
954 2
954 6
955 2
955 3
955 5
955 8
956 0
956 1
956 4
956 5
957 0
957 2
957 3
957 4
957 5
957 6
957 7
958 0
958 1
958 2
958 7
958 8
959 0
959 4
959 5
959 6
959 7
960 0
960 1
960 2
960 6
960 7
960 8
961 2
961 3
961 4
961 5
962 0
962 3
962 4
962 5
962 6
962 7
963 3
963 5
963 6
964 0
964 3
964 5
964 7
965 1
965 2
965 5
965 6
965 7
966 0
967 0
967 1
967 3
967 4
967 5
967 7
968 1
968 6
969 3
969 4
970 0
970 5
970 12
971 1
971 2
971 4
971 7
971 8
972 0
972 2
972 3
972 5
973 0
973 2
973 4
973 5
973 7
973 8
974 2
974 3
974 5
974 6
974 7
974 8
975 1
975 2
975 3
975 5
975 7
975 8
976 0
976 2
976 6
976 7
977 1
977 2
978 0
978 1
978 2
978 4
978 5
978 7
978 8
979 0
979 1
979 2
979 3
979 6
979 7
979 8
980 0
980 2
980 6
980 8
981 0
981 4
981 5
981 8
981 12
982 0
982 2
982 3
982 5
983 0
983 2
983 3
983 4
983 5
983 6
984 0
984 1
984 3
984 4
985 0
985 1
985 3
985 6
985 7
985 8
986 0
986 1
986 2
986 3
986 5
986 6
986 7
987 0
987 4
988 1
988 2
988 3
988 4
988 6
989 0
989 4
990 7
990 8
991 0
991 1
991 2
991 6
991 162
992 3
992 5
992 6
992 8
993 1
993 3
994 0
994 1
994 2
994 3
994 4
994 7
995 2
995 3
995 8
996 3
996 6
997 0
997 1
997 2
997 3
997 6
997 7
998 0
998 2
998 4
998 5
998 6
999 0
999 1
999 2
