1 0
2 0
2 1
3 0
3 1
3 2
4 0
4 1
4 2
4 3
5 0
5 1
5 2
5 3
5 4
6 0
6 1
6 2
6 3
6 4
6 5
7 0
7 1
7 2
7 3
7 4
7 5
7 6
8 0
8 1
8 2
8 3
8 4
8 5
8 6
8 7
9 0
9 1
9 2
9 3
9 4
9 5
9 6
9 7
9 8
10 0
10 3
10 5
10 6
11 1
11 2
12 1
12 2
12 3
13 0
13 1
13 2
13 4
13 6
13 7
13 8
14 0
14 3
14 6
14 7
14 8
15 0
15 1
15 4
16 0
16 2
16 3
16 7
16 8
17 3
17 8
17 14
18 4
18 15
19 0
19 7
19 14
20 0
20 1
20 4
20 6
20 8
20 9
21 3
21 17
22 0
22 1
22 3
22 5
23 6
23 8
23 20
24 0
24 1
24 6
24 20
25 2
25 3
25 12
26 8
26 20
26 23
27 1
27 3
27 4
27 5
27 6
28 4
28 6
28 7
28 13
29 12
30 2
30 6
30 7
30 8
30 13
31 4
31 6
31 27
32 1
32 11
33 1
33 11
33 32
34 2
34 3
34 4
34 6
34 7
34 9
35 3
35 4
35 6
35 8
35 9
36 2
36 3
36 12
37 2
37 6
37 30
38 13
38 28
39 0
39 1
39 2
39 3
39 4
39 6
39 7
39 9
40 0
40 5
40 10
41 0
41 2
41 4
41 6
41 7
41 8
41 13
42 17
43 0
43 4
43 7
43 39
44 6
44 13
44 41
45 1
45 4
45 6
45 7
45 8
45 13
46 0
46 3
46 4
47 1
47 32
48 6
48 7
48 28
49 0
49 22
50 1
50 3
50 6
50 7
51 0
51 1
51 2
51 4
51 6
51 7
51 8
51 13
52 20
52 23
53 0
53 10
54 29
55 2
55 3
55 9
55 34
56 7
56 39
56 43
57 0
57 5
57 40
58 3
58 7
58 8
58 14
59 6
59 13
59 30
60 3
60 4
60 6
60 8
60 35
61 0
61 4
61 7
61 8
61 41
62 3
62 6
62 50
63 1
63 2
63 3
63 5
64 0
64 7
64 41
64 61
65 1
65 6
66 5
66 57
67 1
67 3
67 63
68 6
68 8
68 23
69 0
69 5
69 10
69 40
70 1
70 6
71 6
71 48
72 36
73 18
74 6
74 71
75 10
75 69
76 0
76 1
76 3
76 4
76 9
76 39
77 7
77 39
77 43
78 0
78 2
78 8
78 16
79 41
79 44
80 5
80 40
81 7
81 41
81 61
81 64
82 69
82 75
83 0
83 76
84 0
84 1
84 6
85 3
85 4
85 8
85 35
86 1
86 3
86 76
87 4
87 6
87 13
87 28
88 2
88 8
88 41
89 3
89 16
90 1
90 3
90 4
90 7
91 8
91 23
91 68
92 0
92 3
92 6
92 14
93 27
93 31
94 0
94 4
94 8
94 41
94 61
95 4
95 6
95 8
95 51
96 40
96 80
97 3
97 6
97 14
98 12
98 25
99 6
99 62
100 1
100 2
100 5
101 50
102 4
102 35
102 85
103 0
103 2
103 3
103 7
103 8
104 18
105 1
105 6
105 65
106 4
106 27
107 34
107 55
108 20
108 52
109 4
109 27
109 106
110 49
111 32
111 33
112 6
112 7
112 48
113 0
113 41
113 61
113 64
114 5
114 40
115 98
116 2
116 12
117 69
117 82
118 0
118 2
118 16
118 78
119 3
119 4
119 60
120 47
121 1
121 3
121 67
122 0
122 1
122 2
122 3
122 6
122 9
122 39
123 80
123 96
124 6
124 13
124 28
125 88
126 2
126 3
126 12
126 25
127 4
127 51
127 95
128 6
128 7
128 8
128 14
129 1
129 9
129 20
130 0
130 4
130 76
131 0
131 130
132 7
132 39
133 0
133 130
134 119
135 0
135 3
135 6
135 14
136 38
137 73
138 1
138 3
138 67
139 0
139 1
139 6
139 20
139 24
140 117
141 1
141 3
141 67
141 138
142 0
142 3
142 7
142 16
143 133
144 8
144 68
145 1
145 6
145 20
145 139
146 20
146 108
147 0
147 2
147 5
147 6
147 7
148 7
148 19
149 1
149 5
150 4
150 6
150 7
150 8
150 13
150 51
151 4
151 130
152 0
152 2
153 21
154 5
154 40
154 69
155 39
155 132
156 0
156 5
156 10
157 8
157 41
157 94
158 8
158 91
159 12
159 116
160 0
160 4
160 6
160 8
160 41
161 70
162 4
162 18
163 84
164 3
164 34
165 49
165 110
166 4
166 6
166 31
167 34
167 164
168 85
168 102
169 0
169 2
169 152
170 33
170 111
171 7
171 39
171 43
171 56
172 3
172 6
172 7
172 14
173 1
173 6
173 20
173 24
174 102
175 4
175 28
175 87
176 0
176 139
177 0
177 3
177 46
178 0
178 1
178 9
178 20
179 0
179 19
180 6
180 37
181 21
181 153
182 2
182 3
183 0
183 3
183 14
183 92
184 112
185 4
185 6
185 8
185 9
185 20
186 6
186 30
186 37
187 6
187 105
188 8
188 35
188 85
189 0
189 43
190 7
190 13
190 51
190 150
191 102
192 82
193 8
193 9
193 20
194 168
195 0
195 40
196 148
197 2
197 9
197 55
198 7
198 13
198 190
199 31
199 93
200 0
200 6
200 7
200 39
201 3
201 177
202 3
202 103
203 8
203 16
203 78
204 0
204 3
204 39
204 76
205 7
205 132
206 5
206 40
206 69
207 6
207 65
208 1
208 13
208 45
209 1
209 33
210 7
210 39
210 56
211 76
211 130
212 0
212 1
212 4
212 9
212 39
212 76
213 15
214 95
214 127
215 1
215 3
215 6
215 50
216 0
216 4
216 9
216 39
216 212
217 6
217 128
218 127
219 0
219 6
219 8
219 14
220 0
220 61
221 0
221 179
222 34
222 164
222 167
223 43
223 56
224 6
224 7
224 14
225 61
225 64
225 113
226 14
226 92
226 183
227 0
227 2
227 3
227 5
227 6
227 7
227 8
227 9
228 3
228 201
229 0
229 16
229 118
230 0
230 189
231 108
231 146
232 93
232 199
233 61
233 113
233 225
234 130
234 131
235 3
235 55
236 1
236 138
237 2
237 3
237 4
237 5
237 8
237 9
238 4
238 76
238 130
239 3
239 138
240 4
240 9
240 39
240 212
240 216
241 102
241 168
242 54
243 0
243 1
243 2
243 3
243 4
243 6
243 39
244 11
244 33
245 175
246 21
246 153
247 1
247 4
247 6
247 8
247 45
248 4
248 6
248 20
248 185
249 1
249 149
250 7
250 198
251 4
251 9
251 237
252 3
252 35
252 60
253 7
253 250
254 2
254 182
255 2
255 34
256 3
256 4
256 7
256 90
257 1
257 6
257 20
257 145
258 4
258 9
258 237
258 251
259 103
260 132
261 148
262 7
262 34
263 5
263 100
264 19
264 148
265 116
266 3
266 39
266 76
267 8
267 51
267 150
268 6
268 8
268 23
269 11
269 32
269 33
270 241
271 27
271 93
272 6
272 8
272 20
272 23
273 2
273 3
273 12
273 25
274 86
275 0
275 5
275 40
275 69
276 74
277 2
277 3
277 6
277 9
277 34
278 106
279 8
279 41
280 13
280 124
281 19
281 264
282 5
282 66
283 40
283 275
284 0
284 3
284 22
285 4
285 237
285 258
286 0
286 10
286 156
287 13
287 30
287 59
288 28
288 38
289 1
289 3
289 4
289 6
289 39
289 243
290 187
291 262
292 2
292 25
292 126
293 13
293 208
294 1
294 6
294 70
295 0
295 69
296 10
296 156
297 0
297 7
297 61
297 64
298 2
298 41
298 88
299 16
299 89
300 190
300 198
301 33
301 111
301 170
302 8
302 13
302 45
303 20
303 145
303 257
304 44
304 79
305 111
306 0
306 1
306 2
306 3
306 4
306 5
306 6
306 8
307 20
307 193
308 1
308 3
308 4
308 9
308 76
309 5
309 57
310 27
310 106
311 102
311 241
312 8
312 128
313 270
314 74
315 8
315 17
316 22
316 284
317 0
317 15
318 137
319 177
320 268
321 292
322 8
322 45
322 247
323 82
324 113
324 233
325 1
325 2
325 3
325 4
325 39
326 157
327 0
327 1
327 2
327 39
327 243
328 0
328 221
329 136
330 239
331 16
331 118
331 229
332 260
333 4
333 18
334 1
334 2
334 4
334 5
334 6
334 7
335 91
335 158
336 7
336 14
336 58
337 314
338 6
338 8
338 13
338 30
339 228
340 4
340 8
340 9
340 237
341 38
341 288
342 145
342 257
343 0
343 15
344 136
344 329
345 315
346 143
347 0
347 3
347 6
348 132
348 205
349 25
349 126
350 7
350 190
351 4
351 8
351 9
351 20
351 185
352 0
352 6
352 139
353 55
353 235
354 0
354 1
354 6
355 6
355 97
356 3
356 228
357 234
358 2
358 6
358 13
358 30
359 288
359 341
360 2
360 16
360 78
361 0
361 8
361 78
362 0
362 1
362 2
362 3
362 4
362 5
362 6
362 7
363 19
363 148
364 0
364 76
364 130
365 2
365 88
366 0
366 3
366 4
366 39
366 243
367 2
367 6
367 358
368 9
368 237
368 258
369 0
369 1
369 3
369 9
369 122
370 98
370 115
371 7
371 41
371 61
371 64
372 5
372 69
372 206
373 29
373 54
374 1
374 6
374 24
375 7
375 205
376 0
376 69
377 6
377 105
377 187
378 34
378 164
378 167
379 68
379 91
380 6
380 374
381 4
381 95
381 127
382 43
382 77
383 0
383 9
383 76
384 111
385 6
385 20
385 23
385 272
386 333
387 11
387 32
388 0
388 1
388 5
388 6
389 2
389 5
389 8
389 9
389 237
390 0
390 130
390 131
391 40
391 80
392 14
392 183
392 226
393 1
393 5
393 7
394 3
394 201
395 6
395 277
396 1
396 3
396 7
396 90
397 1
397 3
397 396
398 4
398 6
398 13
398 28
399 0
399 4
400 16
400 78
400 203
401 7
401 190
401 198
402 45
402 302
403 2
403 3
403 325
404 7
404 13
404 150
404 190
405 7
405 61
405 64
405 297
406 0
406 39
406 204
407 384
408 318
409 187
409 377
410 0
410 2
410 152
410 169
411 5
411 22
412 9
412 240
413 6
413 31
414 0
414 49
415 87
415 175
416 2
416 116
417 2
417 3
417 6
417 277
418 9
418 237
418 258
419 4
419 8
419 95
420 5
420 27
421 62
422 7
422 128
423 7
423 16
424 7
424 39
424 200
425 0
425 9
425 178
426 93
426 232
427 1
427 24
427 173
428 132
428 155
429 5
429 6
429 388
430 1
430 2
430 3
430 7
430 8
431 6
431 50
431 215
432 1
432 47
433 116
434 6
434 13
434 41
434 44
435 21
435 246
436 13
436 150
436 190
437 39
437 216
438 130
438 364
439 0
439 1
439 20
439 24
439 139
440 3
440 67
440 138
440 141
441 0
441 1
441 369
442 0
442 1
442 39
442 327
443 2
443 3
443 6
443 9
443 34
443 277
444 6
444 9
444 20
445 5
445 6
445 388
446 398
447 6
447 9
447 185
448 0
448 61
448 64
449 1
449 257
450 0
450 317
451 276
452 154
453 288
453 359
454 124
455 76
455 364
456 8
456 88
457 1
457 138
458 74
458 314
459 5
459 40
460 360
461 6
461 185
461 447
462 0
462 46
462 177
463 2
463 63
464 0
464 1
464 4
464 6
464 8
464 20
465 20
465 146
466 4
466 6
466 185
467 76
467 86
468 7
468 48
469 206
469 372
470 0
470 53
471 0
471 76
471 364
472 1
472 3
472 22
473 1
473 39
473 327
473 442
474 7
474 253
475 4
475 466
476 0
476 5
476 40
477 0
477 1
477 4
477 13
478 102
478 191
479 343
480 411
481 0
481 83
482 0
482 2
482 4
482 8
482 9
483 304
484 3
484 90
484 396
485 106
485 109
486 13
486 198
487 49
487 414
488 12
488 25
489 13
489 30
489 358
490 0
490 2
490 3
490 4
490 7
491 9
491 389
492 290
493 22
493 316
494 0
494 6
494 135
495 49
496 449
497 7
497 405
498 9
498 55
498 197
499 93
499 271
500 6
500 7
500 128
501 28
501 175
502 369
502 441
503 8
503 14
503 128
504 199
504 232
505 251
505 258
506 8
506 23
507 1
507 84
508 6
508 28
508 48
509 281
510 287
511 1
511 2
511 4
511 6
512 0
512 1
512 2
512 4
512 6
512 243
513 51
513 95
514 0
514 1
514 2
514 6
514 7
514 13
515 2
515 8
515 16
516 1
516 3
516 4
516 289
517 41
517 44
517 79
518 9
518 498
519 314
520 0
520 2
520 4
520 512
521 2
521 11
522 4
522 8
522 20
523 452
524 20
524 52
525 4
525 6
525 95
526 3
526 67
526 121
527 166
528 23
528 272
529 32
529 111
530 2
530 126
531 3
531 12
531 25
531 126
532 0
532 2
532 4
532 490
533 2
533 12
533 25
534 6
534 395
535 62
535 99
536 20
536 145
536 257
536 303
537 13
537 358
538 202
539 1
539 4
539 289
539 516
540 0
540 1
540 3
540 4
541 6
541 7
541 200
542 12
542 98
543 245
544 3
544 266
545 7
545 500
546 376
547 3
547 39
547 289
548 6
548 444
549 51
549 127
550 545
551 23
551 52
552 3
552 22
553 0
553 1
553 2
553 4
553 5
553 362
554 19
554 363
555 0
555 3
555 39
555 76
556 4
556 185
556 466
557 1
557 6
557 145
558 0
558 1
558 2
558 4
558 362
559 32
559 33
560 5
560 411
561 5
561 66
562 7
562 64
562 371
563 168
563 241
564 13
564 537
565 48
565 112
566 15
566 18
567 6
567 8
567 23
567 272
568 20
568 52
569 7
569 103
570 0
570 1
570 3
570 7
570 362
571 7
571 14
571 19
572 7
572 132
573 3
573 177
574 0
574 1
574 3
574 22
575 5
575 27
576 2
576 6
576 9
576 122
577 1
577 4
577 9
577 76
578 4
578 9
578 237
578 340
579 4
579 46
580 1
580 4
580 6
580 45
580 247
581 0
581 139
582 4
582 512
582 520
583 327
583 442
583 473
584 217
585 554
586 0
586 2
586 3
586 490
587 13
587 30
587 358
587 489
588 1
588 540
589 7
589 150
589 190
590 374
590 380
591 3
591 86
592 1
592 3
592 9
592 39
592 122
593 2
593 5
593 6
593 7
593 8
593 227
594 2
594 88
594 365
595 303
595 536
596 0
596 2
596 6
596 7
596 147
597 4
597 31
597 166
598 3
598 6
598 243
598 289
599 0
600 191
600 478
601 168
601 241
602 6
602 8
602 41
602 160
603 4
603 5
603 27
604 13
604 198
605 6
605 7
605 541
606 343
607 255
608 1
608 32
608 47
609 246
609 435
610 2
610 3
610 273
611 8
611 95
612 32
612 47
613 2
613 6
613 30
613 37
614 35
614 60
614 252
615 2
615 88
615 594
616 0
616 1
616 2
616 3
616 4
616 6
616 243
617 2
617 594
618 253
619 458
620 5
620 66
620 561
621 2
621 182
622 6
622 95
623 4
623 5
623 362
623 553
624 232
624 504
625 41
625 61
626 6
626 7
626 224
627 76
627 238
628 95
628 525
629 5
629 561
629 620
630 6
630 145
630 257
631 3
631 90
632 13
632 198
633 70
634 6
634 8
634 602
635 38
636 0
636 83
637 2
637 88
637 298
638 0
638 1
638 3
638 570
639 490
639 586
640 6
640 50
640 62
641 350
642 1
642 70
643 2
643 4
643 7
643 9
643 34
644 4
644 237
644 251
644 258
645 248
646 9
646 35
647 4
647 7
647 13
647 28
648 76
648 383
649 61
649 64
649 297
649 405
650 0
650 1
650 6
650 514
651 54
651 373
652 7
652 14
652 224
653 211
654 4
654 580
655 0
655 1
655 2
655 558
656 2
656 4
656 6
656 9
656 34
657 620
658 0
658 5
658 69
659 1
659 449
660 6
660 145
660 257
661 61
661 64
661 405
661 649
662 2
662 55
662 197
663 40
663 283
664 191
664 478
665 5
665 57
665 66
666 0
666 1
666 8
666 464
667 8
667 268
668 6
668 28
668 508
669 1
670 6
670 180
671 375
672 18
672 333
673 0
673 2
673 4
673 9
673 482
674 1
674 374
675 2
675 8
675 78
676 1
676 63
676 67
677 241
677 311
678 130
678 364
678 438
679 57
679 309
680 4
680 647
681 468
682 125
683 0
683 2
683 7
683 16
684 6
684 59
685 7
686 4
686 333
687 1
687 3
687 138
688 612
689 242
690 4
690 9
690 185
691 4
691 9
691 76
691 577
692 2
692 55
693 232
693 504
694 0
694 46
695 10
695 75
696 0
696 1
696 570
696 638
697 4
697 6
697 185
697 466
698 123
699 629
700 411
700 480
701 0
701 2
701 3
701 4
701 5
701 9
702 3
702 25
702 531
703 493
704 318
705 7
705 81
706 6
706 13
706 338
707 315
708 3
708 7
708 14
708 172
709 22
709 411
710 6
710 60
711 0
711 14
712 0
712 6
712 347
713 3
713 4
713 6
713 289
714 6
714 224
714 626
715 405
715 661
716 538
717 192
718 3
718 14
718 183
719 601
720 68
720 379
721 95
721 628
722 438
722 678
723 132
724 14
724 19
725 45
725 402
726 9
726 277
726 443
727 289
727 598
728 0
728 1
728 2
728 3
728 6
728 243
728 616
729 4
729 8
729 9
729 340
730 43
730 56
730 223
731 549
732 52
732 568
733 3
733 6
733 8
733 60
734 3
734 6
734 347
735 2
735 4
735 5
735 701
736 96
737 1
737 8
737 464
737 666
738 6
738 8
738 13
738 338
739 106
740 739
741 9
741 418
742 358
742 537
743 8
743 35
743 85
744 59
744 684
745 454
746 68
747 20
747 568
748 0
748 2
748 532
749 3
749 252
750 0
750 636
751 349
752 0
752 2
752 3
752 8
752 103
753 0
753 1
753 2
753 3
753 39
753 122
754 2
754 3
754 6
754 9
754 39
754 122
755 113
755 225
755 233
756 277
756 395
757 0
757 3
757 4
757 39
757 366
758 0
758 1
758 6
758 20
759 3
759 39
759 76
759 204
760 2
760 4
760 735
761 0
761 41
761 113
762 263
763 20
763 522
764 1
764 3
764 67
765 105
765 377
766 411
766 709
767 182
768 3
768 8
768 17
769 0
769 1
769 6
769 24
770 177
770 201
771 30
771 37
771 186
772 0
772 481
773 392
774 9
774 76
774 691
775 695
776 319
777 198
777 486
778 1
778 2
778 4
778 7
778 8
778 13
779 1
779 9
780 3
780 8
780 35
781 0
781 76
781 130
781 364
782 551
783 4
783 9
783 34
783 656
784 285
785 0
785 2
785 3
785 243
785 728
786 0
786 347
787 24
787 374
788 581
789 7
789 39
789 171
790 608
791 1
791 3
791 7
791 570
792 4
792 87
792 175
793 4
793 419
794 412
795 0
795 14
795 92
795 183
796 3
796 243
796 728
796 785
797 12
798 8
798 23
798 268
799 705
800 21
800 246
801 658
802 478
803 30
803 186
804 5
804 561
804 620
805 764
806 2
806 6
806 39
807 271
808 587
809 6
809 20
809 444
810 0
810 4
810 61
811 499
812 428
813 74
813 276
814 158
815 0
815 14
815 19
816 0
816 376
817 61
817 64
817 405
818 2
818 617
819 6
819 24
820 271
821 707
822 13
822 28
822 87
823 0
823 8
823 78
824 6
824 20
824 809
825 41
825 371
826 0
826 3
826 243
826 616
827 194
828 0
828 2
828 748
829 1
829 4
829 5
829 8
829 306
830 0
830 243
830 616
830 826
831 497
832 27
832 310
833 2
833 6
833 7
833 8
833 41
834 367
835 1
835 2
835 7
835 8
835 778
836 95
836 127
836 381
838 0
838 1
838 2
838 362
838 553
839 41
839 79
840 569
841 490
841 586
841 639
842 13
842 41
842 44
842 434
843 74
843 458
844 0
844 2
844 828
845 490
845 841
846 6
846 7
846 147
847 1
847 3
847 6
847 39
847 289
848 1
848 39
848 847
849 384
850 5
850 6
850 8
850 227
850 593
851 762
852 6
852 413
853 1
853 86
854 140
855 485
856 4
856 793
857 19
857 571
858 1
858 4
858 516
859 79
859 304
860 654
861 0
861 1
861 3
861 6
861 616
861 728
862 8
862 340
863 6
863 227
863 593
863 850
864 51
864 150
864 267
865 6
865 105
865 187
865 377
866 824
867 535
868 30
868 803
869 431
870 717
871 39
871 327
871 473
872 6
872 74
873 1
873 149
874 7
874 132
874 572
875 2
875 3
875 325
875 403
876 0
876 7
876 39
876 200
877 764
878 112
879 7
879 150
879 589
880 479
881 6
881 8
881 268
882 7
882 652
883 3
883 785
883 796
884 20
884 23
884 385
885 14
885 92
885 226
886 0
886 748
886 828
887 27
888 199
888 504
889 7
889 846
890 502
891 6
892 2
892 3
892 5
892 8
892 9
892 237
893 243
893 796
894 2
894 3
894 4
894 6
894 7
894 8
894 9
895 67
895 141
896 27
896 271
897 237
897 258
897 285
898 5
898 6
898 227
898 850
899 33
899 244
900 4
900 475
901 745
902 79
902 859
903 244
903 899
904 4
904 7
904 13
904 28
904 647
905 3
905 8
905 9
905 892
906 113
907 880
908 2
908 7
908 643
909 56
910 187
910 865
911 2
911 4
911 6
911 39
911 243
912 20
912 146
913 13
913 338
914 0
914 2
914 8
914 482
915 381
916 1
916 6
916 650
917 657
918 1
918 2
918 5
919 5
920 664
921 116
922 3
922 273
923 13
923 564
924 515
925 6
925 200
925 541
926 904
927 3
927 39
927 547
928 4
928 106
929 4
929 8
929 9
929 20
930 16
930 118
930 229
930 331
931 0
931 2
931 4
931 7
931 39
932 3
932 12
932 126
933 3
933 6
933 417
934 25
934 98
935 0
935 5
935 7
935 147
936 6
936 105
936 187
936 865
937 703
938 4
938 6
938 247
938 580
939 0
940 156
940 296
941 205
941 375
942 3
942 6
942 97
943 9
943 258
943 368
944 4
944 237
944 258
945 4
945 258
945 285
946 6
946 13
946 338
946 738
947 2
947 182
948 14
948 128
948 503
949 1
949 6
949 139
949 145
950 1
950 24
950 139
950 439
951 0
951 5
951 22
952 2
952 7
952 9
952 34
953 639
953 841
954 3
954 103
954 752
955 2
955 5
955 9
955 237
955 892
956 1
956 3
956 4
956 8
956 306
957 6
957 7
957 8
957 13
957 45
958 4
958 5
958 27
958 603
959 39
959 473
960 2
960 88
960 594
961 5
961 6
961 850
961 898
962 428
962 812
963 173
963 427
964 928
965 20
965 193
966 4
966 6
966 938
967 0
967 951
968 0
968 2
968 8
968 16
968 78
969 687
970 2
970 7
970 8
970 778
970 835
971 800
972 67
972 895
973 268
973 667
974 4
974 60
974 119
975 50
975 62
976 13
976 358
977 4
977 13
977 477
978 537
978 564
979 667
980 9
980 491
981 33
981 170
982 8
982 193
983 688
984 2
984 3
984 4
984 9
984 701
985 8
985 45
985 957
986 145
986 660
987 0
987 15
988 281
989 288
990 0
990 1
990 2
990 243
990 327
991 90
991 396
991 484
992 0
992 6
992 8
992 306
993 93
993 499
994 40
994 114
995 702
996 198
996 604
997 3
997 892
997 905
998 1
998 2
998 6
998 7
998 13
999 1
999 3
999 7
999 9
999 39
