1 0
2 0
2 1
3 0
3 1
3 2
4 0
4 1
4 2
4 3
5 0
5 1
5 2
5 3
5 4
6 0
6 1
6 2
6 3
6 4
6 5
7 0
7 1
7 2
7 3
7 4
7 5
7 6
8 0
8 1
8 2
8 3
8 4
8 5
8 6
8 7
9 0
9 1
9 2
9 3
9 4
9 5
9 6
9 7
9 8
10 0
10 2
10 3
11 1
11 2
11 3
11 4
12 2
12 4
13 0
13 3
14 0
14 1
14 3
15 0
15 5
15 6
16 2
16 3
17 5
17 6
18 2
18 6
19 2
19 6
20 0
20 13
21 0
21 1
21 2
21 4
21 5
21 7
22 0
22 1
22 2
22 3
22 5
22 6
22 7
23 0
23 1
23 2
23 3
23 5
23 6
23 7
24 0
24 1
24 2
24 6
24 7
25 0
25 1
25 2
25 3
25 5
25 6
26 1
26 2
26 4
26 6
26 8
26 9
27 1
27 5
27 7
29 0
29 3
29 4
29 5
30 0
30 2
30 3
30 5
30 23
31 0
31 1
31 2
31 5
31 6
32 1
32 2
32 4
33 0
33 1
33 5
33 6
33 22
34 0
34 2
34 3
34 5
34 7
34 23
35 1
35 2
35 3
35 4
36 5
36 17
37 1
37 3
37 4
37 5
37 7
37 8
38 6
38 18
39 27
40 0
40 13
41 3
41 5
41 23
41 34
42 2
43 20
44 2
44 3
44 5
44 8
45 38
46 1
46 3
46 5
46 8
46 37
47 0
47 2
48 6
49 5
50 0
50 2
50 4
50 5
50 7
50 21
51 0
51 3
51 10
52 0
52 1
52 7
53 2
53 5
53 6
53 31
54 1
54 3
54 5
54 8
54 46
55 4
56 0
56 2
56 5
56 6
56 7
57 0
57 3
57 5
57 7
57 23
57 34
58 3
58 5
58 8
58 54
59 0
59 2
59 7
59 50
60 1
60 5
60 8
60 37
60 46
61 6
61 33
62 2
62 3
62 5
63 0
63 1
63 2
63 5
63 6
63 7
64 0
64 3
65 2
65 3
65 4
65 5
65 6
66 3
66 5
66 44
67 1
67 2
67 6
68 1
68 2
68 5
69 42
70 1
70 4
70 5
70 7
71 1
71 2
71 4
72 1
72 3
72 5
72 8
72 37
73 1
73 3
73 5
73 8
73 37
74 0
74 1
74 5
74 6
74 7
74 23
75 1
75 3
75 4
75 11
76 1
76 2
76 8
76 9
77 2
78 1
78 3
78 14
79 0
79 2
79 3
79 7
79 23
79 34
80 4
80 5
80 70
81 2
81 9
81 76
82 1
82 5
82 6
83 2
83 4
84 2
84 18
85 2
85 4
85 6
85 9
86 5
86 8
86 54
87 3
87 44
88 0
88 1
88 2
88 6
88 7
89 0
89 3
89 5
89 23
89 34
90 7
91 0
91 2
91 3
91 5
92 1
92 5
92 37
93 5
93 7
94 0
94 3
94 34
94 79
95 6
96 1
96 8
96 37
96 46
97 3
98 1
98 67
99 3
99 14
100 6
100 31
101 3
101 4
101 5
101 6
102 6
103 0
103 1
104 2
104 5
104 50
105 34
106 0
106 7
106 50
107 1
107 2
107 4
107 8
107 9
107 26
108 0
108 4
109 1
109 5
109 46
110 0
110 3
110 5
111 5
111 6
111 15
112 1
112 5
113 1
113 2
113 3
114 2
114 71
115 0
115 7
115 23
116 0
116 4
116 5
116 29
117 2
117 4
117 5
118 0
118 1
118 5
118 6
118 22
119 71
119 114
120 5
120 36
121 2
121 9
122 1
122 2
122 4
122 8
122 9
122 26
123 2
124 5
125 3
125 8
125 37
126 1
126 5
126 8
126 37
127 84
128 3
128 8
128 37
128 73
129 0
129 7
129 106
130 0
130 3
130 4
130 5
131 1
131 2
132 4
132 29
132 116
134 0
134 4
134 130
135 0
135 5
135 23
135 89
136 5
136 8
136 37
136 46
136 60
137 3
137 5
137 7
137 23
137 34
138 1
138 2
138 3
138 5
138 6
139 4
139 83
140 2
140 5
140 23
141 3
141 87
142 3
142 8
142 37
143 1
143 6
143 7
144 0
144 1
144 6
144 7
144 23
144 74
145 8
145 37
146 99
147 5
148 1
148 103
149 2
149 5
149 140
150 0
150 2
150 3
150 23
150 79
151 0
151 2
151 3
151 7
151 23
151 34
151 79
152 5
152 7
153 2
153 3
153 5
154 0
154 2
154 5
154 7
155 0
155 2
155 3
155 10
156 98
157 5
157 6
157 53
158 1
158 5
159 1
159 2
159 8
159 9
159 76
160 1
160 3
160 5
160 8
160 54
161 37
161 46
162 0
162 2
162 5
162 21
163 1
163 2
163 5
163 6
163 7
163 8
164 1
164 5
164 8
164 46
165 1
165 5
165 8
165 46
166 0
166 3
166 34
167 1
167 2
169 5
170 0
170 1
170 5
170 6
170 22
170 118
171 0
171 2
171 150
172 0
172 1
172 6
172 7
173 29
173 116
173 132
174 0
174 2
174 3
174 5
174 30
175 0
175 5
175 6
175 63
176 23
177 7
178 1
178 2
178 5
178 31
179 1
179 6
179 7
179 8
179 163
180 2
180 6
180 19
181 3
181 99
182 3
182 4
182 5
183 5
183 37
183 92
184 1
184 2
184 3
184 11
185 3
185 125
186 5
186 6
187 124
188 124
189 97
190 1
190 2
190 3
190 4
190 35
191 1
191 2
191 71
192 0
192 3
192 155
193 90
194 1
194 2
194 3
194 4
194 190
196 1
196 4
196 75
197 4
197 5
198 2
199 1
200 0
200 3
201 0
201 1
201 3
201 6
201 8
202 116
203 0
203 3
203 5
203 7
204 1
204 8
204 46
205 18
205 84
206 1
207 1
207 2
207 4
208 2
208 35
208 190
209 5
209 8
209 136
210 0
210 3
210 14
211 36
212 0
212 3
212 10
213 0
213 2
213 5
213 6
215 6
215 15
216 1
216 2
216 6
217 140
218 0
218 1
218 5
218 6
218 118
218 170
219 1
219 5
219 6
219 31
221 0
221 1
221 2
221 6
221 7
221 8
221 9
222 0
223 0
223 2
223 10
223 155
224 1
224 5
224 37
224 126
225 3
225 64
226 1
226 8
226 37
227 2
227 4
227 8
227 9
227 26
228 2
228 5
228 6
229 1
230 55
231 0
231 3
231 5
231 130
232 4
232 116
233 2
233 3
234 3
234 5
234 23
234 34
234 57
235 3
235 34
235 41
236 0
236 1
236 6
236 8
236 201
237 5
237 140
238 8
238 46
238 165
239 1
239 37
239 92
240 3
240 125
241 105
242 1
242 3
242 35
243 8
243 145
244 0
244 2
244 5
244 7
244 21
244 50
245 1
245 2
245 5
245 7
246 2
246 7
246 23
246 34
246 79
246 151
247 113
248 2
248 7
248 23
248 34
248 151
248 246
250 83
251 1
251 2
251 8
251 76
251 159
252 0
252 2
252 5
252 6
252 56
253 0
253 1
253 6
253 7
253 88
254 1
254 4
254 70
255 4
255 6
255 9
256 0
256 2
256 3
256 7
256 23
256 34
256 151
257 0
257 34
258 2
258 8
258 26
258 107
259 3
259 5
259 23
259 34
259 89
260 1
260 37
260 92
260 239
261 1
261 8
261 9
261 76
262 0
262 1
262 7
262 88
263 37
263 145
264 0
264 2
264 5
265 46
265 165
265 238
266 0
266 6
266 7
266 88
267 250
268 2
268 5
268 44
269 1
269 2
269 4
270 3
270 4
270 65
271 3
271 23
271 34
272 4
272 6
273 2
273 84
274 3
274 6
274 201
275 23
276 0
276 1
276 2
276 3
276 4
276 7
277 2
277 8
277 159
277 251
278 2
278 3
278 30
279 3
280 2
280 5
280 6
280 65
281 0
281 2
281 10
281 155
281 223
282 3
282 5
282 8
283 1
283 3
283 5
283 8
284 2
284 8
284 9
284 26
284 107
285 2
285 3
285 113
286 0
286 20
287 3
287 10
288 0
288 3
288 10
289 0
289 5
289 7
289 21
289 50
290 1
290 2
290 8
290 9
291 3
291 4
291 5
292 188
293 1
293 2
294 9
295 1
295 8
295 9
296 3
296 5
296 65
297 0
297 2
297 4
297 5
297 7
297 50
298 5
299 0
299 4
300 5
300 34
300 41
301 67
302 4
302 116
302 132
303 2
303 8
303 9
303 26
303 284
304 0
304 1
304 7
304 74
305 6
305 61
307 76
307 81
308 0
308 1
308 2
308 24
309 37
309 92
310 1
311 1
311 131
312 0
312 3
313 1
313 2
313 9
313 76
314 1
314 224
315 176
316 0
316 1
316 5
316 6
318 2
318 155
318 223
318 281
319 0
319 2
319 5
319 6
319 7
319 63
320 6
320 8
320 163
321 2
321 8
321 44
322 298
323 3
323 5
323 7
323 23
323 34
324 1
324 3
324 8
325 3
325 5
325 34
325 89
325 259
326 9
326 76
326 313
327 44
327 321
328 5
328 46
329 0
329 3
330 310
331 6
332 1
332 4
332 269
333 2
333 76
333 313
334 0
334 2
334 6
335 2
335 7
335 8
335 163
336 3
336 4
336 5
336 29
337 2
337 8
337 9
337 26
338 1
338 67
339 0
339 34
340 3
340 5
340 44
341 7
341 34
341 79
341 151
341 246
342 2
342 8
342 9
343 5
343 44
344 0
344 2
344 7
344 8
344 9
345 0
345 2
345 3
345 7
345 23
345 34
345 79
346 5
347 81
347 307
348 5
348 31
349 0
349 5
349 6
350 1
350 5
350 8
351 7
352 0
352 2
352 5
352 7
352 21
352 50
353 1
353 8
353 9
353 122
354 26
354 107
354 258
355 1
355 2
355 9
356 0
356 1
356 2
356 3
356 4
356 6
356 7
356 8
356 9
357 39
358 0
358 2
358 3
358 30
359 4
359 7
359 8
360 3
361 1
361 3
362 7
362 23
362 34
362 151
363 3
363 5
363 34
364 0
364 1
364 5
364 6
364 31
366 3
366 5
366 34
366 325
367 3
367 5
367 34
367 89
368 18
369 8
370 1
370 7
370 163
371 76
371 313
372 1
372 2
372 8
372 290
373 1
374 1
375 1
375 92
376 272
377 0
377 3
377 5
377 6
377 7
378 8
378 9
378 342
379 1
379 3
379 5
379 8
380 0
380 1
380 7
381 0
381 23
381 115
382 0
382 3
382 5
383 0
383 1
383 2
383 3
383 4
383 5
384 7
384 23
384 34
384 246
385 233
386 0
386 2
386 5
386 50
387 5
387 237
388 0
388 3
388 4
388 7
388 8
390 18
391 0
391 2
391 10
392 1
392 3
392 4
392 5
393 0
393 23
393 34
393 151
394 44
394 87
395 44
395 87
396 6
396 7
396 23
396 74
397 23
397 34
398 0
398 1
398 3
398 14
399 0
399 10
399 51
400 233
401 0
401 1
401 5
401 6
401 23
402 0
402 2
402 3
402 7
402 34
402 79
402 345
403 374
404 5
404 6
404 65
404 280
405 29
405 116
406 34
406 79
406 94
407 0
407 1
407 7
407 262
408 30
408 278
409 3
410 293
411 1
411 2
411 6
411 7
411 8
411 9
411 221
412 0
412 1
412 2
412 4
412 6
412 7
412 8
413 3
413 34
413 367
414 2
414 5
414 6
414 63
414 319
415 5
416 6
416 38
417 0
417 1
417 2
417 3
417 4
417 5
417 7
418 0
418 23
418 34
418 393
419 1
419 375
420 2
420 3
420 4
421 2
421 8
421 163
422 0
422 2
422 21
422 50
423 23
423 115
423 381
424 2
424 3
424 5
424 65
425 5
425 6
425 280
425 404
426 1
426 2
426 24
426 308
427 0
427 3
427 10
427 288
428 3
428 34
428 57
429 2
429 251
430 3
430 8
430 44
431 1
431 2
431 9
431 26
432 0
432 5
432 23
432 89
433 5
433 387
434 1
434 2
434 6
435 5
435 8
435 37
435 46
435 60
435 136
436 1
436 103
437 1
437 24
438 2
438 3
438 4
438 6
438 7
438 8
439 1
439 7
439 262
439 407
440 0
440 1
440 6
440 23
441 0
441 1
441 2
441 4
441 6
441 7
441 8
442 1
443 3
443 4
443 5
443 8
443 37
444 0
444 1
444 7
444 23
444 74
444 144
445 1
445 76
446 0
446 1
446 88
446 253
447 0
447 3
447 5
447 23
447 34
447 89
448 7
448 144
449 34
449 41
449 235
450 1
450 3
450 5
450 37
450 46
451 76
452 1
452 8
453 5
454 5
454 6
454 31
454 53
455 1
455 92
455 260
456 0
456 1
456 2
456 3
456 5
456 25
457 8
457 122
457 353
458 7
458 23
458 151
459 46
459 204
460 76
460 371
461 1
461 4
461 6
461 8
461 9
462 2
462 159
462 251
462 277
463 3
463 34
463 137
464 23
465 0
465 2
465 7
465 50
465 297
466 2
467 2
467 5
467 21
467 50
468 5
468 23
469 2
469 5
469 149
470 1
470 6
470 144
471 0
471 2
471 3
471 30
472 3
472 125
472 185
473 3
473 37
473 125
474 0
474 2
474 3
474 23
474 150
475 5
475 186
476 5
476 8
477 2
477 71
478 3
478 34
478 271
479 5
480 5
480 6
480 280
480 404
481 2
481 6
481 7
481 24
482 116
482 232
483 1
483 2
483 3
483 5
484 1
484 2
484 6
484 8
484 9
485 1
485 37
485 92
485 260
486 237
486 387
487 0
487 34
487 393
488 4
488 7
488 8
488 388
489 4
489 6
489 255
490 419
491 3
491 8
491 443
492 0
492 1
492 74
493 1
493 3
493 46
495 8
495 9
496 4
497 48
498 5
498 6
498 7
499 5
499 197
500 0
500 380
501 2
501 9
502 5
502 37
502 46
502 60
502 136
503 1
503 5
503 60
504 3
504 23
504 150
505 5
505 50
505 104
506 0
506 1
506 5
506 6
506 218
507 0
507 1
507 5
507 6
507 31
508 1
508 3
508 11
509 2
509 24
510 9
511 8
511 125
512 8
512 476
513 1
513 46
513 450
514 0
514 23
514 34
514 393
514 418
515 1
515 7
516 1
516 2
516 32
517 2
517 5
518 3
518 8
518 491
519 239
520 3
520 5
521 3
521 4
521 6
521 101
522 3
523 7
523 151
523 246
523 248
524 1
524 4
524 11
525 2
525 76
526 29
526 173
527 0
527 3
527 5
527 23
527 89
527 447
528 3
528 8
528 37
528 73
529 2
529 6
529 7
529 8
529 438
530 98
530 156
531 5
531 8
531 37
531 46
531 60
531 435
532 4
532 9
532 255
533 1
533 2
533 6
533 26
534 7
534 34
534 246
534 384
535 44
535 87
536 3
536 4
536 7
536 8
536 37
537 4
537 5
538 3
538 23
538 34
538 41
539 1
539 35
539 242
540 2
540 8
541 2
541 3
541 5
542 2
542 65
542 280
543 23
543 34
543 271
544 37
544 145
544 263
545 2
545 5
545 7
546 2
546 3
546 8
546 44
547 1
547 4
547 8
547 9
547 26
548 8
548 46
548 60
548 531
549 0
550 2
551 5
551 6
551 65
552 0
552 1
552 2
552 3
552 5
552 7
552 22
553 2
553 131
555 2
555 3
555 23
556 0
556 5
557 2
558 6
558 8
558 9
558 221
560 2
560 6
560 319
560 414
561 6
561 31
561 219
562 141
563 2
563 6
563 7
563 56
564 0
564 155
565 2
565 6
565 8
565 9
566 0
566 564
567 0
567 2
567 21
568 2
568 3
569 3
569 491
570 5
571 5
571 23
571 432
572 5
572 23
572 34
572 259
573 1
573 2
573 5
574 23
574 504
576 2
576 21
576 50
576 244
577 2
577 244
578 1
578 4
578 11
578 524
579 0
579 5
579 23
579 447
579 527
580 0
580 2
580 30
580 471
581 5
581 57
582 2
582 3
582 8
583 2
583 5
583 65
584 0
584 2
584 4
584 6
584 7
585 5
585 6
585 7
586 3
586 361
588 37
588 92
588 239
588 260
589 2
589 3
589 7
589 23
589 34
590 0
590 3
590 79
590 345
591 2
591 163
591 421
592 393
593 0
593 3
593 6
593 201
594 7
594 407
594 439
595 6
595 8
595 9
595 565
596 1
596 4
596 32
597 113
597 285
598 0
598 1
598 6
598 24
599 5
599 6
599 53
599 454
600 7
600 23
600 34
600 384
601 4
601 7
602 0
602 3
602 7
602 8
603 5
603 8
603 86
604 2
604 5
604 583
605 459
606 0
606 1
606 2
606 6
606 8
606 441
607 1
607 2
608 76
608 445
609 0
609 1
609 5
609 118
609 170
609 218
610 0
610 74
610 144
610 444
611 3
611 5
611 7
611 8
612 0
612 3
612 4
612 130
613 0
613 6
613 7
613 8
614 0
614 1
614 2
614 7
615 522
616 5
617 23
617 34
617 151
617 362
618 0
618 212
619 1
619 5
619 6
619 7
619 23
620 1
620 9
620 295
621 0
621 5
621 23
622 98
623 3
623 5
623 44
623 66
624 2
624 516
625 7
625 384
626 1
626 3
626 4
627 3
627 409
628 5
629 3
629 7
629 8
629 536
630 397
631 0
631 2
631 5
631 6
632 557
633 4
633 6
633 8
634 254
635 23
635 34
635 393
636 139
637 10
637 288
638 1
638 26
640 6
640 416
641 0
641 5
641 110
642 6
642 74
642 144
643 0
643 3
643 8
643 388
644 2
644 3
644 5
644 6
644 65
645 0
645 6
645 7
645 172
646 2
646 3
647 5
647 8
648 6
648 7
650 0
650 1
650 5
650 118
650 218
651 0
651 30
651 471
651 580
652 1
652 2
652 68
653 1
653 4
654 0
654 2
654 3
654 7
655 3
655 8
655 44
655 546
656 106
657 2
657 18
658 8
658 46
658 60
658 548
659 232
659 482
661 5
661 23
661 89
661 135
662 1
663 5
663 89
663 325
664 7
664 246
664 534
665 0
665 34
665 393
665 418
665 514
666 6
666 7
666 253
667 2
667 3
667 7
667 23
667 34
668 46
668 60
668 531
669 267
670 84
671 23
672 6
672 31
672 53
672 454
673 3
673 23
673 34
673 151
674 1
675 2
675 9
676 296
677 189
678 0
678 1
678 2
678 6
678 7
678 8
678 441
679 3
679 23
679 555
680 313
681 269
681 332
682 313
683 1
683 3
683 5
683 483
684 0
684 2
684 24
684 308
686 1
686 5
686 8
687 2
687 7
687 50
687 59
688 5
688 6
688 480
689 2
689 675
690 2
690 65
692 2
692 8
692 582
693 4
693 5
694 3
694 65
694 296
695 2
695 6
695 9
696 2
696 5
697 2
697 278
698 0
698 23
698 89
699 106
699 129
700 0
700 1
700 3
700 6
700 8
701 8
701 46
702 380
703 2
703 8
703 44
704 2
704 7
704 23
704 79
704 151
704 246
705 0
705 1
705 6
705 8
705 201
706 3
706 5
707 2
707 6
707 695
708 0
708 6
708 172
709 0
709 10
710 0
710 22
710 118
710 170
711 1
711 6
712 0
712 3
712 14
713 0
713 2
713 4
713 5
713 7
714 564
715 319
715 414
716 23
716 555
717 1
718 0
718 23
718 698
719 0
719 155
719 192
720 3
720 4
720 8
720 438
722 3
723 3
723 8
724 26
724 638
725 0
725 2
725 5
725 7
725 21
725 50
726 2
726 12
727 2
727 7
727 34
727 79
728 0
728 2
728 5
728 30
728 174
729 2
730 1
730 6
730 7
730 88
731 0
731 74
731 444
731 610
732 3
732 582
733 7
733 388
733 488
734 1
734 4
734 75
735 23
735 89
735 432
736 3
736 4
736 6
736 101
737 9
737 295
737 620
738 2
738 8
738 26
740 0
740 20
741 525
742 0
742 471
742 580
742 651
743 6
743 7
744 0
744 5
744 7
744 21
744 50
744 725
745 2
745 3
745 30
746 122
746 457
747 4
747 196
748 1
748 2
748 3
748 4
748 5
749 2
749 7
750 0
750 4
750 5
751 116
752 0
752 1
752 2
752 6
752 678
753 663
754 103
754 148
755 703
756 46
756 204
756 459
757 2
757 7
757 79
757 151
757 246
757 704
758 2
758 477
759 0
759 6
760 107
760 258
761 0
761 6
761 7
761 88
761 266
762 471
762 580
762 651
762 742
763 125
764 1
764 8
764 37
764 46
765 102
766 0
766 2
766 3
766 25
766 456
767 76
767 81
768 4
769 0
769 2
769 7
769 50
769 59
770 2
770 3
770 5
770 6
770 65
770 644
771 4
771 6
771 8
772 0
772 759
773 8
773 165
774 145
775 0
775 2
775 4
775 6
775 584
776 0
776 3
776 8
776 602
777 2
777 4
778 2
778 19
779 3
779 54
779 160
780 2
780 83
781 0
781 1
781 2
781 4
781 8
781 412
782 2
782 675
783 3
783 29
784 3
784 5
784 130
785 0
785 106
786 8
786 76
786 159
786 251
787 532
788 5
788 89
788 367
789 5
789 110
790 3
790 101
790 521
791 1
791 3
791 4
791 35
792 0
792 381
793 0
793 2
793 7
793 34
793 79
794 0
794 1
794 4
794 5
794 7
794 417
795 405
796 0
796 2
796 24
797 5
797 433
798 1
798 24
799 3
799 210
800 1
800 3
800 4
800 7
800 8
800 37
801 2
802 136
802 209
803 753
804 0
804 3
804 5
804 7
804 22
804 552
805 0
805 34
805 393
806 8
806 46
806 204
807 367
808 2
808 7
808 50
809 1
809 5
809 7
810 295
810 620
811 564
811 566
812 44
813 1
813 2
813 4
814 371
815 2
816 2
816 8
817 76
817 313
818 8
818 9
818 565
819 87
820 0
820 1
821 0
821 5
822 4
823 8
824 36
825 1
825 5
825 46
825 109
826 1
826 3
826 8
827 3
827 5
827 89
828 155
828 281
828 318
829 19
830 2
830 8
830 26
830 227
831 46
831 165
832 10
832 709
833 74
833 396
834 23
834 150
835 99
835 181
837 1
837 2
837 9
837 76
837 313
838 2
838 4
838 6
838 8
838 9
838 26
839 44
839 87
839 535
840 1
840 2
840 3
840 4
840 190
841 1
841 5
841 6
842 4
842 6
842 8
842 633
843 3
843 478
844 1
844 2
844 4
844 35
844 190
845 0
845 2
845 5
845 56
846 3
846 16
847 2
847 3
847 582
848 2
849 0
849 50
851 0
851 2
851 3
851 79
851 150
852 0
852 5
852 6
852 506
853 3
853 8
853 37
854 8
854 46
854 165
854 238
855 7
855 34
856 0
856 2
856 7
856 50
857 0
857 1
857 7
857 407
858 2
858 6
859 5
860 74
860 610
862 3
862 5
862 7
862 22
862 552
863 2
863 5
863 631
864 2
864 4
864 8
864 9
864 26
865 90
866 1
866 224
867 0
867 7
868 2
868 65
868 542
869 2
870 0
870 106
871 0
871 1
871 2
872 2
872 434
873 24
873 308
873 684
874 0
874 1
874 6
874 24
875 0
875 1
875 6
875 8
875 441
875 606
876 204
876 756
877 0
877 500
878 1
878 5
878 6
878 23
879 729
880 0
880 2
880 4
880 6
881 1
881 2
881 8
881 290
882 8
882 46
883 2
884 3
884 125
884 473
885 0
885 2
885 5
885 23
886 1
886 338
888 156
889 0
889 5
889 6
889 170
890 2
890 24
890 796
891 2
891 150
891 171
892 155
892 318
893 4
893 5
893 6
893 101
894 2
894 7
894 23
894 34
894 256
895 1
895 4
895 37
895 800
896 1
896 103
897 23
897 115
898 3
898 23
898 79
899 4
899 196
900 87
900 395
901 1
901 76
902 4
902 5
902 80
903 8
904 24
904 874
905 0
905 308
905 684
906 2
906 6
906 228
907 5
907 581
909 0
909 5
909 7
910 0
910 2
910 3
911 3
912 186
912 475
913 0
913 1
913 2
913 7
913 8
913 441
913 678
914 1
914 2
914 3
914 5
915 34
915 393
915 635
916 0
916 5
916 6
916 7
916 22
917 0
917 6
917 8
917 441
917 678
918 0
918 5
918 7
918 50
918 725
918 744
919 5
919 7
919 50
919 289
920 1
920 2
920 8
920 221
921 0
921 3
922 1
922 7
922 8
924 0
924 22
925 3
925 8
925 518
926 37
926 145
926 263
927 37
927 136
928 3
928 10
929 0
929 1
929 3
929 7
929 23
930 393
930 514
931 0
931 2
931 7
931 8
932 1
932 260
932 455
933 0
933 1
933 6
933 8
933 700
934 5
934 37
934 46
934 60
934 136
934 502
935 6
935 8
935 9
935 565
936 0
936 74
937 1
937 260
938 2
938 5
939 38
939 416
940 23
940 34
940 393
940 635
941 519
942 0
942 3
942 79
942 345
942 590
943 3
943 5
943 8
944 1
944 260
944 485
945 7
945 151
945 246
945 341
946 0
946 2
946 24
946 684
947 0
947 3
947 4
947 7
948 3
949 0
949 51
950 2
950 30
951 10
951 287
952 34
952 257
953 4
953 5
953 6
954 7
955 2
955 50
956 38
956 939
957 0
957 4
957 7
957 388
958 1
958 6
958 253
959 3
959 493
960 5
960 7
961 23
961 393
961 635
962 2
962 4
962 6
962 8
962 9
963 269
963 332
964 0
964 5
965 110
966 0
966 2
966 5
966 30
968 0
968 2
968 5
968 6
968 7
968 9
969 1
969 5
969 7
969 8
970 0
970 5
971 2
971 414
972 0
972 3
972 5
972 7
973 5
973 264
974 371
974 460
975 1
975 2
975 8
975 159
975 251
976 0
976 5
976 50
977 125
977 473
979 1
979 118
979 170
979 218
979 609
980 1
980 7
980 88
980 253
981 5
982 5
982 686
983 1
983 7
983 8
984 46
984 459
985 116
985 232
986 5
986 821
987 2
987 117
988 407
988 439
989 2
989 4
989 35
990 2
990 5
990 280
991 150
991 504
992 8
993 1
993 24
993 798
994 8
994 44
995 23
995 34
995 418
995 514
996 4
997 1
997 24
997 308
997 426
998 1
998 4
998 6
998 9
999 0
999 1
999 3
999 6
999 7
999 23
