1 0
2 0
2 1
3 0
3 1
3 2
4 0
4 1
4 2
4 3
5 0
5 1
5 2
5 3
5 4
6 0
6 1
6 2
6 3
6 4
6 5
7 0
7 1
7 2
7 3
7 4
7 5
7 6
8 0
8 1
8 2
8 3
8 4
8 5
8 6
8 7
9 0
9 1
9 2
9 3
9 4
9 5
9 6
9 7
9 8
10 3
11 0
11 4
12 0
12 2
12 3
12 5
12 6
12 7
13 0
13 5
13 7
13 12
14 7
14 8
14 9
15 2
15 4
15 8
16 3
16 10
17 7
17 14
18 5
18 9
19 7
20 2
20 3
21 3
22 13
23 18
24 7
25 14
26 6
26 7
27 20
28 3
28 4
28 7
29 2
29 4
29 15
30 3
31 3
31 16
32 4
32 8
33 0
33 3
33 12
34 9
35 2
35 4
35 6
35 9
36 4
36 9
37 1
37 2
37 3
38 9
38 35
40 0
40 2
41 1
41 2
41 6
41 7
42 0
42 5
42 13
43 12
43 13
44 3
44 6
44 8
45 32
46 35
47 17
48 30
49 3
49 6
49 7
50 1
50 6
51 1
51 3
51 8
53 5
53 9
54 12
55 33
56 9
57 0
57 6
57 12
58 6
59 54
60 3
60 5
60 7
60 9
61 15
62 51
64 33
65 18
66 3
66 49
67 13
68 5
68 7
68 8
69 28
70 1
70 7
71 50
72 28
73 68
74 9
74 60
75 2
75 3
75 20
76 1
76 3
77 43
78 35
79 1
80 25
83 64
84 4
84 15
85 49
86 12
86 13
87 12
87 57
88 8
88 68
89 6
91 3
91 5
91 8
92 35
92 78
93 1
93 3
93 51
94 35
95 8
95 88
96 29
97 0
97 3
97 7
98 16
99 86
100 3
100 4
101 3
101 93
102 34
103 1
103 9
104 3
104 4
105 103
106 4
106 7
106 9
107 7
107 106
108 88
109 0
109 9
110 0
110 12
110 57
111 3
111 44
113 6
113 7
113 49
114 0
115 51
116 88
117 1
117 3
117 4
118 66
119 109
120 2
120 3
120 12
121 106
122 18
123 5
123 7
123 9
124 2
124 6
125 33
126 14
127 5
127 53
128 118
129 3
129 49
129 66
130 9
130 103
131 3
131 7
132 88
134 25
135 106
136 4
136 5
137 2
137 6
137 35
138 2
139 5
139 6
140 136
141 29
143 86
144 6
144 50
145 6
145 35
145 137
146 127
147 13
147 43
148 18
148 122
149 8
149 14
150 1
150 3
152 43
153 127
154 9
154 34
155 147
156 4
157 43
157 147
158 64
159 0
161 11
162 13
163 109
164 3
165 14
165 17
166 84
167 134
168 0
168 57
169 98
170 3
170 131
171 117
172 131
173 65
174 42
175 110
176 7
176 26
177 49
178 47
179 87
180 175
181 140
182 111
183 96
184 94
185 109
186 4
187 143
188 6
188 9
189 177
190 12
191 0
191 5
192 132
193 146
194 98
194 169
195 9
195 35
196 25
197 80
199 48
200 167
201 5
202 4
202 8
203 7
204 91
205 92
206 13
208 93
209 80
209 197
211 5
211 8
212 0
212 7
212 9
213 0
213 7
214 17
215 6
215 44
216 209
217 102
218 124
219 35
220 0
220 6
221 95
222 193
223 93
223 208
224 154
225 0
225 57
226 214
227 6
227 12
227 57
228 101
229 12
229 57
230 228
231 7
231 13
232 26
233 0
233 5
233 42
234 3
234 7
234 9
235 12
235 13
236 117
237 7
237 203
238 108
239 168
240 43
241 9
241 14
242 29
244 200
245 35
245 38
246 29
246 242
248 36
249 29
250 75
251 14
251 17
252 203
253 5
253 91
254 7
254 9
254 60
255 4
255 8
255 9
256 2
257 93
257 208
257 223
259 4
259 36
260 38
260 245
261 3
261 104
262 94
263 3
263 30
265 164
266 4
267 217
268 224
269 7
269 60
270 244
271 7
272 7
273 17
274 15
275 14
275 149
276 8
276 149
277 43
277 77
278 188
279 245
280 87
281 5
283 50
284 1
284 103
285 99
286 9
286 241
288 31
289 32
292 103
293 3
293 104
294 31
294 288
295 104
295 261
296 0
296 1
296 5
296 7
297 0
297 5
298 71
299 0
299 7
299 13
300 297
301 225
302 7
303 245
304 4
304 28
305 294
306 0
306 3
307 127
308 0
308 7
308 213
309 106
310 100
311 7
311 12
313 208
314 293
315 7
315 26
316 0
316 8
317 316
318 140
319 1
319 3
319 6
319 7
320 1
320 93
321 13
322 132
323 220
324 41
325 248
326 293
327 91
328 7
328 234
329 206
330 10
331 245
331 260
333 295
334 163
335 261
335 295
336 1
336 93
337 2
337 3
337 5
337 7
338 0
338 40
339 329
340 298
341 0
341 2
341 9
342 6
342 137
343 286
344 2
345 2
345 15
346 344
347 22
348 166
349 0
349 3
350 29
351 120
352 149
353 7
353 213
354 3
354 97
355 7
356 277
357 317
358 261
359 20
361 3
361 337
362 3
362 75
364 278
365 5
365 7
365 123
366 4
366 106
367 3
368 308
369 13
370 212
371 182
372 313
373 111
374 28
375 349
376 336
377 354
378 1
378 70
379 246
381 86
382 3
382 4
382 100
383 275
384 211
385 209
386 100
387 5
387 365
388 1
388 76
389 98
390 113
391 7
391 234
391 328
392 266
393 9
393 212
394 188
395 227
396 336
397 245
400 7
400 26
401 384
402 237
403 16
404 84
405 230
406 12
407 3
407 7
407 28
408 286
408 343
412 7
412 272
413 374
414 9
414 103
414 130
415 164
416 219
417 37
418 171
419 331
420 130
421 225
423 215
424 60
424 254
425 285
426 255
427 28
427 72
428 241
429 5
429 9
429 18
430 329
431 7
431 315
432 217
433 167
434 1
434 76
435 281
436 431
437 195
439 214
439 226
440 0
440 12
440 13
441 429
443 387
444 338
445 28
446 103
447 111
447 182
448 260
449 320
450 5
450 253
451 346
452 9
452 103
453 251
454 0
454 191
456 0
456 191
457 228
458 361
459 385
460 270
461 79
462 391
463 321
464 432
465 338
466 459
467 419
468 12
468 229
469 357
470 42
471 424
472 71
473 213
474 126
476 197
477 124
479 222
480 15
481 280
482 369
483 427
484 1
484 3
484 4
485 141
486 0
486 2
486 3
486 4
486 6
487 234
487 391
490 397
491 3
491 150
492 2
492 9
492 35
493 179
494 49
495 7
495 400
496 101
497 295
498 7
498 12
499 4
499 484
500 4
501 3
502 388
503 129
504 9
505 376
506 256
507 7
507 68
508 439
509 3
509 263
510 308
512 502
513 2
513 8
513 9
514 467
515 6
515 35
516 62
517 101
517 496
518 131
519 2
519 3
519 7
520 2
522 127
523 178
524 255
525 49
525 177
526 246
526 379
527 73
528 119
529 4
529 9
529 255
530 308
531 88
532 137
535 295
536 339
537 64
538 487
539 1
539 3
539 319
540 0
540 296
541 277
542 499
543 359
544 34
545 308
545 368
546 28
546 72
546 427
547 57
547 110
548 206
548 329
549 250
550 73
551 286
552 13
553 447
554 498
555 215
556 6
556 145
557 234
558 144
559 31
560 461
561 51
561 115
562 137
563 5
563 429
564 3
564 6
565 277
567 12
568 161
569 463
570 320
571 131
571 518
572 3
572 12
573 154
574 434
575 51
575 115
576 304
577 510
578 484
579 429
580 3
580 93
581 2
581 41
582 19
583 343
583 408
584 85
585 338
586 278
587 331
588 206
588 548
589 35
589 245
593 346
593 451
594 168
595 245
596 588
597 197
598 288
599 70
600 329
601 13
601 147
602 4
602 28
604 4
604 499
605 5
605 13
605 42
606 393
607 453
608 14
609 461
610 40
610 338
611 349
612 0
612 5
613 8
613 202
614 100
615 190
616 226
616 439
617 195
618 4
618 7
618 28
619 321
619 463
620 254
620 424
621 329
621 339
623 549
624 3
624 6
625 484
625 499
626 150
626 491
627 601
628 7
628 495
629 17
630 0
630 7
630 308
631 465
632 1
632 2
632 4
632 7
632 9
633 431
634 60
634 269
635 580
636 7
636 234
637 5
637 139
638 3
638 8
639 0
639 40
640 71
640 472
641 417
642 15
643 253
643 450
644 626
645 581
646 30
647 1
647 79
648 41
649 7
649 328
650 492
651 253
652 0
652 297
653 450
654 181
655 148
656 428
657 110
658 281
659 612
660 129
661 11
663 7
663 123
664 101
664 517
666 540
667 49
668 233
669 185
670 7
670 8
670 14
671 361
671 458
673 17
674 5
674 53
675 7
675 365
676 288
677 170
678 54
679 224
680 150
681 34
681 154
682 414
683 607
684 28
684 546
686 602
687 146
688 482
689 44
691 334
692 670
693 497
694 7
694 113
695 7
695 68
696 675
697 100
697 382
698 468
699 194
700 121
701 14
702 505
704 295
704 335
705 194
706 100
707 168
707 239
708 0
708 159
709 280
710 397
711 469
712 429
713 492
714 436
715 498
716 176
717 0
717 191
717 456
718 4
718 484
719 2
719 519
720 66
721 3
721 319
722 2
722 120
724 43
724 240
725 197
725 476
726 3
726 117
727 5
727 53
728 0
728 4
728 5
730 273
732 12
734 3
734 66
734 129
735 545
737 3
737 382
738 5
739 54
740 119
741 5
741 9
741 18
742 639
743 423
744 1
744 336
745 8
746 0
746 717
747 167
747 433
748 476
749 102
750 176
753 572
754 103
755 0
755 6
756 35
756 78
758 48
759 621
760 5
760 429
760 563
761 365
761 387
762 0
762 1
763 156
764 10
764 16
765 550
766 0
766 40
766 639
767 132
767 192
768 764
769 164
770 556
771 9
771 234
772 4
772 486
773 343
773 408
773 583
774 31
775 255
775 426
776 276
777 406
778 49
778 525
779 0
779 612
780 7
780 311
781 427
782 255
783 412
784 249
785 7
785 68
786 5
786 9
788 719
789 596
790 197
792 115
792 575
793 119
793 528
794 5
795 286
796 85
798 421
799 13
799 605
800 12
800 57
800 227
801 6
801 7
801 8
802 0
802 3
802 97
803 763
804 20
804 75
805 66
805 118
806 650
807 353
808 474
809 545
809 735
811 725
812 135
813 8
813 202
813 613
814 578
815 470
816 8
816 9
816 255
817 706
818 571
819 696
820 51
821 3
821 263
821 509
822 552
823 588
824 93
824 208
824 223
825 610
826 681
827 358
828 407
829 708
830 704
831 13
831 605
831 799
833 84
834 57
835 1
835 4
835 632
836 49
836 667
837 620
838 800
840 159
841 557
842 113
843 105
844 560
845 66
846 214
847 222
848 113
849 531
850 127
851 266
852 99
853 352
854 772
855 352
856 6
856 144
857 113
858 186
859 20
860 366
861 286
862 4
862 9
863 833
864 726
865 7
865 234
867 842
868 118
869 661
870 644
871 197
871 725
872 93
873 208
874 293
875 2
876 7
876 49
877 391
877 487
878 338
878 585
879 427
880 155
881 819
882 403
884 186
885 659
886 229
886 468
887 859
888 553
889 3
889 802
890 176
890 716
891 7
891 308
892 182
892 447
893 8
893 32
894 526
895 257
896 7
897 879
898 645
899 3
899 51
900 4
900 255
901 639
902 517
904 242
905 663
906 542
907 378
908 846
911 18
911 23
912 499
912 625
913 434
914 532
915 4
915 500
916 111
917 276
918 7
920 202
920 813
921 766
922 163
922 334
923 362
924 49
924 836
925 899
926 107
927 2
927 20
928 369
929 9
930 75
931 277
932 167
932 747
933 167
933 747
934 907
935 387
936 378
937 891
938 130
938 414
939 6
939 856
940 7
940 663
941 666
942 480
944 525
945 319
946 676
947 32
948 91
950 341
951 584
952 543
953 0
953 13
954 167
954 932
955 66
955 734
956 539
957 376
958 454
959 11
960 126
961 106
962 37
963 477
964 13
964 22
965 9
966 835
967 113
968 1
969 505
971 87
972 5
972 450
973 649
974 647
975 739
976 12
976 229
976 468
977 62
978 961
979 196
980 184
981 328
982 69
983 651
984 71
984 298
985 53
986 2
986 9
986 513
987 320
988 5
988 13
989 3
989 51
990 113
990 842
992 837
993 555
994 60
994 74
995 31
995 774
997 308
997 630
998 366
998 860
999 9
