1 0
2 0
2 1
3 0
3 1
3 2
4 0
4 1
4 2
4 3
5 0
5 1
5 2
5 3
5 4
6 0
6 1
6 2
6 3
6 4
6 5
7 0
7 1
7 2
7 3
7 4
7 5
7 6
8 0
8 1
8 2
8 3
8 4
8 5
8 6
8 7
9 0
9 1
9 2
9 3
9 4
9 5
9 6
9 7
9 8
10 3
11 1
12 1
12 5
13 1
14 3
15 1
18 2
19 9
20 6
21 7
23 8
24 5
24 8
25 6
26 20
27 4
29 4
29 5
29 9
30 2
30 6
31 1
36 0
36 2
36 6
37 7
38 5
40 8
40 23
42 3
43 26
45 3
45 9
50 4
51 4
51 8
55 0
57 3
60 1
61 1
61 4
64 0
65 3
65 10
67 2
68 6
69 51
70 7
71 8
71 23
73 26
75 3
77 30
78 26
79 27
81 45
84 1
84 60
85 1
86 20
87 51
88 5
92 64
94 1
95 1
96 3
98 5
98 7
99 50
100 0
101 3
101 6
103 5
103 9
105 77
108 64
110 40
113 78
114 9
117 1
118 7
118 98
119 1
121 7
122 6
125 27
127 7
128 9
130 40
130 110
131 38
132 7
133 36
134 4
141 8
142 37
144 2
146 141
147 5
151 4
151 134
154 8
155 64
157 40
157 110
158 6
159 8
162 8
164 130
165 118
166 60
167 8
168 60
168 84
169 119
170 88
173 5
173 29
174 75
179 36
180 45
181 6
182 30
183 55
187 130
188 7
189 118
189 165
193 3
196 1
196 84
197 13
199 75
202 2
202 7
203 7
203 118
205 4
205 8
206 5
207 173
210 0
210 9
211 40
212 1
212 3
212 6
212 8
213 4
213 9
216 19
217 64
218 27
220 29
221 51
222 202
223 7
226 7
227 179
231 213
232 4
234 207
235 40
238 23
241 7
242 4
242 213
244 0
244 2
245 5
246 113
248 6
249 2
250 3
250 4
252 210
254 0
254 4
254 5
255 1
259 110
260 7
261 141
262 0
263 12
264 1
266 0
266 3
267 1
267 85
268 2
269 75
271 1
274 98
275 4
279 98
280 43
282 2
284 132
289 147
290 9
291 29
291 173
293 226
294 222
296 6
299 7
300 218
301 118
306 2
307 13
307 197
308 158
310 1
310 3
311 38
312 7
313 51
316 3
317 7
318 307
320 249
322 4
322 213
326 65
328 71
330 1
332 6
332 8
333 101
334 189
335 64
335 155
336 7
342 271
343 45
343 81
345 2
345 144
348 20
349 296
350 242
353 2
353 282
354 20
358 254
359 5
360 179
360 227
362 81
363 5
366 8
367 342
368 202
370 8
375 210
375 252
377 4
378 241
379 9
380 268
381 8
385 350
386 81
388 40
390 10
392 4
392 50
393 336
396 343
399 7
400 8
403 71
403 328
404 235
406 119
408 7
409 213
411 4
412 267
413 4
413 392
414 96
416 7
416 241
418 43
421 216
422 51
424 168
425 9
427 424
431 162
432 26
433 85
434 147
435 81
437 8
438 210
438 375
439 174
441 11
442 307
442 318
443 113
444 332
445 77
451 432
452 6
453 0
453 8
454 2
454 268
455 40
455 130
458 2
458 18
460 81
462 392
463 5
463 206
467 29
468 99
472 212
473 1
473 5
475 4
476 439
478 128
479 375
480 202
481 453
482 385
484 4
486 155
486 335
488 413
489 310
492 7
492 223
493 1
493 330
494 2
496 9
499 388
503 43
504 11
505 6
506 227
506 360
507 0
508 162
510 241
511 408
512 14
515 61
517 413
518 61
520 78
522 1
522 3
523 342
526 250
528 6
530 378
531 505
533 241
535 246
536 75
538 202
540 332
548 55
548 183
550 353
551 6
552 6
553 510
554 533
556 3
556 65
557 271
557 342
559 360
560 7
560 260
562 468
563 50
565 478
567 147
568 75
569 280
573 18
576 316
577 392
577 462
578 439
578 476
580 275
581 559
582 246
583 202
586 1
587 1
588 408
590 275
591 463
594 29
595 9
596 1
598 23
598 238
600 333
601 4
601 151
602 1
602 60
604 250
606 168
607 531
609 280
611 503
613 23
613 71
615 522
617 476
618 147
618 567
620 4
621 408
623 6
623 505
626 250
627 454
628 5
628 88
630 24
631 463
633 26
634 45
636 128
637 274
638 220
640 157
641 210
642 98
643 71
645 6
648 424
650 4
654 1
655 392
658 2
659 1
663 8
664 3
664 6
665 308
667 98
669 418
670 3
676 2
677 367
678 29
680 103
681 1
682 342
683 30
686 362
687 406
693 1
696 189
697 36
700 510
702 310
703 1
703 84
706 9
708 181
711 472
713 88
713 628
714 254
716 455
719 27
719 218
720 1
721 14
729 168
730 202
731 168
733 23
737 453
737 481
741 36
742 1
742 586
744 154
747 4
748 2
748 249
749 2
751 158
754 5
755 493
756 1
756 4
757 29
763 9
764 530
766 38
766 311
767 328
767 403
771 30
772 9
772 496
774 4
776 486
777 4
777 7
779 118
779 301
780 275
781 0
781 100
783 633
784 1
787 1
792 3
792 57
793 37
795 1
796 3
797 43
799 8
801 210
802 633
804 85
804 433
806 98
807 84
807 168
808 8
812 255
814 5
815 737
819 3
819 212
820 154
822 476
824 378
825 2
825 268
830 620
832 1
832 4
832 5
832 7
834 64
834 217
835 7
835 202
837 216
837 421
840 227
841 23
848 40
848 110
849 51
849 422
852 9
854 467
859 530
861 9
862 424
862 648
867 4
867 832
868 606
869 30
869 683
870 8
870 370
871 8
872 151
873 310
877 1
877 196
879 271
880 615
881 222
881 294
883 189
884 598
885 700
887 210
891 591
893 84
894 8
896 203
898 328
900 173
902 8
903 432
903 451
905 342
906 2
907 2
911 3
912 711
920 1
920 310
921 343
922 7
923 43
924 250
925 4
925 411
927 747
928 9
930 144
935 825
939 216
940 308
940 665
945 683
947 20
948 1
948 602
949 8
950 697
953 7
955 60
956 8
958 9
958 595
959 144
959 345
960 5
963 43
967 10
968 100
968 781
972 98
973 11
973 504
976 307
979 776
982 7
982 223
983 8
984 6
986 3
989 869
990 147
995 317
996 4
997 11
998 425
