1 0
2 0
2 1
3 0
3 1
3 2
4 0
4 1
4 2
4 3
5 0
5 1
5 2
5 3
5 4
6 0
6 1
6 2
6 3
6 4
6 5
7 0
7 1
7 2
7 3
7 4
7 5
7 6
8 0
8 1
8 2
8 3
8 4
8 5
8 6
8 7
9 0
9 1
9 2
9 3
9 4
9 5
9 6
9 7
9 8
10 1
11 0
14 0
14 5
14 6
16 2
17 0
17 6
18 2
19 0
19 5
19 6
20 6
21 2
21 5
21 6
21 8
22 0
22 6
23 1
23 8
25 0
25 4
25 5
26 1
26 4
27 0
29 3
30 3
30 4
30 7
34 1
34 5
37 7
40 0
40 3
40 4
41 7
42 4
42 8
43 5
44 2
44 3
44 6
45 4
45 30
46 6
49 5
49 7
52 0
52 5
53 1
53 4
54 2
55 1
55 5
56 55
57 1
57 3
58 0
58 6
59 0
59 3
60 0
60 4
60 7
61 5
62 3
62 5
64 4
65 4
65 7
67 7
68 1
70 4
72 1
72 7
73 0
73 2
75 3
76 0
76 3
76 9
78 2
78 3
79 4
83 3
83 5
83 7
83 9
85 0
85 4
88 0
88 6
91 2
91 4
91 5
91 6
92 4
93 0
94 4
96 1
97 4
100 4
105 9
107 1
109 65
111 7
112 0
114 1
114 4
116 3
117 2
118 2
118 4
119 2
119 3
121 5
121 91
124 7
125 0
125 1
125 5
126 0
127 3
129 1
130 4
130 8
131 4
133 1
134 0
135 1
135 5
136 5
138 0
140 5
144 4
145 4
147 3
148 3
148 4
149 0
149 3
150 135
155 2
162 0
162 3
163 3
163 7
165 54
166 2
166 8
167 0
167 2
169 155
172 1
172 2
172 4
172 6
173 3
174 91
177 3
178 40
179 0
181 4
182 0
182 1
182 5
186 3
187 4
188 4
189 4
191 6
192 4
193 6
196 0
197 3
197 9
199 0
199 5
200 5
201 6
202 0
202 5
204 5
205 3
205 7
208 0
208 11
210 6
212 18
213 4
213 6
214 4
217 2
223 1
223 2
223 4
223 7
223 8
224 0
224 2
227 0
228 0
228 4
230 4
230 7
231 3
231 5
232 22
240 3
245 4
251 1
252 3
256 2
256 6
257 5
258 1
258 172
259 1
259 2
260 205
262 0
262 3
264 172
265 1
265 2
268 7
272 7
274 1
275 1
275 2
275 7
276 208
278 30
279 2
282 30
283 2
284 252
286 4
290 3
293 0
293 5
295 4
296 4
297 30
298 1
298 4
298 53
300 188
302 0
302 224
303 3
304 2
306 3
307 4
308 65
309 0
312 3
312 9
314 1
314 5
318 3
318 4
323 2
323 3
323 78
326 3
332 1
332 4
333 5
336 3
339 0
344 1
345 1
346 8
347 5
347 9
348 4
351 0
353 333
354 4
355 0
355 1
355 2
355 7
356 252
357 3
359 5
361 3
361 6
363 0
367 172
371 2
373 4
376 0
376 4
377 4
377 30
378 4
379 41
380 1
380 4
386 240
388 85
391 7
394 4
397 3
398 2
398 18
400 65
401 0
401 6
403 3
403 7
412 4
413 4
414 6
417 1
417 2
417 5
417 6
418 4
419 7
421 23
423 2
423 6
423 256
424 0
427 1
428 4
432 4
434 4
435 4
437 4
438 5
440 4
441 1
442 174
444 0
445 172
446 2
446 6
448 18
449 4
450 5
453 7
456 4
457 4
461 1
461 4
462 4
463 8
464 6
464 9
465 1
467 4
468 0
468 1
473 5
475 5
476 7
478 2
480 9
485 0
487 0
489 6
490 2
490 5
490 6
492 3
493 3
493 4
493 6
493 8
494 3
494 5
497 5
497 7
497 9
498 4
499 3
501 4
506 4
507 18
511 0
515 1
515 7
516 4
518 40
518 178
521 3
521 6
522 7
524 333
525 4
525 30
530 2
531 1
531 4
532 2
532 6
534 1
534 465
537 5
538 1
538 4
539 0
540 3
545 326
546 0
547 0
549 3
551 5
554 2
561 4
561 9
562 55
563 0
563 1
563 3
563 5
565 3
566 5
569 7
572 0
573 7
574 297
575 3
576 65
578 2
578 6
581 7
581 8
583 0
584 4
589 0
590 2
591 6
591 8
598 9
601 3
603 7
604 3
604 6
605 8
605 493
607 4
607 461
608 2
614 1
616 3
619 6
621 0
622 4
622 7
624 0
626 4
629 9
630 3
632 8
634 4
638 0
638 1
638 5
641 5
642 3
643 18
643 448
644 440
645 2
647 5
647 52
648 0
650 1
650 5
651 8
652 0
653 0
655 6
656 9
657 0
657 162
658 2
658 4
658 5
658 6
659 3
665 6
667 1
667 8
669 0
676 7
680 4
680 8
684 6
685 295
686 2
686 6
687 1
687 4
689 5
692 2
692 3
692 4
692 6
693 2
699 3
699 4
699 6
700 5
702 5
708 4
708 40
709 357
711 76
714 4
714 5
714 8
714 9
715 2
717 0
717 3
717 6
719 1
719 6
721 30
724 91
725 4
726 5
728 7
730 0
738 4
740 4
740 461
745 0
745 3
745 59
749 4
753 493
753 605
764 3
771 7
774 4
781 9
782 3
783 4
783 213
784 3
786 3
790 0
790 59
796 4
797 0
797 1
800 7
804 3
810 4
811 55
812 6
813 1
813 465
814 336
815 45
817 4
819 1
824 1
825 8
826 441
829 7
830 8
833 1
833 3
835 0
837 2
837 3
837 4
837 5
838 295
839 7
840 4
841 7
843 4
843 5
843 6
844 1
844 3
844 6
844 8
847 493
848 8
849 2
854 3
854 240
855 1
855 380
856 1
857 1
857 5
861 4
862 1
863 5
866 240
868 1
868 5
870 0
874 377
876 1
879 0
880 738
882 497
885 5
885 293
886 6
887 265
888 4
889 6
890 0
890 25
892 1
896 1
896 5
897 45
898 5
899 2
899 4
905 0
905 3
908 4
909 7
910 1
912 2
912 256
913 1
915 656
916 7
921 22
923 905
929 2
929 6
931 293
932 5
932 7
935 199
936 3
937 2
937 256
937 423
938 4
942 18
946 6
946 91
947 30
948 1
951 525
952 1
953 377
954 376
957 4
957 7
957 230
958 0
960 135
961 5
961 417
962 169
973 4
974 256
977 2
977 5
978 1
979 2
991 6
993 2
993 5
993 6
993 9
994 6
996 1
998 4
