1 0
2 0
2 1
3 0
3 1
3 2
4 0
4 1
4 2
4 3
5 0
5 1
5 2
5 3
5 4
6 0
6 1
6 2
6 3
6 4
6 5
7 0
7 1
7 2
7 3
7 4
7 5
7 6
8 0
8 1
8 2
8 3
8 4
8 5
8 6
8 7
9 0
9 1
9 2
9 3
9 4
9 5
9 6
9 7
9 8
10 1
10 4
11 3
12 2
12 3
12 7
13 4
13 7
13 9
14 2
14 9
15 1
15 5
15 7
16 7
16 13
17 7
17 13
18 10
19 5
19 7
20 10
21 14
22 6
23 5
24 10
25 21
26 1
27 2
27 6
28 2
28 9
29 1
29 26
30 26
30 29
31 1
31 3
31 8
32 2
32 6
33 13
34 13
35 1
35 15
36 29
37 32
38 2
38 3
38 6
39 0
39 5
40 33
41 3
42 3
43 31
44 8
45 2
46 7
47 5
47 19
48 2
49 3
49 42
50 1
50 4
51 7
52 3
53 9
53 13
54 1
55 27
56 10
57 2
57 3
57 38
58 44
59 8
59 31
60 26
61 5
62 0
62 1
62 6
62 8
63 3
63 42
64 2
64 4
64 6
64 9
65 58
66 2
66 6
66 32
67 1
67 9
68 4
68 6
69 0
69 6
69 62
70 6
70 22
71 3
71 31
72 7
74 2
75 14
76 2
76 6
76 7
78 2
78 5
79 4
80 6
80 27
81 5
81 8
83 58
86 19
87 5
87 19
89 6
90 69
91 6
92 3
93 1
93 4
94 50
95 4
96 9
96 53
97 3
97 4
98 0
98 1
99 6
100 31
101 67
102 19
102 47
103 0
103 8
104 93
105 43
106 83
107 6
107 7
108 87
109 31
109 43
111 7
111 51
112 39
113 5
114 49
116 2
116 32
117 1
117 4
118 19
118 102
119 3
120 2
120 5
120 7
121 95
122 30
123 39
124 59
125 2
125 8
126 3
126 5
126 7
127 1
127 98
128 1
128 4
128 7
129 35
130 6
130 62
131 50
134 8
134 31
136 111
137 6
137 76
138 6
139 13
140 122
141 74
142 137
143 103
144 6
144 38
145 8
145 31
146 124
147 1
147 127
148 2
148 3
149 2
149 8
150 1
150 5
151 5
151 15
152 117
153 4
154 55
155 0
155 8
155 9
157 47
158 31
158 145
159 47
159 157
160 4
160 5
160 6
161 62
162 90
163 32
164 45
165 154
166 78
167 1
167 8
168 51
169 36
170 6
170 107
171 47
171 102
172 7
172 120
173 59
173 124
174 1
174 4
174 50
175 10
176 55
177 147
178 41
179 6
179 22
180 31
180 59
181 51
182 1
182 4
182 5
183 81
184 75
185 42
186 124
188 6
189 158
190 167
191 149
192 35
192 129
193 114
194 4
194 79
195 27
196 145
196 158
197 2
198 80
199 72
200 83
201 5
202 120
203 75
204 1
204 182
205 4
206 1
206 50
207 27
208 6
208 107
209 62
209 161
210 148
211 31
211 71
212 29
212 36
213 0
213 7
214 2
214 9
215 12
216 149
217 2
217 3
217 5
218 64
219 15
220 0
220 3
220 9
221 167
222 0
222 2
222 4
223 173
225 1
225 26
225 29
226 48
227 75
229 192
230 192
231 15
231 219
232 124
233 171
234 13
234 34
235 64
236 38
237 5
238 6
238 7
238 107
239 137
240 3
241 168
242 141
243 8
243 103
244 154
245 66
246 27
247 59
248 1
248 5
248 9
249 49
250 3
250 41
251 4
251 174
252 68
253 111
254 105
255 96
256 0
256 2
257 1
257 31
258 2
258 5
259 103
260 70
262 6
262 144
263 108
264 80
264 198
265 19
267 1
267 3
267 31
268 76
269 195
270 4
270 128
271 76
271 268
273 95
274 97
275 107
275 208
276 81
277 3
277 220
278 213
279 6
280 112
281 170
282 64
282 218
284 0
284 8
284 103
285 21
286 98
286 127
287 264
288 0
288 1
288 3
288 5
288 9
289 57
290 4
290 79
291 211
292 56
293 0
293 284
294 268
294 271
295 5
295 120
296 166
297 5
297 7
298 270
299 155
300 0
300 1
301 9
303 30
304 7
305 243
308 264
309 0
309 213
310 238
312 66
312 245
313 226
314 90
315 27
316 213
316 309
317 2
317 3
318 172
319 117
320 59
321 50
321 131
322 2
322 78
323 64
324 93
325 162
326 79
328 129
329 6
329 64
330 48
330 226
331 1
331 3
331 4
331 7
332 176
334 6
335 6
336 201
337 62
338 0
338 3
339 32
340 2
340 14
341 5
342 5
343 15
344 315
345 297
346 172
347 42
348 177
350 21
350 25
351 177
351 348
352 231
353 2
353 256
354 147
355 225
356 59
357 267
358 177
359 35
361 127
362 66
362 245
364 144
365 287
366 4
369 62
369 161
370 5
370 288
371 267
372 3
372 41
373 8
373 125
374 57
375 255
376 149
378 83
379 267
380 3
380 57
381 114
382 10
383 339
384 125
386 338
387 1
388 330
390 19
390 86
391 7
391 76
392 3
392 148
393 78
393 166
394 169
395 69
396 9
397 66
397 245
398 108
399 245
399 312
401 364
403 117
404 67
404 101
405 31
405 100
406 220
407 69
408 0
409 15
409 151
410 15
411 3
413 5
413 237
414 57
415 6
415 22
417 303
418 6
418 68
419 35
420 171
421 3
421 392
422 7
422 46
423 351
425 5
425 15
426 168
426 241
427 19
427 390
428 417
429 7
430 371
431 241
432 396
433 401
434 47
435 62
435 209
436 38
437 269
438 27
438 207
439 382
440 245
441 391
442 1
442 50
443 301
444 4
444 9
445 304
448 151
449 62
449 209
449 435
450 397
451 271
452 145
453 319
454 413
455 38
457 64
459 231
460 4
460 366
461 262
462 329
463 387
465 2
465 48
466 3
467 26
467 225
468 6
469 3
470 96
471 197
472 5
472 297
473 131
473 321
474 12
475 3
475 220
476 294
477 4
477 8
478 62
478 449
479 3
479 392
481 256
482 57
483 23
485 475
486 5
486 297
487 131
488 172
488 318
489 83
490 271
490 451
492 7
493 33
495 3
495 4
495 5
495 7
495 8
496 51
498 80
498 264
499 109
500 47
501 227
502 297
503 300
504 204
505 426
506 59
506 247
507 46
507 422
508 487
509 348
511 146
512 103
513 198
514 2
514 8
514 125
515 467
516 483
518 391
518 441
520 36
521 10
521 56
522 7
522 238
523 262
524 6
524 329
525 413
526 6
526 27
527 435
528 148
529 26
530 8
531 67
533 101
534 107
534 208
535 460
536 172
537 369
538 0
538 222
539 444
540 137
540 142
541 114
541 381
542 1
542 117
543 273
544 3
544 52
545 144
545 364
546 414
547 2
548 3
548 217
549 194
550 354
551 8
552 4
552 160
553 70
554 50
554 321
555 338
556 8
557 1
558 443
560 3
560 41
560 372
561 57
561 482
562 80
563 47
563 171
564 445
565 0
565 5
566 505
567 1
567 182
568 3
568 6
569 6
569 568
570 338
571 467
572 449
573 29
573 225
574 563
575 5
575 61
576 35
576 419
577 246
578 26
578 60
579 19
580 59
580 356
581 145
581 196
582 144
583 3
584 4
584 552
585 142
586 170
587 0
587 2
587 5
588 2
588 4
588 6
589 5
589 160
591 34
592 399
593 451
593 490
594 520
595 66
595 397
596 506
597 30
598 68
599 466
600 386
601 570
602 245
602 312
603 4
603 251
604 3
604 52
605 117
605 542
606 552
607 144
607 582
608 240
609 6
609 76
610 3
610 12
612 35
612 359
613 78
613 393
614 66
614 312
615 127
616 0
616 7
617 492
618 87
619 204
620 230
621 403
622 7
622 213
623 251
624 392
625 369
626 208
626 275
628 326
630 62
631 351
632 451
634 145
634 196
635 518
636 29
636 30
637 5
639 495
640 238
641 114
641 193
643 55
643 176
644 248
645 270
647 561
648 4
648 588
649 4
649 205
650 581
653 27
653 80
654 245
654 440
655 276
656 314
657 1
657 4
657 182
658 5
658 126
660 5
660 39
661 452
662 25
662 350
663 427
664 426
665 18
666 39
667 46
668 56
669 252
670 418
671 388
672 59
673 482
674 127
675 372
675 560
676 391
676 518
677 48
677 330
678 1
678 3
679 258
680 7
680 128
681 382
681 439
682 180
683 1
683 300
684 56
684 292
685 155
686 11
687 53
688 4
688 8
690 2
690 8
691 144
691 582
693 615
696 550
697 238
697 640
698 634
699 370
701 605
702 681
703 70
704 290
705 174
706 0
706 5
707 308
708 1
709 639
710 682
711 267
711 357
712 27
713 231
714 245
714 312
715 161
715 369
716 211
717 217
718 568
719 585
720 4
721 677
722 223
723 683
724 75
724 184
725 145
726 55
726 154
727 3
727 6
728 8
728 31
729 290
730 78
730 613
731 1
731 117
732 444
733 2
734 608
735 526
736 201
737 6
737 80
738 262
739 2
740 160
741 304
742 29
742 636
743 206
744 5
744 8
745 1
745 4
745 8
746 543
747 603
748 4
748 477
749 2
749 149
750 485
751 268
752 6
753 1
753 387
754 296
755 120
755 172
756 190
757 1
757 26
758 294
759 66
759 312
760 7
760 304
761 637
764 3
764 7
765 370
766 751
767 290
767 729
768 222
768 538
769 4
769 6
769 9
769 64
771 421
772 3
772 267
773 314
774 667
775 147
775 177
776 177
777 117
777 403
778 430
779 405
780 518
781 66
782 1
782 267
783 537
784 5
784 288
786 86
787 50
788 705
790 448
791 209
791 449
792 151
793 616
794 0
794 2
794 256
796 650
798 51
798 496
800 6
800 107
802 614
803 0
803 9
803 220
804 145
805 107
805 208
806 6
806 7
807 580
808 108
808 398
809 2
809 258
810 5
810 87
811 4
811 50
812 238
813 2
813 6
813 9
814 711
815 634
815 698
816 6
817 180
818 473
819 643
820 1
820 98
823 6
823 334
824 15
825 754
826 31
827 173
828 584
829 15
832 199
833 0
833 220
834 62
834 449
835 12
836 256
838 473
839 6
840 802
841 3
841 6
841 9
842 524
843 2
843 6
843 38
845 417
846 197
846 471
847 843
848 275
849 805
850 397
850 450
852 324
853 547
856 68
857 678
858 7
859 217
859 548
860 8
860 477
861 220
862 1
862 2
862 6
863 444
864 374
865 843
865 847
866 128
866 680
867 323
868 344
869 2
869 214
870 56
871 833
872 772
873 15
873 409
874 158
874 196
876 107
878 68
879 87
880 8
880 514
881 478
882 8
882 551
883 644
884 468
885 9
885 220
886 22
887 278
888 767
890 362
891 508
892 117
894 160
895 290
895 767
896 722
897 287
898 660
899 225
900 552
901 371
902 186
903 366
904 270
904 645
905 319
905 453
906 308
906 707
907 12
907 215
908 105
908 254
909 411
910 7
910 15
912 7
913 257
914 3
914 49
915 8
916 26
916 225
917 164
918 2
918 14
920 172
921 68
922 87
923 6
923 27
924 7
924 912
925 59
925 180
926 177
926 358
928 6
928 89
929 707
929 906
930 505
931 6
931 38
932 4
932 68
933 800
934 372
934 675
935 282
936 155
938 145
939 71
939 211
940 76
940 268
941 64
942 463
944 781
945 26
945 578
946 172
947 682
948 916
949 151
950 929
951 355
952 329
953 42
954 873
955 4
955 95
956 288
957 4
958 32
958 37
960 9
960 220
961 3
961 6
962 305
963 109
964 206
965 129
965 328
966 7
966 12
967 223
968 344
969 768
970 262
971 136
972 114
972 541
974 1
975 172
977 58
977 83
979 608
980 290
980 729
980 767
981 26
981 578
982 2
982 6
983 143
984 730
987 372
988 171
988 563
989 103
989 284
990 357
990 711
991 766
992 213
993 158
993 874
994 55
994 726
996 608
997 538
999 220
999 475
