1 0
2 0
2 1
3 0
3 1
3 2
4 0
4 1
4 2
4 3
5 0
5 1
5 2
5 3
5 4
6 0
6 1
6 2
6 3
6 4
6 5
7 0
7 1
7 2
7 3
7 4
7 5
7 6
8 0
8 1
8 2
8 3
8 4
8 5
8 6
8 7
9 0
9 1
9 2
9 3
9 4
9 5
9 6
9 7
9 8
10 0
10 5
10 6
10 7
10 8
11 5
11 7
11 8
11 10
12 5
13 0
13 1
14 1
14 3
14 5
14 6
14 7
15 0
15 1
15 2
15 3
16 1
16 3
16 4
16 7
16 8
17 0
17 2
17 3
17 5
17 6
18 2
18 4
18 5
18 6
18 7
18 8
19 1
19 3
19 15
20 1
20 3
20 7
20 8
20 16
21 0
21 1
21 2
21 4
21 5
21 7
22 3
22 16
23 8
23 10
23 11
24 0
24 2
25 0
25 4
25 5
25 6
25 9
26 1
27 1
27 2
27 4
27 5
27 6
28 0
28 2
28 4
29 0
29 4
29 5
30 1
30 4
30 7
30 8
30 16
31 0
31 2
31 6
32 3
32 16
32 20
33 0
33 3
33 4
33 6
33 7
33 8
34 0
34 1
34 3
34 5
34 7
34 8
35 0
36 1
36 7
36 20
37 0
37 1
37 7
37 8
37 34
38 3
38 5
39 0
39 1
39 34
39 37
40 1
40 3
40 4
40 8
41 0
41 8
41 34
41 37
42 4
42 5
42 9
43 1
43 34
44 0
44 4
44 5
44 6
45 0
45 1
45 2
45 5
46 4
46 6
46 9
46 25
47 1
48 0
48 1
49 35
50 3
50 4
51 26
52 4
53 0
53 28
54 0
54 24
56 3
56 50
57 7
57 8
58 0
58 3
58 4
58 5
58 6
58 8
58 9
59 3
59 16
59 32
60 1
60 3
60 4
61 1
61 5
61 14
62 7
62 8
62 11
63 3
63 4
63 6
63 8
63 33
64 0
64 7
64 8
65 2
65 24
66 0
66 1
66 37
67 45
68 65
69 4
69 6
69 44
70 7
71 1
71 4
71 8
71 16
72 16
72 71
73 2
73 4
73 6
73 7
73 8
74 1
74 8
74 16
74 71
75 4
75 25
76 4
76 6
76 73
77 4
77 9
77 42
78 0
78 1
78 45
79 0
79 5
79 6
79 9
80 0
80 3
80 4
80 5
80 6
80 8
81 0
81 1
81 2
81 5
83 1
83 3
83 5
84 4
84 7
84 16
84 30
85 4
85 6
85 7
85 33
86 71
87 1
87 2
87 4
87 5
87 21
88 1
88 5
88 83
89 0
89 2
89 7
90 2
90 4
91 0
91 3
91 4
91 5
91 6
92 8
92 10
93 3
93 16
93 32
93 59
94 0
94 4
94 6
95 0
95 34
95 39
96 4
96 16
96 30
97 1
97 2
97 4
97 6
97 27
98 3
99 2
99 6
99 8
99 73
100 2
100 4
100 7
100 8
101 2
101 5
101 81
102 4
102 63
103 86
104 2
104 5
104 27
105 0
105 8
105 34
106 0
106 3
106 7
106 8
106 34
107 0
107 8
107 34
107 37
108 28
108 53
109 0
109 2
110 71
110 72
111 0
111 1
111 2
111 4
111 5
111 7
111 9
112 2
112 4
113 3
113 16
114 0
114 4
114 29
115 6
115 7
116 7
116 16
116 30
117 0
117 4
117 5
117 80
118 3
118 5
118 83
119 32
120 4
120 6
120 7
121 51
122 0
123 80
124 4
124 5
124 6
124 8
124 58
125 1
125 4
125 111
126 2
127 4
127 6
127 44
128 0
129 0
129 3
129 5
129 7
129 34
130 1
130 7
130 8
130 37
131 3
131 83
131 118
133 28
133 53
134 4
134 5
134 7
134 18
135 2
135 3
135 5
135 6
135 17
136 20
138 34
138 39
138 95
139 2
139 6
139 27
140 0
140 3
140 15
141 1
141 37
141 66
142 4
142 29
143 5
143 7
144 28
144 53
145 7
145 8
145 57
146 0
146 3
146 7
146 8
146 34
147 16
147 32
148 0
148 4
148 114
149 0
149 2
149 3
150 1
150 60
151 6
151 8
151 73
152 1
152 2
152 4
152 6
152 27
153 1
153 4
153 8
153 16
153 30
154 5
154 8
154 11
155 1
155 6
155 27
155 152
156 1
156 8
156 16
156 30
156 153
157 0
157 1
157 3
158 4
158 16
159 1
159 8
159 16
159 30
159 153
160 145
162 0
162 1
162 13
163 16
163 158
164 6
164 27
164 139
165 0
165 2
166 8
166 34
166 41
167 0
167 1
167 3
167 5
167 34
168 16
168 72
169 0
169 2
169 6
171 2
171 4
171 6
171 27
171 152
172 0
172 1
172 2
172 5
173 5
173 134
174 1
174 150
175 83
175 118
175 131
176 4
176 5
176 21
177 3
177 4
177 33
178 1
178 4
178 5
178 9
179 34
179 37
179 107
180 83
181 1
181 4
181 7
182 71
182 72
182 110
183 4
183 142
184 28
184 144
185 7
185 16
185 84
186 5
186 6
187 9
187 25
187 46
188 14
188 61
190 3
190 4
190 8
190 40
191 1
191 4
191 6
191 27
191 97
192 7
192 64
193 16
193 158
194 4
194 177
195 4
195 6
195 27
195 152
196 1
196 4
196 6
196 27
196 191
197 2
197 6
197 27
197 171
198 88
199 13
199 162
200 0
200 34
200 129
201 1
201 20
202 72
204 2
204 4
205 0
206 2
206 5
208 1
208 2
208 5
208 7
208 9
209 4
209 75
210 4
210 7
211 4
211 6
211 27
212 5
212 176
213 2
213 3
213 6
214 5
214 9
215 3
215 5
215 7
215 8
215 34
216 6
216 7
216 8
216 10
217 149
218 5
218 9
218 178
219 34
219 39
219 138
220 28
220 53
221 4
222 1
222 152
222 155
223 0
223 4
223 5
223 80
223 117
224 28
224 108
225 0
225 1
225 3
225 5
225 167
226 199
227 4
227 9
227 42
228 2
228 109
229 0
230 4
230 6
230 33
230 63
231 0
232 1
232 2
232 4
233 1
233 4
233 196
234 145
235 1
235 155
235 222
236 0
236 1
236 7
236 8
236 34
236 37
237 3
237 131
238 3
238 131
239 2
239 4
239 6
240 0
240 3
240 5
240 9
240 58
241 4
241 6
241 8
241 9
241 58
243 1
243 2
243 3
243 6
243 7
244 5
244 83
245 50
246 5
246 101
247 3
247 8
248 3
248 4
248 5
248 6
249 3
249 215
250 1
250 61
251 72
251 110
252 27
252 164
253 2
253 213
254 1
254 5
254 7
254 8
255 1
255 8
255 16
255 30
257 25
257 187
258 224
259 16
259 71
259 72
260 5
260 80
260 117
261 4
261 27
261 97
262 3
262 6
263 5
263 7
263 11
264 1
264 5
264 83
265 7
265 8
265 57
265 145
266 2
266 4
266 100
267 0
267 79
268 222
269 1
269 7
269 9
270 4
270 25
270 46
271 3
271 248
272 1
272 4
272 7
272 16
273 182
274 180
275 0
275 80
275 117
276 3
276 15
277 1
277 5
277 167
278 1
278 74
279 90
280 16
281 7
281 8
281 254
282 3
283 6
283 99
285 2
285 6
285 213
286 4
286 8
287 2
287 6
287 171
288 1
288 7
288 34
288 37
290 282
291 72
292 0
292 8
292 34
292 37
293 3
293 4
293 80
294 111
294 125
295 229
296 3
296 33
296 177
297 2
297 27
298 0
298 4
298 117
298 223
299 4
299 211
300 0
300 79
301 46
301 270
302 3
303 0
303 6
304 1
304 172
305 180
306 3
306 4
306 6
306 8
306 9
306 58
307 0
307 3
307 5
307 7
307 8
307 34
308 7
308 115
309 27
309 191
310 5
310 83
312 9
312 214
313 8
313 73
313 99
314 0
314 2
314 5
315 1
315 250
316 5
316 9
316 214
317 1
317 5
318 0
318 1
318 37
319 5
319 29
320 1
320 5
320 83
320 264
321 1
321 4
321 232
322 134
322 173
323 45
324 1
324 5
324 83
324 264
325 0
325 3
325 7
325 129
326 1
326 16
326 153
327 4
327 272
328 0
328 2
328 149
329 2
329 206
331 1
331 4
331 16
332 2
332 4
332 6
332 171
333 110
333 182
334 2
334 90
335 8
335 254
336 4
336 6
336 7
337 50
339 5
339 11
340 0
340 4
340 5
340 91
341 3
341 5
341 8
341 34
341 215
343 8
343 107
344 264
344 320
345 1
345 3
345 157
346 3
346 4
346 8
346 306
347 0
347 4
347 114
348 0
348 4
348 5
348 91
348 340
349 9
349 214
350 2
350 169
351 2
351 6
351 213
352 272
352 327
353 5
354 0
354 95
355 2
355 4
355 6
356 7
357 7
357 8
357 216
358 2
358 27
358 152
358 171
359 3
359 248
360 1
360 4
360 8
360 71
361 0
361 28
362 0
362 348
363 172
364 3
364 16
364 32
365 0
365 1
365 2
365 5
366 230
367 6
369 3
369 129
369 325
370 0
370 7
371 0
371 1
371 2
371 3
371 4
371 5
371 6
371 7
372 7
372 11
373 2
373 27
373 97
374 43
375 0
375 5
375 58
376 0
376 2
376 365
377 4
378 3
378 369
379 2
380 0
380 1
380 2
381 0
381 5
381 10
382 4
382 6
383 0
383 5
383 6
383 8
383 9
383 58
384 5
386 3
386 4
386 60
387 4
387 9
388 57
388 145
389 4
389 117
390 3
390 4
390 8
391 3
391 20
391 32
393 47
394 25
394 46
394 270
395 8
396 8
396 37
396 41
397 7
397 10
397 11
398 39
398 95
399 1
399 34
399 39
400 2
400 379
401 4
401 8
402 5
402 6
403 2
403 232
404 4
404 114
404 148
405 0
405 3
405 5
405 7
406 4
407 142
408 4
408 176
410 27
410 97
411 5
411 212
412 0
412 4
412 8
412 58
413 293
414 5
414 6
414 9
415 1
415 3
415 6
415 7
416 226
418 5
418 6
418 186
419 4
419 29
420 3
420 5
420 17
421 0
421 5
421 6
421 79
422 4
422 7
422 30
422 84
423 97
424 1
425 46
425 301
426 3
426 346
427 2
427 350
428 1
428 7
428 8
428 130
429 20
429 32
430 8
430 73
430 151
431 2
431 5
432 1
433 211
433 299
434 1
434 432
435 347
436 65
437 1
437 4
437 8
437 71
437 360
438 0
438 2
438 3
438 5
439 4
439 42
440 115
441 34
442 43
442 374
443 1
443 5
443 167
444 171
444 287
445 1
445 6
445 14
447 4
447 84
448 0
448 64
449 169
449 350
450 1
450 2
450 4
450 5
450 7
451 27
451 171
451 197
452 4
452 7
452 8
452 16
453 7
453 62
454 1
454 6
454 27
454 97
455 6
455 27
455 152
455 155
456 26
457 7
457 16
457 452
458 0
458 79
459 4
459 114
460 202
461 7
462 270
463 32
463 429
464 270
465 1
465 16
465 71
466 53
466 108
467 83
467 118
467 175
468 4
468 7
469 2
469 213
470 2
470 5
470 6
470 7
470 18
471 6
472 7
472 57
472 145
473 2
473 27
473 152
474 8
474 41
474 396
475 3
475 59
476 4
476 16
476 84
477 3
477 33
477 177
477 296
478 0
478 45
478 78
479 0
479 79
479 267
480 2
480 6
480 171
480 287
481 3
481 378
482 5
482 38
483 4
483 8
484 3
484 5
484 6
484 91
485 2
485 3
485 6
485 7
485 243
486 1
488 361
489 4
489 16
489 84
489 476
490 5
492 5
492 450
493 83
493 131
494 375
495 1
496 83
497 16
497 452
497 457
498 39
498 95
499 3
499 177
500 411
501 1
502 34
502 200
503 3
503 4
504 1
504 3
504 8
504 16
504 20
505 9
505 42
505 227
506 7
506 8
506 34
506 215
507 20
507 429
508 1
508 4
509 7
509 16
509 452
510 6
510 33
510 85
511 1
511 2
511 4
511 6
511 27
512 8
513 59
513 93
514 6
514 27
515 5
515 9
515 316
516 4
516 5
518 0
518 5
519 0
519 54
520 222
520 235
521 2
521 27
521 152
522 59
522 93
523 34
523 37
523 107
523 179
525 2
525 27
525 521
526 1
526 5
526 6
526 27
527 3
527 5
527 8
527 58
528 2
528 4
528 232
529 16
529 72
530 60
531 34
532 316
533 1
533 2
533 243
534 70
535 1
535 4
535 9
535 178
536 4
536 6
536 25
536 46
537 129
538 3
538 306
539 3
539 5
539 6
539 248
540 4
540 508
541 0
541 5
541 58
541 375
542 2
542 3
542 7
542 485
543 3
543 8
543 34
544 83
545 6
545 455
546 61
547 3
547 369
548 0
548 80
548 117
548 223
549 176
550 4
551 78
551 478
552 2
552 27
552 152
552 521
553 1
553 2
553 4
553 450
554 4
554 114
554 404
555 6
556 1
556 4
556 8
556 71
556 437
557 276
558 8
558 16
558 71
559 4
559 6
559 239
560 4
560 50
561 101
562 2
562 3
562 5
562 6
563 34
563 107
564 2
564 6
564 31
565 16
565 497
566 116
567 44
568 0
568 8
568 34
568 292
569 4
569 5
569 516
570 39
570 95
571 2
571 152
571 473
572 8
572 390
573 73
573 76
574 5
574 6
574 402
575 4
575 270
576 237
577 5
579 111
579 125
579 294
581 63
581 102
582 0
582 4
582 25
583 0
583 4
583 114
584 1
584 4
584 30
584 153
585 4
585 114
585 554
587 53
587 133
588 34
588 215
589 0
589 94
590 0
590 2
590 8
591 34
591 146
592 350
593 6
593 239
594 5
595 2
595 5
596 234
598 5
599 5
599 8
599 34
600 2
600 213
600 469
601 1
601 4
601 97
601 191
602 4
602 8
603 6
603 8
603 306
604 16
604 30
604 255
605 1
605 4
605 30
606 0
606 58
606 375
607 6
607 559
608 8
608 430
609 271
610 2
610 525
611 427
612 2
612 4
612 6
612 27
612 152
614 3
614 15
615 5
615 83
615 264
615 320
616 8
617 8
617 343
618 83
618 264
619 5
619 8
619 307
620 91
621 0
621 34
622 118
622 467
623 617
624 432
624 434
626 7
626 450
627 13
628 543
629 4
629 6
629 7
629 33
630 8
631 211
631 299
632 593
633 4
633 30
633 153
635 3
635 167
636 0
636 2
637 0
637 3
637 4
637 5
637 91
638 3
638 4
639 3
639 8
639 390
640 1
640 4
640 5
640 178
641 53
642 0
642 3
643 34
643 591
644 150
645 3
645 4
645 80
645 293
646 4
646 8
647 34
647 37
648 16
648 71
649 4
650 168
651 2
652 327
652 352
653 0
653 1
653 2
653 3
653 15
654 8
654 390
654 572
655 7
655 216
656 37
657 6
657 8
657 151
658 94
658 589
659 4
659 9
659 42
659 227
660 4
660 406
661 7
661 20
662 3
662 378
663 95
663 498
664 301
665 0
665 7
665 325
666 129
666 369
667 0
667 2
667 4
667 6
667 7
669 34
669 647
670 28
670 108
671 3
672 104
673 8
673 73
673 430
674 0
674 78
675 16
675 648
676 72
676 110
676 182
677 16
677 72
678 2
678 6
678 7
678 73
679 0
679 94
679 589
680 2
680 285
681 601
682 79
682 479
683 2
683 473
684 6
684 127
685 121
686 3
686 4
687 1
687 4
687 233
689 459
690 8
691 7
691 8
691 281
693 25
693 582
695 0
695 365
696 1
696 8
696 71
696 437
696 556
697 2
697 5
697 365
700 7
700 8
700 34
700 506
701 46
702 0
702 79
703 76
703 573
704 493
705 8
705 527
706 8
706 71
706 437
706 556
707 7
707 216
708 2
709 288
710 3
710 8
710 58
712 1
712 2
713 0
713 24
714 4
714 554
714 585
715 8
715 99
715 313
716 1
716 7
717 3
717 7
718 1
718 8
718 16
719 4
721 2
721 27
722 8
722 71
723 3
723 4
723 8
724 16
724 147
725 2
725 4
725 6
725 27
726 3
727 107
727 179
728 3
728 118
729 7
729 210
730 3
730 635
731 406
731 660
733 1
733 37
733 318
734 380
735 27
736 1
736 8
737 5
737 176
738 34
738 621
739 1
739 9
739 269
740 34
740 200
740 502
741 2
741 3
741 5
741 438
742 16
742 153
742 159
743 202
744 68
745 4
745 389
746 7
747 8
748 6
748 14
748 445
749 7
749 216
749 357
750 7
750 357
751 25
751 693
752 16
752 30
752 84
753 1
753 16
755 1
755 4
755 97
755 191
755 601
756 0
757 113
758 1
758 16
758 74
759 148
760 0
760 2
760 5
760 365
761 6
761 8
761 10
761 216
762 0
762 45
762 478
763 3
763 20
763 32
763 391
764 92
765 2
765 683
766 7
766 281
766 691
767 4
767 8
767 153
768 2
768 4
769 3
769 346
769 426
770 0
770 4
770 5
770 9
770 25
771 220
772 1
772 6
772 27
772 97
772 191
773 0
774 6
774 8
775 2
775 5
775 104
776 7
777 5
777 81
778 27
778 191
778 772
779 623
780 1
781 176
781 408
783 4
783 111
783 125
784 8
784 216
784 357
785 134
785 173
785 322
786 31
786 564
787 1
787 5
787 14
788 110
788 182
788 676
789 0
789 1
789 13
789 162
790 4
790 540
791 436
792 94
792 658
793 171
793 287
794 4
794 142
795 4
795 114
795 148
796 0
796 4
796 6
797 8
798 6
799 34
799 599
800 84
800 185
801 7
801 57
802 107
802 343
803 4
803 25
803 582
804 4
804 33
804 85
805 1
805 3
805 5
807 6
807 8
807 73
807 99
808 1
809 1
809 3
809 8
809 40
810 3
811 639
812 6
812 186
813 0
813 148
814 2
815 419
816 350
816 592
818 47
819 1
819 20
820 28
820 133
821 494
822 234
823 6
823 76
824 3
824 34
824 543
825 7
825 57
825 145
826 823
827 148
827 404
828 3
828 5
828 80
829 0
829 2
829 3
829 6
830 4
830 25
830 46
831 0
831 1
831 4
831 5
831 6
831 7
831 8
832 1
832 269
833 0
833 4
833 29
835 15
836 28
836 820
837 53
838 280
839 4
841 6
841 99
841 807
842 405
843 53
843 587
844 80
845 1
845 61
846 350
847 139
847 164
848 10
848 216
849 246
850 8
850 603
851 6
852 1
852 153
853 7
853 185
854 452
855 99
856 1
856 269
856 739
858 521
858 525
859 5
860 8
861 2
861 7
861 21
862 263
863 4
863 177
864 4
865 200
866 4
866 5
866 9
866 25
867 525
868 3
868 4
868 638
869 5
869 34
869 167
870 1
870 2
870 4
870 5
870 6
870 7
870 8
871 4
871 6
872 11
872 339
873 313
874 0
874 2
874 3
875 1
875 8
876 0
876 37
876 41
877 5
877 8
878 3
878 16
879 5
879 770
880 261
882 1
883 118
883 467
884 6
884 7
884 18
885 0
885 2
885 7
885 89
886 27
886 164
887 177
887 499
888 79
888 682
889 3
889 5
889 6
889 248
890 3
890 4
890 6
890 8
891 0
891 1
891 2
891 5
891 21
892 114
893 0
893 4
893 91
893 637
894 350
894 592
895 453
898 400
899 3
899 6
899 91
899 484
900 9
901 2
901 149
901 328
902 2
902 4
904 43
904 374
904 442
905 2
905 4
905 6
905 239
906 1
906 7
907 5
907 8
907 10
907 11
908 4
908 7
908 16
908 30
909 0
909 2
909 3
910 844
911 151
912 8
912 437
912 556
913 107
913 343
914 268
915 7
915 8
915 281
916 91
916 484
916 899
917 32
917 391
917 763
918 86
919 3
919 8
919 58
919 306
920 0
920 909
921 6
921 186
922 93
923 1
923 4
923 8
923 16
924 37
924 66
925 2
925 4
925 7
925 8
926 0
926 94
927 84
927 800
928 0
929 300
930 4
930 270
930 575
931 2
931 533
932 0
932 1
932 2
932 8
933 1
933 34
934 27
934 410
935 34
935 138
937 429
939 6
939 7
939 18
939 470
940 794
941 0
941 1
941 2
941 4
942 4
942 46
942 536
943 3
943 4
944 2
944 4
944 6
944 355
945 1
945 4
945 7
945 8
945 16
946 0
946 2
946 5
946 6
947 5
948 1
948 3
948 7
948 14
949 5
949 6
949 17
950 654
951 5
952 1
952 2
952 450
954 5
954 58
954 541
955 7
955 8
955 16
955 452
956 88
957 8
957 617
958 401
959 0
959 5
959 58
959 375
960 1
960 3
960 4
960 40
961 148
961 827
962 16
963 0
963 365
963 760
964 0
964 6
964 7
964 8
964 10
965 378
965 662
966 791
967 5
967 218
968 200
968 740
969 71
969 437
969 556
970 1
970 380
971 0
971 1
971 3
971 15
972 7
972 8
972 57
972 145
972 265
973 4
973 401
974 1
974 4
974 601
975 4
976 408
977 10
977 23
978 0
978 1
978 4
978 5
978 7
979 0
979 4
979 5
979 117
980 2
980 6
980 8
980 870
982 34
982 738
983 6
985 430
985 673
986 5
986 8
986 907
987 1
988 0
988 3
988 7
988 33
989 5
990 1
990 30
990 153
991 187
992 139
993 4
993 27
994 187
994 991
995 115
996 0
996 3
996 7
996 34
998 0
998 4
998 94
999 53
999 843
