1 0
2 0
2 1
3 0
3 1
3 2
4 0
4 1
4 2
4 3
5 0
5 1
5 2
5 3
5 4
6 0
6 1
6 2
6 3
6 4
6 5
7 0
7 1
7 2
7 3
7 4
7 5
7 6
8 0
8 1
8 2
8 3
8 4
8 5
8 6
8 7
9 0
9 1
9 2
9 3
9 4
9 5
9 6
9 7
9 8
10 2
10 3
10 4
10 5
10 6
10 7
10 8
11 0
11 1
11 3
11 5
11 6
11 7
12 0
12 2
12 3
12 4
13 0
13 2
13 3
13 5
13 7
13 8
14 2
14 6
14 7
14 8
14 10
15 0
15 1
16 0
16 2
16 4
16 5
16 6
16 7
17 2
17 6
17 7
17 10
18 3
18 4
18 5
18 6
18 7
18 8
19 0
19 2
19 3
19 5
19 7
19 13
20 1
20 3
20 4
20 5
21 0
21 2
21 5
21 7
21 19
22 0
22 5
22 7
22 13
22 19
23 0
23 1
23 3
24 0
24 2
24 4
24 5
24 6
24 7
24 8
24 9
25 0
25 1
25 2
25 3
25 4
26 2
26 3
26 5
26 6
26 10
27 0
27 1
27 2
27 3
27 4
28 0
28 5
28 6
28 7
28 8
28 24
29 4
29 5
29 6
29 7
29 18
30 0
30 1
30 3
30 4
30 5
30 6
30 7
30 8
30 9
31 0
31 4
31 5
31 6
31 8
31 9
31 30
32 7
32 13
32 22
33 2
33 4
33 7
33 16
34 0
34 2
34 19
34 21
35 0
35 5
35 6
35 8
35 9
35 30
35 31
36 0
36 2
36 3
36 25
37 4
37 5
37 6
37 7
38 0
38 5
38 6
38 8
38 35
39 7
39 13
39 32
40 6
40 7
40 17
41 0
41 1
41 2
41 7
41 8
41 9
42 1
42 4
42 20
43 0
43 6
43 24
43 28
44 2
44 16
44 33
45 0
45 2
45 4
45 6
45 24
46 2
46 3
46 4
46 5
46 6
46 7
46 8
47 0
47 5
47 7
47 28
48 0
48 2
48 6
49 5
49 7
49 28
49 47
50 0
50 1
50 2
50 3
50 4
50 25
51 1
51 3
51 4
51 7
51 8
51 30
52 0
52 1
52 2
52 7
52 8
52 41
54 2
54 3
54 4
54 5
54 6
54 7
54 8
54 9
55 2
55 44
56 6
56 7
56 14
57 0
57 1
57 3
57 4
57 25
58 0
58 5
58 7
58 13
58 19
58 22
59 0
59 2
59 3
59 4
59 8
60 0
60 6
60 24
61 5
61 8
61 38
62 2
62 44
63 0
63 6
63 24
63 28
63 43
64 0
64 5
64 6
64 8
64 9
64 30
64 31
64 35
65 2
65 4
65 7
65 16
66 1
66 2
66 3
66 4
66 5
66 6
66 7
66 8
67 1
68 6
68 18
68 29
69 2
69 3
70 0
70 2
70 4
70 6
70 7
70 8
71 0
71 2
71 5
71 7
71 13
71 19
72 0
72 3
72 4
72 59
73 7
74 3
74 5
74 6
74 7
74 8
74 30
75 1
75 3
75 5
75 7
75 8
75 9
75 30
76 1
76 5
76 6
76 7
76 11
77 6
77 76
78 0
78 5
78 6
78 8
78 24
78 28
79 2
79 3
79 4
79 5
79 8
79 54
80 1
80 2
80 3
80 4
80 6
80 7
80 8
81 73
82 5
82 30
82 35
83 0
83 3
83 4
83 25
83 57
84 3
84 6
84 10
84 26
85 2
85 65
86 7
86 8
86 24
86 28
87 0
87 1
87 3
87 4
87 25
88 7
88 8
88 9
88 30
89 0
89 1
89 3
89 57
90 2
90 62
91 7
91 32
92 0
92 1
92 2
92 3
92 5
93 3
93 4
93 5
93 18
94 7
94 14
94 56
95 6
95 7
95 37
96 0
96 3
96 4
96 5
96 6
96 7
97 6
97 18
97 68
98 0
98 1
98 3
98 25
98 50
99 0
99 1
99 2
99 4
99 5
99 7
100 0
100 3
100 4
100 25
100 83
101 1
101 25
102 32
102 39
103 3
103 6
103 8
103 30
103 74
104 0
104 1
104 2
104 3
104 5
104 92
105 0
105 5
105 8
105 31
105 35
105 64
106 0
106 8
106 24
106 28
106 78
107 0
107 2
107 3
107 4
107 5
107 7
108 1
108 7
109 1
109 2
109 3
109 4
109 5
109 6
109 7
110 1
110 3
110 5
111 2
111 3
111 5
111 6
111 7
111 10
112 0
112 4
112 5
112 30
112 31
113 2
113 3
113 4
113 5
113 7
113 54
114 0
114 2
114 5
114 7
114 21
115 0
115 4
115 5
115 9
116 1
116 3
117 2
117 6
117 7
117 17
118 3
118 10
118 26
118 84
119 4
119 5
119 6
119 7
120 5
120 6
120 8
120 35
120 38
121 0
121 47
122 2
122 7
122 16
122 33
123 4
123 7
123 16
123 33
124 0
124 3
125 2
125 3
125 4
126 0
126 6
126 96
127 0
127 8
127 31
127 64
127 105
128 0
128 105
128 127
129 4
129 7
129 8
129 46
130 0
130 5
130 6
130 9
130 31
130 35
131 0
131 4
131 5
131 6
131 96
132 0
132 25
132 98
133 0
133 2
133 4
133 7
133 8
134 4
134 5
134 7
134 107
135 3
135 4
135 8
135 59
136 3
136 4
136 6
136 7
136 8
136 80
137 0
137 6
137 8
137 30
137 31
137 35
138 3
138 10
138 84
138 118
139 0
139 4
139 5
139 6
139 24
140 0
140 5
140 6
140 8
140 30
140 31
140 35
141 2
141 6
141 7
141 8
141 10
141 14
142 2
142 3
142 5
142 6
142 7
142 10
142 111
143 0
143 3
143 7
143 8
143 13
144 0
144 4
144 7
145 0
145 1
145 2
145 4
145 5
145 99
146 0
146 4
146 6
146 8
146 9
146 30
146 31
147 0
147 4
147 6
147 7
147 9
147 30
148 2
148 3
148 5
148 6
148 7
148 10
148 111
149 7
149 8
149 13
149 143
150 4
150 6
150 96
151 2
151 4
151 8
152 8
152 24
152 28
153 6
153 31
153 130
154 8
154 31
154 64
154 127
155 2
155 3
155 4
155 5
155 54
155 113
156 0
156 2
156 3
156 5
156 6
157 0
157 4
157 25
157 57
158 2
158 62
159 6
159 37
159 95
160 3
160 7
160 9
160 30
160 75
161 0
161 5
161 6
161 8
161 30
161 31
161 35
162 0
162 7
162 13
162 19
162 22
163 0
163 2
163 3
163 4
163 27
164 0
164 3
164 4
164 87
165 28
165 152
166 0
166 1
166 3
166 27
167 2
167 7
167 8
167 14
167 141
168 0
168 1
168 2
168 9
168 41
169 0
169 1
169 2
169 3
170 0
170 2
170 6
170 70
171 8
171 64
171 127
171 154
172 0
172 4
172 6
172 96
172 131
173 0
173 5
173 6
173 30
173 31
173 35
174 6
174 7
174 14
174 56
175 0
175 4
175 115
176 4
176 100
177 2
177 7
177 117
178 5
178 6
178 8
178 38
178 120
179 37
179 95
180 0
180 5
180 8
180 30
180 31
180 161
181 0
181 72
182 2
182 5
182 6
182 7
182 8
182 54
183 16
183 33
183 123
184 4
184 5
184 6
184 96
185 2
185 4
185 5
185 8
186 0
186 5
186 6
186 8
186 78
187 1
187 3
187 4
187 5
187 9
187 30
188 0
188 1
188 3
188 104
189 1
189 116
190 3
190 4
190 12
191 5
191 7
191 114
192 5
192 6
192 8
192 30
192 31
193 0
193 2
193 7
193 8
193 9
194 6
194 8
194 38
194 120
195 0
195 2
195 4
195 5
195 7
195 16
196 1
196 4
196 7
196 51
197 0
197 2
197 5
197 6
197 7
197 8
197 9
197 24
198 4
198 5
198 6
198 37
199 18
199 97
200 2
200 3
200 109
201 0
201 4
201 7
201 30
202 0
202 4
202 30
203 0
203 5
203 6
203 7
203 8
203 24
203 28
204 0
204 8
204 30
204 31
204 35
204 140
205 0
205 3
205 4
205 83
206 2
206 4
206 7
206 16
206 65
207 3
207 25
208 1
208 2
208 3
208 5
208 6
208 7
209 0
209 2
209 48
210 0
210 2
210 25
210 36
211 4
211 8
211 80
211 136
212 0
212 5
212 7
212 13
212 19
212 22
213 2
213 5
213 6
213 7
213 8
213 9
213 54
214 3
214 4
214 5
214 9
214 30
215 2
215 4
215 7
215 133
216 0
216 4
216 5
216 16
216 195
217 4
217 5
217 6
217 7
217 96
218 0
218 3
218 104
218 188
219 16
219 123
219 183
220 1
220 2
220 7
220 8
220 52
221 0
221 31
221 35
221 137
222 4
222 6
223 0
223 6
223 24
223 197
224 0
224 5
224 31
224 35
224 173
225 2
225 3
225 4
225 163
226 6
226 24
226 60
227 0
227 1
227 2
227 3
227 4
227 6
227 8
228 0
228 15
229 1
229 7
229 51
229 196
230 0
230 2
230 3
230 6
230 7
231 3
231 6
231 7
231 66
232 1
232 3
232 4
232 5
232 6
232 7
232 109
233 0
233 3
233 4
234 97
235 0
235 6
235 7
235 8
235 9
235 24
235 197
236 0
236 5
236 7
236 19
236 58
237 3
237 59
237 135
238 2
238 3
238 4
238 54
238 113
238 155
239 8
239 38
240 0
240 1
240 9
240 41
240 168
241 3
241 10
241 84
241 118
242 3
242 4
242 5
242 6
242 7
242 8
242 9
242 30
243 5
243 7
243 28
243 49
244 4
244 6
245 6
245 43
246 6
246 43
246 245
247 8
247 24
247 28
247 86
248 4
248 6
248 31
248 146
249 0
249 2
250 8
250 64
250 127
250 154
251 0
251 2
251 8
251 13
252 0
252 1
252 41
252 52
253 0
253 2
253 5
253 6
253 156
254 2
254 5
254 7
254 54
255 0
255 6
255 7
255 9
255 30
256 6
256 96
256 126
257 3
257 6
257 10
257 26
257 84
258 2
258 19
258 21
259 0
259 2
259 4
259 6
259 16
260 0
260 1
260 2
260 5
261 1
261 3
261 7
261 8
261 30
261 51
262 2
262 3
262 5
262 10
262 111
262 148
263 0
263 4
263 8
263 70
264 5
264 8
264 30
264 161
264 180
265 2
265 4
265 27
265 163
266 0
266 5
266 6
266 24
267 1
267 7
267 108
268 6
268 131
269 0
269 3
269 169
270 2
270 7
270 8
270 46
271 0
271 3
271 7
271 8
272 2
272 6
272 156
273 1
273 3
273 4
273 6
273 7
273 109
274 2
274 7
274 8
274 9
274 193
275 121
276 3
276 4
276 6
276 7
276 9
276 30
276 242
277 1
277 5
277 7
277 11
278 3
278 4
278 25
278 83
279 0
279 1
280 3
280 10
281 2
281 254
282 4
282 7
282 144
283 6
283 35
283 38
284 0
284 2
284 5
284 7
284 24
284 197
285 2
285 4
285 227
286 3
286 10
286 84
286 118
287 0
287 3
287 27
287 166
288 0
288 24
288 28
288 43
288 63
289 1
289 7
289 229
290 8
290 211
291 0
291 5
291 19
291 22
291 58
292 0
292 6
292 96
292 126
293 0
293 5
293 8
293 30
293 31
293 140
294 7
294 277
295 1
295 3
295 6
295 273
296 0
296 6
296 173
297 0
297 3
297 124
298 2
298 5
298 6
299 31
299 137
299 221
300 7
300 10
300 17
301 2
301 7
301 14
302 6
302 14
302 56
303 7
303 8
303 24
303 86
304 8
304 31
304 127
304 154
305 0
305 2
306 0
306 1
306 4
306 5
306 6
306 7
306 8
306 9
307 0
307 1
307 4
307 5
307 6
307 7
307 8
307 30
308 0
308 2
308 7
308 8
308 9
308 193
309 0
309 3
309 4
309 59
310 4
310 222
311 0
311 4
311 5
311 7
311 307
312 0
312 2
312 3
312 25
313 2
313 3
313 5
313 6
313 7
313 8
314 31
314 140
314 204
315 1
315 3
315 4
315 7
315 273
316 5
316 7
316 8
316 30
316 74
317 8
317 9
317 30
317 31
317 35
318 0
318 6
318 48
319 0
319 1
319 5
319 6
319 7
319 8
319 307
320 4
320 9
321 126
322 5
322 7
322 8
322 74
323 7
323 19
323 21
324 7
324 8
324 141
325 7
325 196
325 229
326 0
326 2
326 5
326 7
326 13
326 71
327 2
327 6
327 8
327 54
327 182
328 1
328 3
329 2
329 8
329 10
329 14
330 0
330 24
330 266
331 3
331 273
331 295
332 0
332 5
332 13
332 19
332 71
333 5
333 6
333 7
333 8
333 313
334 2
334 4
334 227
334 285
335 227
335 285
335 334
336 4
336 7
336 9
336 30
336 147
337 0
337 137
338 7
338 9
338 30
338 276
339 1
339 3
339 4
339 5
339 6
339 7
339 9
340 0
340 2
340 7
340 8
340 9
340 41
341 137
341 337
342 2
342 44
342 55
343 3
343 7
343 13
343 143
344 0
344 4
344 5
344 7
345 1
345 3
345 7
345 8
345 261
346 5
346 31
346 192
347 0
347 3
347 23
348 4
348 30
348 202
349 2
349 5
349 7
349 8
349 9
349 24
349 197
350 0
350 7
350 9
350 340
351 0
351 1
351 5
351 6
351 7
351 11
352 6
352 8
352 35
352 120
353 1
353 3
353 5
353 6
353 11
354 2
354 4
354 7
354 54
354 113
355 0
355 3
355 271
356 8
356 152
357 2
357 4
357 5
357 8
357 185
358 2
358 5
358 6
358 10
358 148
359 1
359 2
359 3
359 5
359 92
360 3
360 237
361 2
361 5
361 10
361 148
361 262
362 7
362 32
362 91
363 0
363 5
363 6
363 8
363 140
364 2
364 3
364 5
364 6
364 8
364 313
365 0
365 31
365 35
365 221
366 8
366 80
366 211
367 3
367 66
367 231
368 1
368 3
368 188
369 2
369 6
369 70
369 170
370 5
370 18
370 93
371 0
371 5
371 6
371 7
371 24
372 0
372 4
372 5
372 344
373 2
373 5
373 6
373 8
373 364
374 4
374 7
374 16
374 33
374 123
375 2
375 4
375 7
375 16
375 65
376 0
376 8
376 271
377 5
377 24
377 371
378 8
378 211
378 290
379 2
379 5
379 7
379 21
379 114
380 0
380 2
380 13
380 251
381 2
381 3
381 4
381 8
382 0
382 2
382 5
382 7
382 195
383 1
383 2
383 4
383 27
384 4
384 6
384 8
384 9
384 31
385 6
385 8
385 30
385 35
385 64
386 2
386 10
386 14
387 4
387 8
387 80
387 211
388 5
388 7
388 107
388 134
389 0
389 1
389 2
389 3
389 4
389 25
390 2
390 6
390 17
391 1
391 3
392 13
392 22
392 32
393 5
393 6
393 7
393 8
393 313
394 7
394 19
394 22
394 58
395 5
395 6
395 7
396 2
396 4
396 215
397 0
397 2
397 5
397 253
398 286
399 0
399 2
399 7
399 340
400 2
400 6
400 8
400 364
400 373
401 0
401 2
401 7
401 16
401 195
402 0
402 6
402 8
402 28
403 4
403 6
403 7
403 96
403 217
404 1
404 3
405 5
405 7
405 58
405 236
406 7
406 9
406 338
407 6
407 38
407 120
407 194
408 2
408 3
408 6
408 7
408 10
408 111
409 7
409 46
410 2
410 3
410 5
410 8
410 54
410 79
411 2
411 4
411 265
412 1
412 2
412 7
412 8
412 41
413 4
413 7
413 8
413 46
413 129
414 3
414 7
414 11
415 4
415 5
415 107
415 134
416 5
416 10
416 262
417 6
417 7
417 111
417 142
418 8
418 64
418 127
418 154
418 171
419 1
419 3
419 4
419 5
419 6
419 8
419 66
420 0
420 5
420 8
420 30
420 180
421 0
421 1
421 5
421 6
421 7
421 307
421 319
422 2
422 8
422 167
423 6
423 95
424 0
424 3
424 5
424 6
424 96
425 2
425 17
425 390
426 5
426 370
427 0
427 1
427 2
427 3
427 25
427 50
428 7
428 32
428 91
428 362
429 2
429 13
429 380
430 0
430 2
430 4
430 5
430 6
430 9
431 8
431 313
431 333
432 5
432 58
432 291
433 3
433 5
433 9
433 214
434 1
434 2
434 3
434 4
434 25
434 50
435 0
435 4
435 7
435 16
436 0
436 2
436 7
436 195
436 401
437 2
437 7
437 8
437 193
438 2
438 272
439 3
439 4
439 6
439 339
440 3
440 5
440 7
440 8
440 9
440 30
441 3
441 8
441 59
441 135
442 6
442 68
443 3
443 25
444 2
444 3
444 4
444 7
444 8
444 80
445 6
445 96
445 184
446 2
446 3
446 4
446 7
446 8
446 66
447 0
447 6
447 43
448 33
448 183
449 1
449 2
449 3
449 5
449 92
450 0
450 3
450 7
450 271
451 0
451 2
451 4
451 9
451 430
452 0
452 2
452 4
452 6
452 8
452 70
453 6
453 43
453 447
454 30
454 161
454 264
455 0
455 1
455 2
455 3
455 4
455 6
455 8
456 8
456 24
456 86
456 303
457 24
458 5
458 8
458 30
458 31
458 293
459 4
459 7
459 16
459 33
460 7
460 11
461 0
461 124
462 3
462 4
462 5
462 6
462 7
462 30
462 242
463 15
464 7
464 8
464 322
465 0
465 1
465 3
465 7
466 4
466 7
466 9
466 336
467 0
467 5
467 7
467 13
467 19
467 212
468 25
468 98
468 132
469 1
469 2
469 3
469 4
469 27
470 4
470 6
470 184
471 2
471 4
471 5
471 6
471 7
471 109
472 0
472 7
472 13
472 19
472 58
473 268
474 0
474 5
474 31
474 35
474 105
475 4
475 6
475 136
476 272
477 0
477 5
477 71
477 332
478 5
478 7
479 0
479 8
479 31
479 35
479 140
479 204
480 0
480 1
480 3
481 4
481 6
481 7
481 242
482 5
482 6
482 24
482 371
483 1
483 2
483 3
483 27
484 3
484 8
485 0
485 1
485 4
485 25
485 87
486 3
486 7
486 9
486 30
486 75
486 160
487 2
487 4
487 5
487 99
487 145
488 7
488 220
489 4
489 310
490 2
490 4
490 7
490 471
491 3
491 6
491 273
491 295
492 0
492 7
492 13
492 162
493 0
493 1
493 2
493 5
493 260
494 1
494 4
494 5
494 66
494 419
495 0
495 3
495 25
495 36
496 6
496 184
496 470
497 4
497 5
497 344
497 372
498 0
498 7
498 16
498 435
499 184
499 470
500 1
500 3
500 4
500 5
500 6
500 7
500 109
501 5
501 7
501 8
502 3
502 5
502 92
502 449
503 5
503 8
503 30
503 74
503 316
504 5
504 6
504 8
504 30
504 192
505 1
505 2
505 3
505 4
505 6
505 7
505 8
505 80
506 1
506 2
506 8
506 412
507 4
507 215
507 396
508 2
508 3
508 4
508 6
508 7
508 8
508 80
508 505
509 0
509 127
509 128
510 4
510 7
510 339
511 1
511 2
511 3
511 6
511 7
511 109
512 2
512 3
512 4
512 225
513 6
513 16
513 259
514 5
514 6
514 7
514 28
514 203
515 5
515 6
515 28
515 514
516 4
516 9
516 30
516 336
517 1
517 3
517 6
517 7
517 9
517 339
518 2
518 3
518 155
518 238
519 5
519 6
519 7
519 8
519 313
519 393
520 5
520 6
520 78
521 3
521 69
522 4
522 5
522 107
522 134
523 4
523 7
523 33
524 0
524 2
524 4
524 5
524 16
525 5
525 203
525 514
526 0
526 2
526 4
526 7
526 16
526 195
527 3
527 5
527 6
527 7
527 232
528 0
528 3
528 4
528 7
528 107
529 4
529 222
530 4
530 6
530 8
530 9
530 31
530 146
531 8
531 38
531 239
532 135
532 237
533 0
533 25
533 87
533 485
534 7
534 523
535 0
535 1
535 2
535 3
535 4
535 8
535 9
536 3
536 4
536 5
536 9
536 30
536 187
537 2
537 14
537 167
538 1
538 2
538 25
538 50
538 434
539 2
539 364
539 400
540 5
540 7
540 21
540 114
540 379
541 7
541 8
541 46
541 270
542 0
542 8
542 31
542 64
542 105
542 127
543 31
543 299
544 0
544 4
544 144
545 0
545 31
545 221
546 0
546 3
546 169
547 1
547 5
547 7
547 11
547 277
548 0
548 4
548 25
548 57
548 83
549 323
550 80
550 387
551 0
551 4
551 5
551 99
551 145
552 3
552 4
552 6
552 7
552 8
552 505
552 508
553 5
554 4
554 6
554 7
554 8
554 70
555 2
555 4
555 5
555 9
555 430
556 2
556 17
556 390
557 31
558 7
558 8
558 136
559 0
559 5
559 28
559 47
560 1
560 4
560 7
560 196
561 4
561 5
561 6
561 8
562 33
563 6
563 76
563 77
564 3
564 5
564 6
564 8
564 419
565 1
565 6
565 273
566 6
566 31
566 153
567 0
567 28
567 47
568 2
568 5
568 7
568 71
569 2
569 7
569 8
569 24
570 2
570 537
571 2
571 6
571 7
571 111
571 408
572 3
572 25
572 434
573 3
573 69
573 521
574 16
574 183
575 3
575 4
575 7
575 8
575 552
576 521
577 7
577 215
578 31
578 299
578 543
579 0
579 4
579 6
579 96
579 131
580 1
580 3
580 6
580 7
580 9
580 339
580 517
581 1
581 2
581 3
581 4
582 2
582 3
582 92
583 2
583 7
583 408
583 571
584 3
584 7
584 30
584 75
585 6
586 80
586 387
587 0
587 224
588 3
588 8
588 381
589 3
589 7
589 13
590 3
590 381
590 588
591 4
591 16
591 33
591 123
592 0
592 1
592 2
593 0
593 24
594 2
594 4
594 5
594 9
594 430
594 555
595 4
595 8
595 9
595 384
596 2
596 4
596 163
596 265
597 133
598 2
598 71
598 568
599 2
599 5
599 24
599 197
599 284
600 8
600 484
601 137
601 337
602 5
602 6
602 38
603 0
603 87
603 485
603 533
604 1
604 7
604 9
604 30
604 75
605 2
605 3
605 6
605 111
606 0
606 3
606 89
607 4
607 6
607 9
607 31
607 146
608 10
608 84
608 118
609 0
609 104
609 218
610 3
610 9
610 30
610 75
610 160
611 2
611 5
611 262
611 361
612 210
613 5
613 31
613 192
613 346
614 184
614 496
615 0
615 606
616 3
616 4
616 6
616 7
616 18
617 3
617 6
617 7
617 9
617 339
617 517
618 1
618 3
618 8
618 261
618 345
619 0
619 4
619 5
619 7
619 107
620 0
620 1
620 3
621 4
621 9
621 30
621 516
622 6
622 95
622 159
623 6
623 31
623 146
623 248
624 3
624 4
624 5
624 7
624 46
625 5
625 74
625 322
626 2
626 4
626 5
626 107
627 0
627 1
627 3
628 2
628 272
628 438
629 2
629 3
629 5
629 6
629 8
629 313
629 364
630 4
630 7
630 215
631 0
631 5
631 6
631 24
631 371
632 77
632 563
633 4
633 5
633 6
633 7
633 18
633 29
634 3
634 7
634 9
634 339
634 517
634 617
635 1
635 3
635 104
635 188
636 0
636 1
636 3
636 6
636 7
636 11
637 9
637 430
638 1
638 3
638 5
638 110
639 4
639 7
639 136
640 0
640 5
640 7
640 19
640 21
641 7
641 13
641 143
641 343
642 0
643 0
643 2
643 34
644 31
644 64
644 105
645 0
645 4
645 5
645 6
645 7
645 8
646 2
646 3
646 5
646 7
646 10
646 111
646 142
647 3
647 7
647 230
648 0
648 25
648 57
648 548
649 4
649 5
649 18
649 93
650 0
650 2
650 6
650 8
650 9
650 197
651 2
651 4
651 5
651 185
652 5
652 66
652 419
654 6
654 295
654 491
655 84
655 118
655 608
656 0
656 1
656 3
656 25
656 57
657 1
657 2
657 5
657 7
657 8
657 9
658 0
658 24
658 266
658 330
659 3
659 214
659 433
660 7
660 13
660 22
661 3
662 0
662 24
662 43
662 63
663 5
663 58
664 1
664 4
664 5
664 6
664 7
665 4
665 31
665 112
666 337
666 341
667 0
667 3
667 4
667 7
668 4
668 7
668 273
668 315
669 3
669 87
670 3
670 10
670 26
670 84
670 257
671 2
671 3
671 7
671 10
671 111
672 0
672 5
672 6
672 7
672 351
673 12
674 4
674 7
674 667
675 84
675 118
675 655
676 4
676 136
676 639
677 5
677 31
677 192
677 346
677 613
678 2
678 9
678 430
678 555
678 594
679 80
679 550
680 84
680 118
680 655
680 675
681 0
681 6
681 7
681 351
681 672
682 0
682 2
682 7
682 401
683 0
683 1
683 3
683 25
683 50
684 0
684 7
684 21
684 114
685 2
685 7
685 437
686 6
686 97
687 4
687 485
688 2
688 5
688 6
688 54
688 182
689 80
689 679
690 1
690 4
690 7
690 8
691 6
691 8
691 9
691 30
691 31
691 35
692 2
692 7
692 16
692 375
693 1
693 4
693 196
693 560
694 128
695 55
695 342
696 5
696 8
696 9
696 197
696 349
697 4
697 6
697 9
697 384
698 7
698 21
698 114
698 379
698 540
699 0
699 2
699 7
699 21
700 3
700 4
700 6
700 8
700 505
700 552
701 2
701 5
701 6
701 7
701 10
701 111
701 142
702 9
702 595
703 31
703 557
704 179
705 0
705 6
705 631
706 7
706 75
706 604
707 32
707 91
707 428
708 13
708 149
709 3
709 6
709 8
709 313
709 364
710 3
710 4
710 6
710 8
710 80
710 505
710 508
711 0
711 8
711 30
711 31
711 161
711 180
712 8
712 9
712 340
713 6
713 184
713 496
714 6
714 9
714 339
714 517
714 617
715 0
715 3
715 6
715 424
716 0
716 8
716 35
716 64
716 105
717 2
717 5
717 24
717 197
717 284
718 2
718 10
719 0
719 3
719 104
720 95
720 423
721 7
721 325
722 21
722 114
722 684
724 5
724 344
724 372
725 6
725 8
725 9
725 35
725 691
726 6
726 8
726 30
726 31
726 35
726 140
727 4
727 42
728 0
728 5
728 7
728 13
728 22
729 2
729 7
729 8
729 9
729 24
730 7
730 13
730 143
731 37
731 95
732 6
732 96
732 150
733 3
733 4
733 7
733 8
733 10
734 9
734 340
734 350
735 8
735 80
735 211
735 366
736 0
736 5
736 6
736 35
736 173
737 3
737 280
738 87
738 485
738 603
739 0
739 1
739 57
740 4
740 5
740 6
740 184
741 2
741 6
741 170
741 369
742 1
742 25
742 50
742 434
743 2
743 4
743 163
743 225
744 4
744 5
745 0
745 3
745 7
745 107
746 24
746 60
746 226
747 4
747 7
747 33
747 459
748 10
748 118
748 138
749 184
749 470
750 2
750 5
750 6
750 54
750 213
751 4
751 27
752 4
752 727
753 6
753 7
753 8
753 9
753 24
753 197
753 235
754 19
754 21
754 258
755 2
755 7
755 14
755 301
756 6
756 76
757 3
757 669
758 2
758 3
758 59
759 4
759 7
759 215
760 3
760 10
760 26
760 84
761 0
761 2
761 3
761 36
762 1
762 2
762 3
762 5
762 7
763 43
763 245
763 246
764 7
764 144
765 0
765 5
765 13
765 71
765 332
766 3
766 8
766 261
766 345
766 618
767 6
767 77
768 1
768 2
768 8
768 506
769 6
769 95
770 3
770 8
770 59
770 441
771 2
771 5
771 111
771 148
772 0
772 233
773 1
773 2
773 50
773 434
774 31
774 112
774 665
775 0
775 5
775 6
775 24
776 2
776 5
776 24
776 284
777 10
777 84
777 608
778 0
778 5
778 6
778 8
778 30
778 31
778 35
778 140
779 7
779 630
780 4
780 6
780 80
781 0
781 2
781 4
781 8
781 452
782 2
783 2
783 4
783 133
783 215
784 0
784 2
784 4
784 6
784 70
784 452
785 114
785 191
786 2
786 3
786 92
787 0
787 6
787 8
787 9
787 30
787 31
788 3
788 483
789 0
789 4
789 5
789 6
789 8
789 9
789 306
790 7
790 142
790 417
791 7
791 22
791 660
792 0
792 2
792 9
792 193
792 308
793 3
793 4
793 163
794 0
794 2
794 5
794 19
794 71
795 2
795 4
795 7
795 8
795 444
796 7
796 19
796 323
797 1
797 4
797 560
798 2
798 569
799 0
799 3
799 4
799 6
799 455
800 0
800 1
800 5
800 6
800 11
801 0
801 3
801 480
802 2
802 5
802 7
802 182
803 8
803 31
803 154
803 304
804 4
804 497
805 3
805 8
805 10
805 733
806 434
806 572
807 80
807 550
808 6
808 408
808 571
809 0
809 4
809 5
809 6
809 7
809 30
809 307
810 0
810 2
810 3
810 4
810 5
810 6
810 7
810 8
811 124
811 461
812 0
812 105
812 127
812 128
813 5
813 31
813 192
813 346
813 677
814 97
814 199
815 5
815 6
815 28
815 515
816 1
816 2
816 7
816 8
816 66
817 2
817 3
817 4
817 6
817 7
817 8
817 80
817 505
818 6
818 24
818 266
819 0
819 4
819 6
819 8
819 31
819 146
820 31
820 192
821 9
821 197
822 28
822 514
822 515
823 4
823 20
823 42
824 1
824 4
824 5
824 66
824 419
824 494
825 2
825 570
826 5
826 649
827 28
827 514
828 4
828 485
828 687
829 4
829 560
829 797
830 6
830 184
831 437
831 685
832 2
832 6
832 142
833 0
833 745
834 0
834 19
834 34
835 0
835 7
836 7
836 779
837 2
837 6
837 117
838 1
838 51
838 196
839 6
839 43
839 447
840 3
840 6
840 424
840 715
841 7
841 24
841 197
841 284
842 74
842 322
843 2
843 5
843 6
843 54
843 182
843 688
844 470
844 496
845 3
845 381
845 590
846 2
846 4
846 54
846 79
847 0
847 672
847 681
848 2
848 9
848 197
849 0
849 5
849 7
849 8
849 24
849 203
850 4
850 5
850 30
850 187
851 7
851 571
851 583
852 2
852 5
852 7
852 109
853 4
853 7
853 8
853 505
853 508
853 552
854 6
854 8
854 31
854 787
855 7
855 14
855 301
856 31
856 64
856 105
856 127
857 1
857 3
857 4
857 8
857 227
858 21
858 114
858 540
858 698
859 197
859 821
860 0
860 2
860 7
860 41
861 3
861 135
861 237
862 2
862 8
862 14
862 141
862 167
863 9
863 30
863 75
863 610
864 2
864 55
865 3
865 618
865 766
866 5
866 6
866 7
866 527
867 31
867 803
868 4
868 6
868 780
869 65
869 85
870 1
870 4
870 5
870 30
871 2
871 5
871 197
871 717
872 220
873 1
873 2
873 4
873 5
873 6
873 7
873 109
874 62
874 90
875 107
875 134
875 388
876 4
876 9
876 30
876 621
877 0
877 5
877 6
877 7
877 351
877 672
878 4
878 780
878 868
879 196
879 560
879 693
880 3
880 4
880 8
880 505
880 552
880 700
881 0
881 7
881 28
882 31
882 578
883 91
883 428
883 707
884 96
884 126
884 256
885 593
886 10
886 608
887 0
887 1
887 2
887 260
888 0
888 2
888 19
889 0
889 8
889 64
889 716
890 5
890 6
890 8
890 35
890 38
891 5
891 13
891 19
891 22
891 212
892 343
893 2
893 381
894 2
894 8
894 80
894 444
895 2
895 5
895 7
895 9
895 24
896 0
896 4
896 8
896 146
897 4
897 7
897 109
898 0
898 251
898 380
899 764
900 0
900 28
900 43
901 6
901 77
902 3
902 6
902 7
902 18
902 616
903 1
903 3
903 4
903 6
904 0
904 5
904 24
904 775
905 2
905 3
905 4
905 5
905 54
905 113
905 155
906 22
906 32
906 392
907 5
907 7
907 467
908 4
908 5
908 8
908 9
908 30
908 242
909 24
909 152
910 13
911 0
911 2
911 3
911 4
911 25
912 8
912 146
912 896
913 5
913 197
913 717
914 0
914 5
914 6
914 8
914 9
914 306
915 0
915 4
915 5
915 7
915 30
915 809
916 3
916 590
916 845
917 4
917 30
917 850
918 0
918 1
919 3
919 5
919 8
919 74
920 114
920 540
920 698
920 858
921 7
921 289
922 183
923 0
923 34
923 643
924 7
924 17
924 40
925 1
925 2
926 4
926 7
926 8
926 46
926 413
927 0
927 6
927 170
928 175
929 30
929 82
930 2
930 5
930 9
930 24
931 3
931 786
932 0
932 4
932 6
932 146
933 0
933 6
933 43
933 447
934 2
934 837
935 0
935 6
935 8
935 30
935 31
935 35
936 8
936 30
936 31
936 293
936 458
937 5
937 8
938 1
938 3
938 92
939 2
939 71
939 598
940 2
940 4
940 357
941 1
941 4
941 5
941 6
941 7
941 109
942 0
942 31
942 173
943 9
943 406
944 0
944 8
944 896
945 0
945 2
945 4
945 6
945 16
946 2
946 8
947 31
947 153
947 566
948 5
948 6
948 351
948 672
948 877
949 0
949 3
949 4
949 6
949 7
949 8
949 9
950 14
950 329
951 152
951 165
952 0
952 1
952 25
952 50
953 2
953 452
954 9
954 821
955 7
955 277
955 294
956 4
956 7
956 16
956 33
957 0
957 8
957 24
957 28
957 78
958 4
958 225
958 512
959 2
959 3
959 92
959 582
960 922
961 0
961 4
961 5
961 216
962 2
962 7
962 16
962 375
963 0
963 5
963 6
963 31
963 35
963 140
964 1
964 4
964 66
964 419
964 494
965 0
965 8
965 9
965 30
965 31
966 8
966 59
966 135
967 0
967 6
967 8
967 31
967 35
967 935
968 14
968 301
969 2
969 3
969 6
970 0
970 2
970 7
970 41
970 860
971 0
971 2
971 4
971 6
971 945
972 0
972 1
972 3
972 92
973 7
973 114
974 24
975 0
975 7
975 340
975 350
976 5
976 7
976 13
976 728
977 3
977 8
977 79
977 410
978 0
978 5
978 6
978 24
978 266
979 1
979 5
979 494
980 0
980 2
981 592
982 0
982 2
982 6
982 9
982 24
982 197
983 918
984 2
984 7
984 109
984 471
985 2
985 7
985 685
986 2
986 5
986 9
986 555
986 594
987 0
987 3
987 6
987 8
987 949
988 107
988 388
988 875
989 0
989 5
989 28
989 78
990 0
990 25
990 50
990 427
991 5
991 6
991 24
991 775
992 0
992 1
992 5
992 7
993 4
993 6
993 136
993 475
994 111
994 771
995 5
995 6
995 24
995 371
995 482
996 1
996 11
996 277
996 547
997 80
998 6
998 8
998 564
999 5
999 93
999 370
