1 0
2 0
2 1
3 0
3 1
3 2
4 0
4 1
4 2
4 3
5 0
5 1
5 2
5 3
5 4
6 0
6 1
6 2
6 3
6 4
6 5
7 0
7 1
7 2
7 3
7 4
7 5
7 6
8 0
8 1
8 2
8 3
8 4
8 5
8 6
8 7
9 0
9 1
9 2
9 3
9 4
9 5
9 6
9 7
9 8
10 1
10 2
10 3
11 0
11 1
11 2
11 3
11 4
11 5
11 6
11 8
12 0
12 2
12 4
12 8
12 9
13 2
13 4
13 5
14 4
14 5
14 6
14 7
15 0
15 1
15 2
15 3
15 4
15 11
16 0
17 0
17 3
17 4
17 15
18 0
18 2
18 4
18 5
19 0
19 4
19 15
19 17
20 2
20 6
21 0
21 2
21 3
21 4
21 7
22 1
22 2
22 5
22 6
22 8
22 9
23 0
23 7
23 21
24 0
24 23
25 0
25 1
25 2
25 3
25 4
26 0
26 3
26 4
27 1
27 2
27 3
27 4
28 0
28 2
28 12
29 3
29 26
30 1
30 5
30 6
30 8
30 22
31 7
31 21
31 23
32 4
32 5
32 13
33 1
33 3
33 27
34 1
34 5
34 8
34 22
34 30
35 1
35 3
35 4
35 6
35 7
35 8
36 0
36 23
36 24
37 0
37 2
37 3
37 4
37 5
38 1
38 4
38 5
38 7
39 1
39 3
39 5
39 6
40 0
40 1
40 2
40 4
40 5
41 2
41 4
41 5
41 6
41 7
41 8
41 9
42 4
42 37
43 0
43 3
43 4
43 11
44 7
44 21
44 23
45 0
45 2
45 4
45 5
45 40
46 1
46 3
46 6
46 39
47 1
47 3
47 10
48 0
48 2
48 3
48 4
49 0
49 2
49 4
49 8
51 2
51 4
51 8
51 12
52 0
52 3
52 4
52 26
53 4
55 0
55 2
55 4
55 5
55 6
55 7
56 1
57 0
57 4
58 2
58 4
58 5
58 40
59 3
59 5
59 39
60 2
60 12
61 3
61 46
62 5
62 6
63 2
63 4
63 45
64 1
65 4
65 15
65 19
66 2
66 6
66 7
66 8
66 9
67 0
67 2
67 8
67 9
67 12
68 0
68 21
69 0
69 2
69 4
69 8
69 9
69 12
70 0
70 1
70 2
70 4
70 5
70 6
70 7
71 4
71 8
71 9
71 12
72 2
72 9
72 12
72 69
73 5
73 6
73 7
73 8
74 1
74 2
74 3
74 5
74 7
75 4
75 7
76 2
76 9
76 12
76 69
77 6
77 14
78 0
78 1
78 3
78 5
79 0
79 1
79 2
79 3
79 5
79 8
79 11
80 5
80 6
80 30
81 0
81 3
81 43
82 0
82 4
82 17
83 5
83 7
84 6
84 77
85 0
85 68
86 0
86 4
86 15
86 17
87 0
87 2
88 4
88 5
88 40
90 1
90 3
91 1
91 2
91 27
92 0
92 40
92 45
93 22
93 34
94 0
94 2
94 4
94 8
95 0
95 1
95 5
95 9
96 5
96 58
97 39
98 12
98 72
99 9
99 12
99 69
99 76
100 5
100 80
101 1
101 39
102 0
102 5
103 2
103 6
103 9
104 5
105 2
105 5
105 45
106 2
106 8
107 0
107 2
107 4
108 0
108 3
109 0
109 2
109 4
110 2
110 5
111 0
111 23
111 24
111 36
112 0
112 1
112 2
112 4
112 6
112 7
112 8
113 110
114 1
114 2
114 3
114 6
114 7
115 0
115 8
116 3
116 5
117 26
118 1
118 2
118 40
119 1
119 4
119 5
121 7
121 21
122 9
122 12
123 93
124 0
124 3
124 5
124 6
124 7
124 8
124 9
125 0
125 7
125 23
126 2
126 3
126 5
126 7
126 74
127 3
127 10
128 0
128 4
128 5
129 59
130 0
130 2
130 9
130 12
130 69
131 5
131 78
132 3
133 3
133 61
134 1
134 2
134 3
134 4
135 2
137 0
137 2
137 12
137 69
138 1
138 3
138 39
139 1
139 5
139 6
140 0
141 8
142 6
142 7
142 8
143 1
143 2
143 4
143 7
143 112
144 5
145 3
145 61
145 133
146 2
146 4
146 8
147 0
147 3
147 4
148 6
149 2
149 9
149 12
149 69
150 2
150 4
150 5
150 7
150 8
150 41
151 0
151 2
151 8
152 0
152 15
153 0
154 0
154 2
154 3
154 4
155 3
155 4
156 5
156 7
156 55
157 2
157 4
157 25
158 0
158 2
158 8
158 9
158 67
159 5
159 139
160 7
160 142
162 0
162 24
163 27
165 4
165 15
165 17
165 86
166 0
166 3
166 7
166 124
167 0
167 12
168 0
168 4
168 7
168 70
169 1
169 2
169 4
169 25
170 4
170 150
171 5
172 69
172 137
173 1
173 2
173 3
174 0
174 5
174 78
175 108
176 4
176 52
177 1
177 2
177 3
178 0
178 2
178 9
178 12
179 0
179 2
179 37
180 4
181 4
182 0
182 24
182 36
183 1
183 3
183 138
184 2
184 6
184 20
185 0
185 1
185 2
185 3
185 4
185 6
185 8
186 0
186 5
187 17
188 0
188 4
188 7
188 8
188 112
189 10
190 15
190 152
191 2
191 9
191 130
192 0
192 1
192 2
192 3
193 2
194 1
194 2
194 5
197 5
197 6
197 7
197 9
198 0
198 1
198 2
198 3
198 4
198 6
198 7
199 100
200 8
200 9
200 71
201 1
201 101
202 5
203 0
204 1
204 5
204 139
205 7
205 112
206 181
207 0
207 5
207 40
208 2
208 5
209 15
210 0
210 4
210 5
211 0
211 3
211 4
211 15
211 17
212 5
212 39
213 0
213 68
214 0
215 5
215 139
216 0
216 3
216 11
216 43
217 2
217 51
218 0
218 1
218 2
218 4
218 8
219 0
219 4
219 17
220 0
220 4
220 17
221 2
221 3
221 7
221 21
222 0
223 1
223 4
223 5
224 2
224 109
225 0
225 124
225 166
226 23
226 36
227 1
227 5
227 9
227 22
228 4
228 15
228 19
228 65
229 0
229 2
229 4
230 2
230 18
232 4
232 7
233 2
233 4
235 4
235 15
236 1
236 2
236 3
236 177
237 5
237 105
238 4
238 7
240 1
240 2
240 7
240 8
241 2
241 8
241 12
241 67
242 4
242 17
243 0
243 8
243 9
244 51
244 217
245 4
245 5
245 32
247 132
248 0
248 2
248 8
248 11
248 79
249 5
250 1
250 5
250 9
251 4
251 40
251 45
252 0
252 2
252 4
253 0
253 3
254 2
254 4
254 5
254 6
254 9
255 0
255 1
255 2
256 2
256 151
257 1
257 5
258 4
259 23
259 36
259 111
260 6
260 30
261 4
261 6
261 9
262 0
262 37
262 179
263 5
264 0
264 4
264 5
264 40
265 0
265 4
265 37
266 0
266 1
266 3
266 4
266 198
267 2
267 6
267 9
267 103
268 0
268 1
268 2
269 139
269 159
270 0
270 2
270 12
270 178
271 0
271 2
271 3
271 15
272 2
272 5
272 6
272 254
273 0
273 3
273 4
273 11
273 43
274 2
274 7
274 21
274 221
275 72
276 1
276 2
276 112
277 9
278 1
278 39
278 101
279 0
279 2
280 5
281 1
281 3
281 192
282 2
282 218
283 1
283 6
283 39
283 46
284 2
284 6
284 8
284 9
285 3
285 145
286 34
287 152
288 2
288 5
288 6
288 8
289 1
289 2
290 5
290 6
290 80
291 3
292 2
292 12
293 0
294 5
294 40
295 0
296 8
296 288
297 1
297 5
298 11
298 43
299 4
299 15
300 0
300 2
300 279
302 0
302 2
302 178
303 0
303 5
303 6
303 7
303 70
304 0
304 8
304 67
304 158
305 1
305 2
305 3
305 4
305 5
305 6
305 8
305 9
306 4
306 5
306 40
307 152
308 124
308 225
309 186
310 4
310 40
310 306
311 0
311 2
311 8
311 11
311 79
311 248
312 3
313 1
313 2
313 3
313 4
313 6
314 5
314 30
315 40
315 45
315 92
316 145
316 285
317 0
317 82
318 0
318 2
318 12
318 69
319 3
319 17
319 211
320 1
320 5
320 7
322 1
322 39
323 9
323 243
324 145
325 7
325 112
325 205
326 1
326 6
326 8
326 35
327 1
327 3
327 5
328 5
329 129
330 14
330 77
331 2
331 4
331 6
332 232
333 2
333 79
333 248
334 0
334 1
334 5
334 95
335 3
335 4
335 15
335 17
336 7
336 112
336 205
336 325
337 1
337 2
337 276
338 5
338 40
338 264
339 0
339 1
339 4
339 6
339 8
340 155
341 1
341 2
341 289
342 0
343 45
343 105
345 2
345 7
345 221
346 1
346 38
347 0
347 4
347 94
348 8
348 304
349 1
349 4
349 5
349 7
349 8
349 9
350 3
352 8
352 248
353 1
353 2
353 3
353 7
353 114
354 12
354 167
356 292
357 13
357 32
358 61
358 133
359 2
359 69
359 72
360 4
360 11
360 43
360 273
361 40
361 88
362 264
363 3
363 7
364 1
364 6
364 7
364 8
365 0
365 1
365 3
365 11
366 4
366 5
366 40
367 1
367 7
367 364
369 2
369 134
370 2
370 3
370 6
371 7
371 75
372 2
372 5
372 105
373 1
373 2
373 3
373 5
373 7
374 3
374 4
374 7
374 21
375 53
376 2
376 45
379 0
379 1
379 3
379 25
381 1
381 7
382 0
382 2
382 178
383 1
383 364
384 2
384 8
384 248
384 311
385 149
386 0
386 15
386 17
386 86
387 11
387 43
388 27
388 91
389 288
389 296
390 1
390 3
391 0
391 1
391 2
391 4
391 7
391 8
392 3
392 132
393 1
393 112
396 4
396 109
397 68
397 85
398 3
400 1
401 1
401 7
401 349
402 2
402 12
402 69
402 137
403 6
404 2
404 4
404 5
404 6
404 7
404 55
406 4
406 21
407 2
407 248
407 311
407 384
408 0
408 2
408 382
410 4
410 21
411 4
411 176
413 0
413 1
413 3
414 79
414 248
416 0
416 1
416 2
416 6
416 7
417 2
417 3
417 4
418 0
418 2
418 4
418 8
418 9
418 12
419 53
420 0
420 7
420 8
420 112
421 5
422 0
422 2
422 3
422 154
423 4
425 3
426 1
426 101
427 199
428 0
428 151
429 0
429 17
430 2
430 3
430 4
430 6
430 11
431 1
431 3
432 45
433 4
433 5
433 7
433 9
433 349
434 2
434 4
434 5
434 6
434 7
435 179
436 0
436 2
436 5
437 4
437 37
438 1
438 3
439 0
439 2
439 4
439 18
440 1
441 4
441 5
441 58
442 14
442 77
443 1
443 3
443 7
444 1
444 5
444 9
444 349
445 1
445 3
445 11
445 365
446 7
447 2
447 333
448 3
448 15
449 2
449 6
449 7
450 26
450 29
452 167
453 40
454 67
455 0
455 271
456 8
456 35
456 326
457 8
458 0
458 1
458 2
458 5
458 6
460 0
460 5
460 6
460 458
461 0
461 2
461 4
462 0
462 4
462 69
463 43
463 273
464 6
464 7
465 137
466 0
466 153
467 0
467 3
467 79
468 2
468 4
468 9
468 12
469 85
469 397
470 2
470 4
470 5
470 7
472 0
472 2
472 8
472 11
472 311
473 0
473 4
473 5
473 40
473 264
474 2
474 5
474 6
474 7
474 55
475 0
475 178
475 382
476 23
477 109
477 396
478 9
478 69
478 130
479 5
479 433
480 1
480 5
480 7
481 37
482 30
482 314
484 1
484 3
484 4
484 5
484 8
485 0
485 1
485 11
485 365
486 1
486 138
486 183
487 3
487 4
487 21
488 5
488 80
489 8
489 296
490 0
490 1
490 2
490 6
491 5
491 7
491 156
492 1
492 3
492 11
492 365
493 2
494 27
494 91
495 1
495 3
495 5
495 39
496 112
496 325
497 262
498 12
498 60
499 6
499 7
499 55
499 404
500 1
500 6
500 8
500 9
500 22
502 0
502 178
502 270
503 1
503 3
504 85
504 469
505 324
506 0
506 1
506 2
506 3
506 5
506 8
506 11
506 79
507 5
507 40
507 264
508 0
508 4
508 5
508 18
509 145
509 285
510 4
510 8
511 159
511 269
513 0
513 7
513 124
513 166
514 85
515 9
515 12
516 3
516 26
517 105
518 2
518 4
520 213
521 6
521 62
522 7
523 238
524 0
524 4
524 6
524 8
525 2
526 5
526 13
528 1
528 2
528 3
528 6
529 2
529 9
529 12
529 69
529 76
530 1
530 3
530 11
530 365
530 492
531 1
531 2
531 112
531 143
532 7
532 124
533 492
534 7
534 55
535 2
536 1
536 101
536 426
537 2
538 6
538 9
538 103
539 2
539 4
539 8
540 4
540 15
540 335
541 5
541 7
542 7
542 8
542 112
542 188
543 5
543 460
544 2
544 6
544 9
545 2
545 9
545 12
545 69
545 76
546 40
546 338
547 400
548 4
548 5
548 6
549 2
549 11
549 79
549 248
550 0
550 2
550 69
550 318
551 174
552 5
552 6
552 7
552 404
553 5
553 7
554 52
554 176
555 11
556 4
556 45
556 63
557 0
557 8
557 112
557 420
558 0
558 3
558 4
558 43
560 288
560 389
561 4
561 11
561 273
562 6
564 2
564 6
564 184
565 2
565 382
566 0
566 1
566 365
567 1
567 2
567 3
567 4
568 0
568 3
568 4
568 43
569 1
569 2
569 3
569 7
570 0
570 3
570 5
570 8
570 79
570 506
571 6
571 9
572 4
572 410
573 0
574 1
574 6
575 101
576 12
578 0
579 0
579 3
579 4
579 52
580 34
580 93
581 5
581 6
582 423
583 4
583 5
583 41
584 215
585 5
585 6
585 8
585 22
586 145
586 285
587 1
588 0
588 12
588 28
589 9
589 69
589 478
590 2
592 1
592 11
592 445
593 0
593 7
593 70
593 168
594 2
594 8
594 539
595 4
595 5
595 18
596 0
596 2
596 3
596 4
596 6
596 8
597 0
597 2
597 4
597 40
597 45
598 2
598 4
600 32
601 0
601 2
601 87
602 40
602 45
602 92
603 1
603 8
603 11
604 5
604 40
604 264
605 5
605 80
605 290
606 3
606 4
606 11
606 430
607 75
607 371
608 0
608 37
609 4
609 487
610 2
610 12
613 1
613 7
613 38
614 413
616 5
616 264
617 554
618 2
619 5
619 6
619 8
620 106
621 1
621 5
621 9
621 250
622 4
622 5
622 13
623 1
623 3
623 183
624 0
624 2
624 4
624 252
625 1
625 5
626 5
626 303
627 0
627 2
627 5
627 6
627 70
628 1
628 367
629 5
629 208
631 1
631 4
631 40
632 7
632 8
632 542
633 0
633 2
633 3
634 0
634 4
634 9
634 69
635 2
635 6
635 370
636 39
636 101
636 278
637 0
637 3
637 5
637 7
637 124
638 2
638 493
639 1
639 3
639 4
640 6
640 254
640 272
641 329
642 1
642 3
642 138
643 2
643 4
644 62
644 521
645 248
645 352
646 2
646 4
647 1
647 112
647 393
648 7
648 124
648 166
649 2
649 3
649 6
650 15
651 5
651 470
652 6
652 596
653 2
653 4
653 185
654 0
654 26
655 0
656 0
656 68
657 0
657 5
658 1
658 2
658 3
658 5
658 7
658 74
659 6
660 0
660 2
660 4
660 6
660 7
660 8
661 0
661 67
661 304
662 1
662 9
662 250
663 0
663 1
663 2
663 5
664 0
664 1
664 2
664 4
664 5
664 7
665 0
665 2
665 8
665 12
666 5
666 9
667 330
668 4
668 128
670 3
670 253
671 5
671 80
672 0
673 8
673 71
673 200
674 9
675 2
675 417
676 249
677 0
677 4
677 5
678 59
678 129
679 1
679 7
679 364
680 5
680 18
680 508
681 0
681 23
681 125
682 77
682 442
683 14
684 3
684 211
684 319
685 0
685 7
686 0
686 1
686 6
686 8
687 2
687 3
687 11
687 79
688 1
688 8
688 35
689 2
689 3
689 7
689 221
690 77
691 2
692 0
692 2
692 6
692 490
693 0
693 1
693 2
693 3
693 5
693 11
693 79
694 2
694 3
696 0
696 5
696 6
696 70
697 2
697 3
697 5
698 2
698 4
698 539
699 0
701 7
701 205
702 11
702 387
703 0
703 4
703 45
704 0
704 4
705 12
705 167
706 5
707 6
707 7
708 0
708 5
708 303
709 0
709 9
709 12
709 67
710 2
710 224
711 1
711 39
712 69
712 589
713 9
714 1
714 2
714 5
714 74
715 0
715 2
715 382
716 1
716 39
716 322
717 139
718 6
718 326
719 2
719 6
719 20
719 184
720 12
720 69
720 76
721 0
721 1
721 2
721 3
721 8
722 3
722 11
722 430
723 9
723 22
723 227
724 8
724 200
725 8
725 9
725 158
726 11
726 79
726 248
727 6
727 574
728 6
728 7
728 8
728 142
729 12
729 69
729 318
730 2
730 5
730 6
730 55
731 478
732 0
732 3
732 4
732 7
732 21
733 5
733 95
733 334
734 2
734 4
734 6
734 313
736 4
736 8
736 12
736 418
737 112
738 465
739 12
740 213
741 1
741 5
741 7
741 74
743 1
743 3
743 192
743 281
744 5
744 7
744 433
745 5
745 8
745 288
746 1
746 38
746 346
747 4
748 0
748 3
749 2
749 402
750 3
751 6
752 4
752 7
752 14
753 1
753 381
754 1
754 3
754 11
754 79
754 693
755 3
755 11
755 754
756 0
756 7
756 125
757 9
757 69
757 478
757 589
758 1
758 3
758 492
759 2
760 159
761 0
761 1
761 2
761 4
761 6
761 8
761 11
762 2
762 5
763 5
763 6
764 1
764 3
764 5
765 12
766 2
766 8
767 4
767 11
767 273
768 0
768 761
769 2
770 0
770 5
770 637
771 0
771 2
772 178
772 475
773 0
773 4
773 7
774 0
774 3
774 7
774 21
774 732
775 1
775 3
775 11
775 754
776 8
776 9
777 1
777 2
777 4
777 5
777 6
777 70
779 1
779 6
780 0
780 11
780 43
781 203
782 1
782 3
782 5
782 764
783 3
783 390
784 3
784 133
784 145
786 1
786 3
787 2
787 4
788 2
788 5
788 6
788 9
788 22
789 0
789 3
789 15
789 17
790 0
790 69
791 2
791 12
791 69
791 137
791 402
792 6
793 0
793 9
794 1
794 3
794 11
794 754
795 5
795 8
796 0
796 17
796 219
797 213
798 0
798 5
798 6
798 303
799 0
799 8
799 524
801 7
801 8
801 112
801 542
802 590
803 1
803 741
804 682
806 75
807 1
807 8
807 11
807 603
809 8
809 489
810 397
811 0
811 186
812 12
812 137
814 1
814 2
815 0
815 69
816 9
816 22
816 500
817 4
817 17
822 5
822 74
823 2
823 224
823 710
824 37
825 1
825 2
826 5
826 250
827 15
828 4
828 539
829 4
829 146
830 2
830 4
831 4
831 5
832 651
833 8
833 112
834 77
835 3
836 1
836 2
836 74
836 714
837 5
837 6
837 303
837 798
838 4
838 26
839 184
840 1
840 4
840 631
841 1
841 5
842 27
843 0
843 3
844 776
845 1
846 586
847 1
847 2
847 3
847 6
847 7
848 3
848 133
849 2
849 3
849 4
850 0
850 21
851 5
852 1
852 2
852 6
853 1
853 2
853 663
854 0
854 1
854 5
854 95
855 22
855 93
857 4
857 40
857 306
858 2
858 154
859 0
859 413
860 1
861 5
862 7
862 142
863 2
863 6
863 719
864 15
864 86
865 0
865 3
866 0
866 1
866 5
866 854
867 202
868 2
868 3
868 15
869 1
869 4
870 11
870 722
872 0
872 6
872 198
873 6
874 1
874 5
874 6
874 30
876 0
876 23
877 2
877 6
877 288
878 0
878 2
878 4
878 7
879 4
879 5
879 245
880 40
881 9
881 122
882 2
882 318
883 40
883 338
884 2
884 4
885 1
885 3
885 7
885 114
886 0
886 186
887 7
887 112
887 542
888 1
888 90
889 2
890 1
890 365
891 2
891 4
891 25
892 5
892 6
892 7
892 55
893 5
893 861
894 3
895 285
896 5
896 95
897 45
898 0
898 2
898 3
898 721
899 9
899 243
899 323
901 109
901 396
901 477
902 1
902 3
902 7
902 114
903 3
903 192
903 281
904 0
904 1
904 2
904 5
905 5
905 8
905 79
906 3
906 6
906 649
907 2
907 823
908 5
908 6
908 798
908 837
909 77
909 330
910 2
910 69
910 402
910 791
911 539
912 3
912 192
912 281
913 1
913 3
913 6
913 7
913 847
914 91
914 494
915 273
916 1
916 3
917 2
917 11
917 79
917 311
918 168
919 1
919 390
921 0
921 2
921 771
922 1
922 2
922 6
922 112
923 5
923 861
923 893
924 0
924 1
924 3
924 8
925 6
925 7
925 8
925 124
926 5
927 1
927 5
927 6
927 22
928 2
929 0
929 8
929 524
929 799
930 2
931 4
932 1
932 7
933 167
934 9
934 103
934 538
935 1
935 2
936 6
936 7
937 410
938 6
939 7
940 0
940 9
940 67
941 1
941 919
942 2
942 256
943 152
944 0
944 1
945 0
945 811
946 1
946 5
946 741
947 6
947 7
948 3
949 2
949 79
950 2
950 178
951 314
952 569
953 40
953 264
954 1
954 3
954 39
955 0
955 1
955 2
955 3
955 4
955 6
955 7
956 314
957 1
957 138
957 486
958 2
958 9
958 149
959 0
959 2
959 7
960 6
960 404
961 91
962 1
962 8
963 8
963 12
964 3
964 670
966 2
966 5
967 1
967 3
968 4
968 5
968 8
969 5
969 6
969 70
969 696
970 1
970 2
970 4
970 5
970 664
971 4
971 17
972 11
973 7
973 23
973 31
974 0
974 4
974 8
974 9
974 12
974 418
975 0
976 1
977 8
978 211
978 684
979 0
980 1
980 3
980 6
980 39
980 46
981 330
981 909
982 0
982 573
983 7
983 142
983 728
985 2
985 5
985 194
986 0
986 1
987 1
987 2
987 5
988 0
988 2
988 4
989 0
989 2
989 9
989 67
989 158
990 317
991 0
991 3
991 8
991 506
992 215
993 3
993 4
993 21
993 374
994 0
994 3
994 26
995 3
995 8
995 924
996 4
996 273
997 1
997 4
997 119
998 5
999 0
999 219
