1 0
2 0
2 1
3 0
3 1
3 2
4 0
4 1
4 2
4 3
5 0
5 1
5 2
5 3
5 4
6 0
6 1
6 2
6 3
6 4
6 5
7 0
7 1
7 2
7 3
7 4
7 5
7 6
8 0
8 1
8 2
8 3
8 4
8 5
8 6
8 7
9 0
9 1
9 2
9 3
9 4
9 5
9 6
9 7
9 8
11 2
12 5
13 0
13 6
13 8
14 2
15 4
16 4
17 3
18 5
18 9
19 6
21 5
22 4
22 9
23 4
25 3
29 2
29 9
31 2
31 3
31 4
32 0
33 4
33 16
34 2
35 1
35 4
36 1
38 6
39 4
40 39
42 3
44 5
45 33
48 4
48 5
50 5
51 6
52 4
52 22
53 5
53 12
54 33
56 40
57 3
57 31
58 5
59 54
60 1
60 8
62 13
63 8
66 1
69 9
73 63
74 25
75 0
75 1
76 4
76 7
79 4
79 9
80 52
81 3
81 4
82 13
83 52
84 34
86 13
87 2
87 9
88 6
90 2
90 6
91 0
94 9
97 6
97 7
98 3
98 5
99 17
100 3
101 87
103 9
105 84
106 6
106 9
107 2
107 4
107 7
108 7
109 3
110 2
110 14
111 1
111 4
114 4
116 5
116 9
118 3
118 7
118 9
119 1
119 2
120 2
121 103
124 3
124 7
126 7
127 62
128 40
129 7
131 97
132 66
135 42
136 2
139 2
139 7
140 3
141 2
141 4
141 9
142 1
142 2
142 5
144 6
145 86
146 6
147 25
149 0
149 8
153 118
154 3
156 149
157 2
158 8
158 60
159 57
161 4
161 31
162 45
163 119
164 90
165 48
166 6
174 121
175 29
176 120
177 162
178 9
178 116
179 97
180 140
181 7
182 6
184 12
184 53
189 54
189 59
190 5
191 7
193 1
193 2
193 142
195 2
198 3
198 7
199 2
199 8
200 4
201 5
201 6
201 8
202 98
204 2
204 142
205 9
206 84
207 4
210 116
211 31
212 2
212 3
212 8
214 0
214 7
214 9
216 0
216 7
219 0
219 4
219 5
219 7
220 29
221 159
222 176
223 9
224 62
224 127
227 5
229 119
230 154
232 13
232 62
234 166
235 25
236 9
237 3
237 212
238 31
239 105
240 79
242 48
243 2
243 120
244 87
245 237
246 191
247 2
248 9
249 4
250 4
250 6
252 9
254 212
255 87
255 101
256 35
257 25
258 7
258 76
259 235
261 230
262 189
263 3
265 3
266 127
267 3
267 81
268 3
271 7
272 57
273 0
273 2
273 5
274 202
277 66
278 108
281 1
281 4
281 7
283 212
284 5
284 219
285 63
287 101
287 255
288 3
289 3
289 7
291 35
291 256
293 39
295 149
296 2
296 9
298 22
298 52
299 284
302 34
303 8
305 3
305 5
309 4
311 35
312 87
313 136
314 54
315 302
317 90
318 311
320 6
321 62
324 2
325 3
328 281
329 8
329 158
331 11
332 250
333 8
333 63
335 101
337 277
339 3
339 5
339 8
340 15
341 2
341 8
344 108
346 3
346 267
347 252
354 255
355 5
355 98
356 57
356 272
357 39
357 40
359 1
359 4
359 5
360 139
363 234
365 1
365 2
366 4
366 48
367 178
368 3
368 4
368 7
368 9
369 243
370 44
371 2
371 14
372 295
373 149
374 2
375 0
377 321
378 142
379 48
379 242
380 0
380 216
391 360
392 2
392 142
393 305
394 238
397 159
402 357
403 392
406 346
407 1
407 359
409 3
409 267
410 1
411 58
412 7
413 3
414 9
414 214
416 298
418 81
420 94
421 267
422 3
422 5
424 174
425 9
426 359
427 13
428 8
428 341
429 332
430 0
430 219
431 277
433 293
434 4
434 81
437 4
438 407
440 277
441 108
442 4
443 418
444 232
445 139
445 360
447 3
447 8
447 9
449 9
450 363
453 214
455 278
456 0
459 281
459 328
460 9
461 35
462 4
465 3
466 4
468 219
468 284
469 289
471 410
472 298
473 2
476 3
477 9
478 422
479 465
481 281
482 277
484 4
484 207
487 205
488 1
489 321
489 377
490 8
492 106
494 1
494 8
495 347
496 0
496 149
497 3
497 7
499 12
501 8
506 4
507 176
508 8
508 158
509 344
510 267
512 8
513 2
514 191
515 108
516 58
518 111
519 1
520 13
520 232
522 66
524 60
525 6
526 359
526 407
527 81
531 298
537 132
539 335
540 97
545 54
545 59
546 3
546 7
547 2
547 34
548 2
548 243
549 6
549 88
550 4
550 200
551 2
551 7
552 1
552 359
553 272
554 298
555 98
556 184
559 325
562 2
562 29
563 219
564 97
565 1
566 277
566 440
568 3
570 139
571 293
571 433
572 9
574 198
575 235
577 267
580 3
580 413
582 277
585 305
586 22
588 97
590 273
591 140
592 8
593 469
594 101
595 255
597 5
598 163
599 2
599 365
600 22
602 368
603 5
606 237
608 428
609 379
610 492
611 325
612 202
612 274
613 7
613 191
614 368
615 553
616 379
618 6
618 97
619 14
620 7
620 271
621 193
622 618
626 3
627 6
627 8
627 13
628 339
630 15
631 441
632 469
633 13
634 81
635 620
641 34
641 547
642 7
642 191
643 403
645 346
647 2
647 31
650 36
651 34
652 643
653 6
657 368
658 53
660 207
661 59
663 7
663 219
664 642
668 492
668 610
669 393
670 81
671 356
673 255
674 33
674 45
677 31
677 57
678 564
679 34
680 594
682 141
683 450
686 176
687 368
688 2
688 6
689 54
689 189
690 434
693 120
695 556
696 5
696 6
697 3
700 473
701 641
703 373
705 287
706 394
707 606
708 3
708 6
709 393
710 689
712 380
713 224
714 402
715 0
715 9
716 110
717 3
717 580
719 356
720 111
721 4
722 450
722 683
724 202
725 489
726 207
726 660
727 652
728 599
731 40
732 265
734 309
736 719
737 145
739 106
740 232
741 3
741 7
742 0
743 6
744 32
745 5
746 450
747 344
748 159
748 221
749 189
751 128
752 222
755 97
756 651
758 0
758 75
761 149
761 295
765 33
769 212
770 682
772 618
773 120
774 315
781 221
782 339
783 54
783 545
784 653
785 132
787 2
788 82
789 295
790 118
791 163
792 7
792 620
795 255
796 60
796 158
798 257
799 2
799 787
800 3
801 2
801 688
802 293
804 618
804 622
805 5
806 161
809 142
810 281
811 0
811 4
812 0
812 811
814 54
815 422
817 4
817 9
818 60
819 2
819 551
820 507
821 545
822 653
823 157
824 5
824 9
825 0
828 176
830 6
831 0
831 216
832 339
833 142
833 378
834 469
834 593
835 377
837 441
839 696
840 295
840 372
844 527
849 402
850 434
851 3
854 2
855 5
858 178
860 59
861 204
862 825
863 755
865 476
867 453
869 9
870 12
871 299
873 2
876 332
881 858
883 4
884 591
886 7
888 700
889 9
889 69
891 3
892 726
897 207
897 660
897 726
900 7
901 359
901 552
902 556
902 695
903 6
905 0
906 88
907 3
908 591
909 285
910 229
911 81
912 54
916 320
917 7
920 548
921 434
921 850
922 69
922 889
923 591
925 363
929 0
930 178
932 8
933 407
934 7
935 9
936 645
937 54
938 658
940 7
941 2
942 141
944 2
944 4
945 2
945 941
946 3
946 741
947 4
948 903
949 32
950 284
951 271
952 328
953 87
953 244
956 9
956 572
958 81
958 267
959 13
959 520
960 142
963 1
966 870
968 0
968 380
969 212
970 873
971 75
972 232
973 839
974 4
974 811
978 13
978 633
979 219
980 734
981 355
982 2
987 312
988 980
989 12
990 903
992 238
992 394
994 17
995 7
996 715
997 0
997 2
998 940
999 216
