1 0
2 0
2 1
3 0
3 1
3 2
4 0
4 1
4 2
4 3
5 0
5 1
5 2
5 3
5 4
6 0
6 1
6 2
6 3
6 4
6 5
7 0
7 1
7 2
7 3
7 4
7 5
7 6
8 0
8 1
8 2
8 3
8 4
8 5
8 6
8 7
9 0
9 1
9 2
9 3
9 4
9 5
9 6
9 7
9 8
10 0
10 1
10 2
10 3
10 5
10 6
10 7
11 1
11 2
11 3
11 4
11 5
11 6
11 7
11 8
12 0
12 1
12 2
12 3
12 4
12 5
12 6
12 8
12 9
13 0
13 1
13 2
13 3
13 4
13 5
13 6
13 7
14 0
14 1
14 2
14 3
14 4
14 5
14 6
14 7
15 0
15 1
15 3
15 4
15 5
15 7
16 0
16 1
16 3
16 5
16 7
16 8
17 0
17 1
17 3
17 6
17 7
18 1
18 3
18 4
19 1
19 2
19 3
19 5
20 1
20 2
20 3
20 5
20 6
20 8
21 1
21 5
21 19
22 1
22 3
22 4
22 5
22 6
22 7
22 14
23 0
23 1
23 3
23 5
23 16
24 0
24 3
25 0
25 3
25 5
25 7
25 15
26 0
26 1
26 3
27 1
27 3
27 5
27 16
27 23
28 0
28 3
28 6
28 7
29 0
29 1
29 5
29 8
29 16
30 0
30 1
30 2
30 3
30 5
30 6
30 8
30 9
31 23
32 0
32 1
32 3
32 5
32 6
32 9
33 0
33 2
33 4
33 5
33 6
33 7
34 1
34 5
34 6
34 9
34 30
35 0
35 1
35 8
35 16
35 29
36 0
36 1
36 5
36 8
36 29
37 0
37 1
37 8
37 29
37 35
38 0
38 4
38 8
38 12
39 3
39 26
40 0
40 1
40 2
40 3
40 4
40 5
40 7
40 8
41 1
41 3
41 5
41 6
41 7
41 11
42 2
42 5
42 6
42 33
43 0
43 3
43 6
43 7
43 17
44 1
44 2
44 4
44 5
44 7
44 8
45 2
45 3
45 4
45 11
46 0
46 1
46 2
46 3
46 4
46 5
46 13
47 1
47 2
47 4
47 5
48 2
48 3
48 5
48 6
48 8
48 20
49 2
49 3
49 4
49 5
50 2
50 5
50 42
51 1
51 6
51 30
51 34
53 0
53 1
53 2
53 4
53 5
53 7
53 8
53 9
54 1
54 3
54 6
54 7
54 41
55 1
55 3
55 5
55 27
56 1
56 3
56 4
56 5
56 6
56 7
56 8
57 2
57 5
58 2
58 3
58 5
58 7
59 2
59 3
59 5
59 7
60 0
60 1
60 3
60 4
60 7
60 15
61 0
61 1
61 2
61 3
61 5
61 6
61 7
62 1
62 4
62 5
62 7
62 8
62 44
63 1
63 2
63 3
63 7
63 40
64 1
64 2
64 4
64 5
64 7
64 8
64 9
65 0
65 1
65 3
65 5
65 7
65 8
66 0
66 2
66 3
66 5
66 6
66 8
66 9
66 30
67 0
67 1
67 3
67 5
67 6
67 9
68 2
68 5
68 6
68 48
69 0
69 1
69 3
69 6
69 9
70 1
70 2
70 3
70 5
71 0
71 3
71 6
71 17
71 43
72 0
72 1
72 2
72 3
72 4
72 5
72 6
72 8
72 9
72 12
73 1
73 2
73 3
73 6
73 8
74 0
74 2
74 6
74 8
74 30
74 66
75 5
75 6
75 33
75 42
76 1
76 5
77 1
77 5
78 1
78 5
78 8
78 29
79 0
79 4
79 5
79 7
79 8
79 9
80 0
80 1
80 3
80 4
80 6
81 2
81 4
81 5
81 6
81 7
81 8
82 0
82 2
82 3
82 4
82 5
82 6
83 1
83 5
83 6
83 7
83 8
84 0
84 1
84 3
84 5
84 7
84 65
85 1
85 3
85 4
85 5
85 7
86 5
86 7
86 8
86 44
87 0
87 2
87 6
87 8
87 66
88 0
88 2
88 3
88 5
88 6
88 7
88 10
89 5
89 59
90 5
90 6
90 8
90 83
91 0
91 1
91 3
91 5
91 6
91 9
92 0
92 1
92 2
93 0
93 1
93 8
93 29
93 35
93 37
94 2
94 6
94 33
95 0
95 2
95 5
95 6
95 8
95 9
95 30
96 0
96 3
96 6
96 9
97 8
98 0
98 37
99 0
99 29
99 35
100 1
100 3
100 4
100 5
100 6
100 7
101 0
101 1
101 3
101 4
101 5
101 6
101 8
101 9
101 12
101 72
102 0
102 8
102 16
102 29
102 35
103 2
103 5
103 6
103 8
103 20
103 48
104 0
104 1
104 3
104 6
104 9
104 69
105 2
105 5
105 7
106 1
106 5
107 1
107 3
107 5
108 5
108 7
108 15
108 25
109 0
109 1
109 3
109 6
109 9
109 69
110 1
110 2
110 3
110 5
111 5
111 105
112 0
112 5
112 7
112 9
113 3
113 4
113 5
114 0
114 2
114 6
114 66
115 1
115 9
115 30
116 0
116 1
116 2
116 3
116 4
116 5
116 46
117 0
117 3
117 5
117 6
117 82
118 2
118 3
118 9
118 30
118 66
119 0
119 3
119 6
119 17
120 0
120 29
120 35
121 1
121 3
121 4
121 6
121 7
121 14
121 22
122 0
122 4
122 7
122 8
122 9
123 0
123 1
123 5
123 46
123 116
124 1
124 115
125 3
125 110
126 5
126 6
126 8
126 90
127 59
128 3
128 5
128 6
128 7
128 100
129 2
129 6
129 8
129 66
130 0
130 2
130 3
130 5
130 6
130 7
130 61
131 1
131 2
131 5
131 7
131 8
132 0
132 1
132 3
132 6
132 7
132 17
133 1
134 1
134 3
134 5
134 7
134 65
135 2
135 3
135 30
135 66
136 1
136 2
136 5
136 6
136 8
137 0
137 7
137 9
137 112
138 0
138 6
138 7
138 10
139 0
139 3
139 7
139 43
140 0
140 29
140 35
140 120
141 0
141 1
141 2
141 3
141 4
141 5
141 7
141 8
141 40
142 3
142 5
142 6
142 7
142 10
142 88
143 0
143 1
143 2
143 3
143 4
143 5
143 6
143 8
143 9
143 12
143 72
144 0
144 5
144 7
145 5
145 6
145 83
145 90
146 1
146 3
146 4
146 5
146 6
146 56
147 1
147 30
147 34
147 51
148 2
148 6
148 8
148 66
149 0
149 2
149 66
150 0
150 1
150 3
151 1
151 6
151 30
151 34
151 51
152 5
152 7
152 144
153 1
153 3
153 5
153 7
153 84
154 0
154 2
154 3
154 5
154 6
154 61
154 130
155 1
155 3
155 41
155 54
156 1
156 4
156 5
156 6
156 8
156 56
157 0
157 6
157 114
158 0
158 1
158 2
158 3
158 6
158 10
159 3
159 4
159 5
159 56
160 1
160 5
160 8
160 36
161 98
162 0
162 3
162 5
162 6
162 9
162 67
163 5
163 6
163 8
163 83
163 90
164 0
164 1
164 5
165 1
165 2
165 3
165 5
166 0
166 2
166 3
166 4
166 5
166 8
166 40
166 141
167 3
167 4
167 56
167 159
168 1
168 2
168 5
168 47
169 0
169 1
169 3
169 4
169 7
169 15
170 2
170 5
170 6
170 8
170 48
171 0
171 1
171 2
171 3
171 4
171 5
171 8
171 9
172 0
172 6
172 7
172 17
173 0
173 6
173 69
173 104
174 0
174 1
174 4
174 5
174 8
174 9
174 12
174 72
175 0
175 2
175 3
175 4
176 0
176 8
176 122
177 0
177 1
177 3
177 5
177 7
178 1
178 2
178 4
178 5
178 6
178 7
178 8
179 0
179 1
179 8
179 16
179 29
179 35
180 0
180 5
180 6
181 1
181 6
182 4
182 7
182 9
183 0
183 1
183 4
183 5
183 6
183 8
183 9
183 72
184 0
184 1
184 3
184 6
184 32
185 2
185 6
185 8
185 170
186 2
186 3
186 4
186 5
186 6
186 7
186 8
187 1
187 5
187 7
187 8
188 3
188 30
188 66
189 0
189 1
189 5
189 7
189 61
190 1
190 3
190 6
190 32
191 2
191 3
191 6
192 0
192 1
192 2
192 3
192 4
192 5
193 0
193 2
193 6
193 9
193 30
193 66
194 6
194 8
194 66
195 1
195 8
195 29
195 35
195 37
196 8
196 66
196 129
197 2
197 6
197 8
197 185
198 0
198 1
198 4
198 5
198 7
198 8
198 9
198 53
199 0
199 4
199 5
199 8
199 9
199 198
200 7
200 8
200 9
200 79
201 0
201 3
201 5
201 6
201 9
201 67
202 0
202 7
202 17
203 3
203 6
203 32
203 190
204 0
204 2
204 5
204 6
204 130
204 154
205 6
205 7
205 17
205 172
206 1
206 8
206 16
207 1
207 2
207 4
207 9
207 12
207 72
207 143
208 3
208 9
208 30
208 66
209 1
209 2
209 5
209 6
209 9
209 12
210 0
210 1
210 2
210 3
210 4
210 5
210 6
210 7
211 1
211 3
211 5
211 23
211 27
212 5
212 7
212 144
212 152
213 5
213 7
213 100
214 1
214 3
214 84
215 1
215 3
215 6
215 7
215 17
216 4
216 5
216 6
216 9
216 12
216 143
217 0
217 2
217 3
217 4
217 6
217 8
218 2
218 3
218 45
219 1
219 3
219 4
219 5
219 8
219 9
220 1
220 3
220 7
220 215
221 6
221 8
222 1
222 3
222 5
222 7
223 2
223 4
223 5
223 9
223 53
224 0
224 1
224 2
224 3
224 5
224 6
225 1
225 30
225 34
225 51
225 147
226 9
226 112
227 2
227 5
227 6
228 3
228 5
229 0
229 3
229 5
229 6
229 9
229 67
229 162
230 0
230 1
230 3
230 4
230 15
230 60
231 3
231 7
231 177
232 1
232 2
232 5
232 7
232 9
233 0
234 5
235 0
235 1
235 3
235 4
235 6
235 7
236 1
236 2
236 5
236 7
237 0
237 4
237 5
237 7
237 9
237 53
238 0
238 2
238 5
238 6
238 9
238 30
238 95
239 6
239 181
240 1
240 3
240 4
240 5
240 6
241 1
241 3
241 7
241 215
241 220
242 0
242 1
242 5
242 8
242 29
243 0
243 3
243 6
243 9
243 67
243 201
244 0
244 1
244 16
244 35
244 179
245 30
245 147
246 1
246 3
246 4
246 5
246 8
246 9
247 2
247 3
247 4
247 5
247 7
248 0
248 3
248 5
248 6
248 9
248 67
248 162
248 229
249 1
249 6
249 30
249 34
249 51
249 151
250 6
250 8
250 66
250 148
251 3
251 17
251 43
251 71
252 2
252 42
252 50
253 161
254 5
254 7
254 8
255 3
255 6
255 17
255 43
255 71
256 1
256 2
256 3
256 5
256 7
257 2
257 3
257 4
257 49
258 2
258 7
258 58
259 1
259 6
259 30
259 51
260 1
260 2
260 4
260 5
260 7
260 8
260 9
261 0
261 1
261 2
261 3
261 4
261 5
261 6
261 7
261 13
262 0
262 1
262 2
262 13
262 46
263 0
263 1
263 3
263 9
263 69
264 0
264 4
264 5
264 6
264 7
265 1
265 2
265 4
265 5
265 7
265 8
265 9
265 53
266 1
266 5
267 0
267 2
267 3
267 4
267 6
268 2
268 5
268 8
268 48
268 170
269 0
269 8
270 0
270 1
270 4
270 6
270 7
271 5
271 7
271 213
272 6
272 7
272 17
272 215
273 5
273 6
273 7
273 83
274 0
274 1
274 13
274 46
275 5
275 7
275 144
275 152
275 212
276 5
276 8
276 170
277 2
277 3
277 49
278 0
278 3
278 5
278 6
278 67
279 1
279 3
279 6
279 190
280 0
280 3
280 6
280 8
280 9
280 30
280 66
281 5
281 44
281 86
282 3
282 5
282 6
282 82
282 117
283 1
283 3
283 7
283 215
283 220
284 0
284 1
284 3
284 69
284 109
285 5
285 6
285 83
286 0
286 1
286 3
286 5
287 2
287 6
287 8
288 2
288 3
288 6
288 61
288 130
288 154
289 0
289 5
289 7
289 53
289 237
290 1
290 2
290 4
291 0
291 1
291 3
291 4
291 5
291 7
292 0
292 5
292 7
292 61
292 189
293 1
293 5
293 8
293 160
294 6
294 17
294 71
295 0
295 1
295 2
296 3
296 5
296 6
297 2
297 5
297 47
298 0
298 2
298 3
298 5
298 6
298 8
298 9
298 12
298 72
298 143
299 1
299 2
299 7
299 131
300 0
300 2
300 3
300 61
300 130
301 1
301 3
301 4
301 6
301 7
301 22
302 7
302 213
303 5
303 8
303 30
303 95
304 1
304 2
304 5
304 7
304 9
305 1
305 2
305 4
305 7
305 8
305 44
306 6
306 8
306 194
307 4
307 5
308 1
308 3
308 4
308 6
308 7
309 1
309 2
309 4
309 5
309 6
309 7
309 8
310 1
310 187
311 5
311 7
311 213
312 0
312 6
312 69
312 104
312 173
313 3
313 5
313 6
313 9
313 162
314 3
314 5
314 6
314 67
314 162
315 3
315 5
315 8
315 20
316 1
316 2
316 3
316 4
316 5
316 8
317 0
317 3
317 4
317 5
317 7
317 15
318 6
318 8
318 83
318 90
319 0
319 1
319 3
319 5
319 16
319 23
320 3
320 69
320 109
320 284
321 0
321 2
321 6
321 30
321 95
321 238
322 1
322 2
322 4
322 5
323 0
323 1
323 3
323 4
323 5
323 6
323 8
323 9
323 12
323 72
323 101
324 3
324 4
324 5
324 6
324 7
324 8
324 56
325 2
325 6
325 9
325 30
325 95
325 238
326 0
326 2
326 3
326 5
326 6
326 9
326 12
326 72
326 143
326 298
327 0
327 1
327 2
327 3
327 5
327 6
327 7
327 61
328 0
328 3
328 5
328 6
329 1
329 2
329 4
329 5
329 7
329 8
329 64
330 1
330 6
330 181
331 1
331 4
331 5
331 6
331 8
331 178
332 0
332 1
332 3
332 4
332 5
332 6
332 8
332 12
332 72
333 5
334 3
334 4
334 5
334 56
335 1
335 2
335 3
335 4
335 7
336 0
336 1
336 2
336 3
336 4
336 5
336 6
336 7
336 210
337 2
337 6
337 130
337 154
337 204
338 0
338 5
338 7
339 30
339 245
340 0
340 4
340 12
341 3
341 4
342 115
343 0
343 3
343 5
343 6
343 67
343 229
344 7
344 8
344 44
345 3
345 6
345 7
346 3
346 5
346 9
346 219
347 2
347 3
347 5
347 6
347 8
347 9
347 72
347 143
347 298
348 0
348 3
348 5
349 2
349 4
349 5
350 0
350 2
350 6
350 95
350 238
350 321
351 0
351 3
351 6
351 9
351 72
351 143
351 326
352 0
352 3
352 5
352 7
352 15
352 25
353 6
353 9
353 30
353 66
353 193
354 5
354 8
354 9
354 198
354 199
355 0
355 1
355 2
355 6
355 9
355 30
356 4
356 5
356 7
356 8
356 9
356 53
357 1
357 9
357 30
358 2
358 3
358 5
358 256
359 0
359 1
359 2
359 3
359 4
359 13
359 46
360 1
360 3
360 6
360 7
360 17
360 215
361 4
361 6
361 308
362 0
362 1
362 2
362 13
362 46
362 262
363 6
363 8
364 1
364 2
364 4
364 5
364 7
364 8
364 260
365 0
365 1
365 3
365 6
365 80
366 3
366 6
366 7
366 17
367 2
367 6
367 8
367 170
368 3
368 66
369 0
369 1
369 4
369 171
370 1
370 4
370 5
370 8
370 9
370 72
371 1
371 2
371 7
371 9
371 260
372 1
372 2
373 4
373 56
373 167
374 1
374 4
374 5
374 322
375 3
376 2
376 4
376 5
376 7
377 4
377 5
377 56
377 334
378 1
378 2
378 5
378 7
379 0
379 1
379 2
379 3
379 4
379 5
379 8
380 1
380 3
380 4
380 5
380 6
380 8
380 332
381 1
381 3
381 4
381 5
381 6
381 7
381 210
382 5
382 6
382 7
382 41
383 4
383 9
383 143
383 216
384 6
384 7
384 41
385 0
385 4
385 5
385 6
385 8
385 9
385 183
386 1
386 5
387 8
387 363
388 1
388 6
388 30
389 5
389 9
389 53
389 223
390 1
390 3
390 5
390 7
390 153
391 0
391 5
391 348
392 1
392 2
392 4
393 1
393 2
393 7
394 1
394 4
394 15
394 60
395 3
395 7
395 41
396 1
396 3
396 6
396 17
396 215
397 0
397 3
397 5
397 6
397 8
397 9
397 12
397 72
397 143
398 0
398 1
398 4
398 6
399 9
399 30
399 66
399 208
400 5
400 6
400 8
400 83
401 1
401 6
401 215
401 396
402 5
402 333
403 0
403 3
403 5
403 9
403 162
404 5
404 9
404 53
405 0
405 1
405 3
405 5
405 7
405 8
405 65
406 2
406 9
406 30
406 95
406 238
407 0
407 3
407 4
407 15
408 2
408 3
408 7
408 61
409 1
409 2
409 3
409 4
409 5
409 6
410 4
410 5
411 4
411 8
411 178
411 331
412 30
412 245
413 1
413 8
413 35
413 195
414 2
414 5
414 8
414 9
414 30
414 66
415 1
415 3
415 6
415 17
415 215
415 396
416 5
416 6
416 33
416 42
417 0
417 1
417 6
417 80
418 17
418 172
419 7
419 8
419 79
420 0
420 1
420 3
420 5
420 6
420 7
421 2
421 3
421 130
422 0
422 1
422 3
422 4
422 60
422 230
423 1
423 3
423 41
423 54
423 155
424 5
424 6
424 8
424 9
424 143
425 0
425 1
425 2
425 3
425 5
425 6
425 224
426 1
426 30
426 34
426 51
426 249
427 1
427 8
427 35
427 195
427 413
428 7
428 213
429 2
429 130
429 154
429 204
430 2
430 30
430 95
430 406
431 6
431 239
432 2
432 4
432 5
432 6
432 8
432 81
433 2
433 9
433 30
433 95
433 238
434 1
434 5
434 6
434 7
434 8
434 83
435 0
435 1
435 2
435 92
436 1
436 3
436 220
437 1
437 2
437 13
437 46
437 262
437 362
438 0
438 6
438 69
438 104
438 173
438 312
439 1
439 3
439 4
440 0
440 1
440 3
440 9
440 69
440 263
441 1
441 2
441 5
441 19
442 6
442 215
442 396
443 1
443 29
443 35
443 37
444 5
444 6
444 33
444 42
444 75
445 0
445 1
445 3
445 7
445 17
446 0
446 3
446 5
446 6
446 9
446 91
447 8
447 9
447 198
447 199
447 354
448 9
448 69
448 263
449 5
449 100
449 213
450 4
450 56
450 373
451 4
451 167
451 373
452 5
453 3
453 9
453 162
453 229
454 0
454 1
454 13
454 262
455 6
455 215
456 2
456 5
456 6
456 9
456 12
457 133
458 0
458 1
458 9
458 69
459 0
459 1
459 8
459 29
460 0
460 1
460 3
460 4
460 5
460 6
460 8
460 9
460 12
460 72
460 143
461 0
461 1
461 4
461 7
461 270
462 2
462 5
462 6
462 7
462 10
462 88
463 0
463 3
463 4
463 7
463 291
464 0
464 1
464 4
464 6
464 8
464 12
464 72
464 332
465 342
466 4
466 5
466 7
466 8
466 44
467 4
467 5
467 7
467 8
467 44
467 62
468 3
468 5
468 8
468 48
469 1
469 2
469 5
469 7
470 1
470 6
470 8
470 156
471 2
471 9
471 53
471 223
472 0
472 2
472 5
472 6
472 7
472 61
472 130
473 3
473 5
473 23
473 27
473 211
474 5
474 6
475 1
475 4
475 5
475 7
475 8
475 9
475 53
476 9
476 216
476 383
477 6
478 2
478 9
478 66
478 193
479 5
479 223
480 0
480 2
480 3
480 4
480 217
481 0
481 1
481 13
481 274
482 1
482 2
482 5
482 7
482 260
482 364
483 0
483 10
484 0
484 1
484 2
484 3
484 5
485 0
485 1
485 8
485 29
486 2
486 4
486 9
486 223
487 2
487 5
487 8
487 131
488 5
488 189
489 9
489 30
489 95
489 238
490 0
490 3
490 6
490 9
490 69
491 0
491 4
491 5
492 9
492 183
492 385
493 0
494 0
494 4
494 8
494 198
495 5
495 8
495 44
495 86
496 2
497 5
497 100
498 0
498 1
498 2
498 3
498 4
498 5
498 6
498 13
499 5
499 8
499 29
500 0
500 1
500 8
500 29
500 35
501 1
501 7
501 299
502 2
502 3
502 5
503 0
503 3
503 5
503 7
503 10
503 88
504 8
504 9
504 199
504 354
505 1
505 4
505 5
505 8
505 44
505 62
506 1
506 2
506 4
506 5
506 7
506 8
506 40
507 0
507 3
507 9
507 69
507 263
507 440
508 0
508 95
508 238
508 321
508 350
509 6
509 7
510 1
510 8
510 29
510 35
510 37
510 195
511 2
511 6
511 154
511 204
511 337
512 6
512 148
513 6
513 33
513 42
513 75
514 0
514 1
514 2
514 3
514 4
514 5
514 6
514 7
514 210
515 0
515 2
515 3
515 5
515 6
515 210
515 336
516 0
516 3
516 5
516 6
516 67
516 229
517 6
517 9
517 66
517 353
518 3
518 17
518 366
519 401
520 0
520 1
520 3
520 4
520 5
520 13
521 7
521 9
521 112
522 0
522 1
522 3
522 5
522 6
522 8
522 9
522 12
522 460
523 0
523 4
523 6
523 398
524 0
524 3
524 5
524 7
524 8
524 16
525 2
525 7
525 64
526 0
526 8
526 16
526 29
527 66
527 368
528 245
528 412
529 29
529 35
529 37
530 0
530 3
530 6
530 7
530 17
531 0
531 3
531 4
531 7
531 15
531 317
532 2
532 30
532 135
533 5
533 8
533 315
534 1
534 5
535 1
535 3
535 4
535 6
535 14
535 22
536 6
536 9
536 96
537 6
537 8
538 0
538 1
538 2
538 3
538 4
538 5
538 6
538 13
539 6
539 8
539 9
539 143
540 1
540 8
540 29
540 78
541 1
541 4
541 8
541 44
541 62
542 3
542 4
542 9
542 219
543 6
543 17
543 215
543 396
544 4
544 5
544 8
544 44
544 62
544 467
545 1
545 2
545 3
545 5
545 7
545 40
545 141
546 0
546 1
546 2
546 6
546 224
547 1
547 4
547 5
547 6
547 210
548 2
548 5
548 6
548 68
549 7
549 112
550 1
550 3
550 4
550 5
550 7
550 15
551 0
551 1
551 2
551 3
551 5
551 6
551 224
551 425
552 1
552 8
552 16
553 3
553 5
553 7
553 15
553 25
554 1
554 2
554 3
555 2
555 5
555 6
555 12
555 456
556 0
556 1
556 2
556 92
556 435
557 0
557 6
557 66
558 3
558 4
558 49
558 257
559 6
559 7
559 17
560 80
560 417
561 0
561 3
561 4
561 6
562 8
562 44
562 62
562 505
563 0
563 2
563 5
563 8
563 9
563 12
564 6
564 9
564 66
564 517
565 1
565 2
565 19
566 3
566 5
566 7
566 58
567 1
567 3
567 4
567 6
568 5
568 307
569 0
569 37
570 0
570 274
570 481
571 0
571 6
572 0
572 4
572 5
572 7
572 8
572 9
572 79
573 0
573 1
573 3
573 5
573 291
574 0
574 2
574 9
574 66
574 193
575 0
575 1
575 5
575 242
576 1
576 3
576 5
576 286
577 5
578 5
578 6
578 68
579 5
579 44
579 62
579 467
579 544
580 1
580 8
581 6
581 68
582 167
582 373
582 451
583 2
583 5
583 6
583 20
583 48
583 103
584 5
584 8
584 66
584 414
585 3
585 5
585 7
586 3
586 24
587 2
587 6
587 8
587 129
588 2
588 4
588 5
588 7
588 8
588 64
589 0
589 1
589 4
589 5
589 9
589 12
589 72
590 7
591 5
591 534
592 2
592 3
592 5
593 0
593 3
593 5
593 6
593 8
593 9
593 12
593 72
593 397
594 1
594 2
594 4
595 9
595 66
596 5
596 9
596 219
596 346
597 3
597 6
597 17
597 71
597 255
598 3
598 5
598 6
598 146
599 2
599 6
599 8
599 170
599 185
601 0
601 1
601 2
601 3
601 8
601 9
601 30
602 2
602 6
602 8
602 66
603 0
603 1
603 4
603 5
603 9
603 12
603 72
603 589
604 0
604 1
604 3
604 5
604 6
604 7
604 10
605 0
605 2
605 3
605 6
605 8
605 9
605 30
605 66
606 2
606 6
606 154
606 204
607 1
607 4
607 6
607 7
607 210
608 0
608 1
608 3
608 4
608 5
608 8
608 72
608 101
609 0
609 1
609 2
609 4
609 5
609 8
609 9
609 53
610 1
610 2
610 3
610 6
610 8
611 0
611 3
611 5
611 6
611 210
611 336
611 515
612 0
612 3
612 17
612 43
613 2
613 30
613 95
613 238
613 406
614 3
614 5
614 9
615 2
615 5
615 7
615 376
616 1
616 3
616 5
616 84
617 1
617 3
617 41
617 54
617 155
618 1
618 2
618 5
618 136
619 0
619 5
619 7
619 53
619 237
620 2
620 30
620 95
620 238
620 613
621 0
621 1
621 3
621 4
621 5
621 7
622 2
622 5
622 61
622 130
622 472
623 2
623 5
623 8
623 9
623 72
623 298
624 0
624 1
624 2
624 3
624 5
624 6
624 7
624 10
625 3
625 6
625 67
625 314
626 0
626 6
626 162
627 5
627 7
627 237
627 289
628 0
628 5
628 7
628 144
629 4
629 5
629 6
629 7
629 56
629 324
630 2
630 3
630 6
630 9
630 72
630 143
630 298
630 347
631 3
631 4
631 5
631 7
631 15
632 8
632 206
633 3
633 17
633 43
633 71
634 0
634 1
634 2
634 3
634 5
634 6
634 7
635 147
636 2
636 9
636 486
637 1
637 5
637 16
637 23
638 3
638 6
638 9
638 30
638 280
639 0
639 5
639 6
639 180
640 7
640 8
640 524
641 0
641 2
641 3
641 4
641 6
641 267
642 1
642 2
642 435
643 0
643 1
643 3
643 4
643 5
643 6
643 8
643 9
643 12
643 72
643 143
644 0
644 5
644 164
645 144
645 628
646 0
646 1
646 2
646 3
646 4
646 5
646 8
646 9
646 12
646 72
646 143
647 1
647 2
647 4
647 322
648 0
648 1
648 3
648 5
648 319
649 0
649 5
650 8
650 16
650 29
650 35
650 102
651 0
651 1
651 4
651 8
651 9
651 12
651 174
652 1
652 6
652 30
652 51
652 151
653 1
653 3
653 5
653 7
653 8
653 11
654 0
654 3
654 4
654 5
654 7
654 621
655 3
655 5
655 6
655 9
655 162
655 313
656 3
656 341
657 5
658 2
658 5
658 7
658 10
659 3
659 6
659 9
659 30
659 638
660 0
660 238
660 321
660 350
660 508
661 0
661 1
661 4
661 5
661 6
661 7
661 336
662 3
662 5
662 314
663 0
663 2
663 6
663 154
664 1
664 4
664 6
664 8
664 56
665 0
665 5
665 7
665 53
665 237
665 619
666 0
666 1
666 2
666 4
666 5
666 379
667 0
667 3
667 5
667 6
667 8
667 9
667 12
667 72
667 143
668 1
668 4
668 6
668 8
668 56
669 2
669 4
669 7
669 588
670 0
670 1
670 2
670 3
671 3
671 15
671 25
671 553
672 5
672 6
672 42
672 75
673 1
673 2
673 3
673 4
673 5
673 7
673 40
673 141
674 2
674 3
674 4
674 7
674 141
675 5
675 6
675 8
675 136
676 3
676 6
676 9
676 30
676 638
677 2
677 5
677 7
678 2
678 4
678 7
678 8
678 64
678 329
679 1
679 34
679 51
679 151
679 249
680 3
680 25
680 352
681 1
681 3
681 5
681 6
681 7
682 8
682 16
682 29
682 35
682 179
683 1
683 7
684 1
684 4
684 8
684 56
684 156
685 333
685 402
686 35
686 195
686 413
687 0
687 2
687 13
687 262
687 362
688 1
688 2
688 3
688 4
688 5
688 8
689 0
689 1
689 2
689 3
689 6
689 224
689 551
690 2
690 154
690 429
691 2
691 5
691 6
691 12
692 1
692 2
692 4
692 5
692 8
692 9
692 260
693 0
693 1
693 3
693 5
693 6
693 61
693 327
694 2
694 3
694 4
694 7
695 9
695 143
695 216
696 0
696 4
696 5
696 6
696 183
696 385
697 0
697 1
697 2
697 3
697 5
697 7
697 10
698 2
698 6
698 30
698 238
699 3
699 5
699 7
699 8
699 16
700 1
700 4
700 6
700 56
701 8
702 8
702 35
702 179
702 682
703 1
703 3
703 27
704 6
704 83
704 285
705 0
705 3
705 4
705 7
705 15
705 169
706 1
706 4
706 5
706 8
706 9
706 219
707 3
707 4
707 8
708 0
708 3
708 5
708 6
708 9
708 12
708 72
709 0
709 3
709 17
709 612
710 1
710 3
710 7
710 8
710 11
710 653
711 6
711 704
712 0
712 5
712 8
712 29
713 2
713 6
713 204
714 2
714 5
714 8
714 20
715 0
715 1
715 3
715 5
715 9
715 32
716 1
716 2
716 4
716 47
717 0
717 1
717 9
717 458
718 6
718 9
718 96
719 0
719 6
719 162
719 626
720 0
720 4
720 5
720 7
720 8
721 1
721 2
721 3
721 4
721 5
721 6
721 7
721 9
722 0
722 1
722 2
722 3
722 4
722 5
722 9
722 12
722 72
722 143
723 9
723 389
724 1
724 3
724 4
724 7
724 15
724 169
725 0
725 3
725 5
725 6
725 9
725 67
725 162
725 229
726 1
726 3
726 4
726 8
726 12
726 72
726 143
727 0
727 2
727 4
727 5
727 8
727 40
727 141
727 166
728 1
728 4
728 7
728 8
728 62
729 0
729 5
729 9
729 198
729 199
730 0
730 2
730 4
730 8
730 9
730 12
730 72
731 1
731 2
731 3
731 7
731 40
731 63
732 1
732 5
732 6
732 7
732 22
733 1
734 0
734 7
735 3
735 6
735 9
735 30
735 638
735 676
736 1
736 5
736 6
736 9
736 30
736 34
737 1
737 3
737 4
737 6
737 7
737 14
738 1
738 4
738 5
738 8
738 706
739 0
739 3
739 4
739 15
740 3
740 5
740 6
740 162
740 313
741 1
741 5
741 7
741 732
742 0
742 3
742 5
743 1
743 3
743 5
743 6
743 7
743 10
744 6
744 215
744 396
744 543
745 1
745 4
745 5
745 8
745 12
745 72
745 101
745 323
746 0
746 398
747 0
747 6
747 69
747 173
747 312
748 3
748 6
748 7
748 17
748 366
749 0
749 5
749 32
750 0
750 1
750 3
750 32
750 184
751 0
751 3
751 4
751 5
751 7
751 621
751 654
752 0
752 3
752 4
752 5
752 9
752 12
752 72
752 143
753 5
753 160
754 0
754 2
754 3
754 4
754 175
755 3
755 4
755 11
756 0
756 3
756 5
756 6
756 9
756 91
756 446
757 1
757 2
758 3
758 5
758 7
758 153
758 390
759 29
759 35
759 37
760 1
760 3
760 5
760 6
760 7
760 681
762 1
762 3
762 7
762 222
763 0
763 3
763 5
763 6
763 7
763 61
764 0
764 1
764 3
764 5
764 61
765 2
765 4
765 5
765 8
765 81
767 0
767 1
767 3
767 4
767 8
768 0
768 1
768 4
768 9
768 12
768 72
768 174
769 2
769 6
769 8
770 0
770 3
770 5
770 8
770 16
770 524
771 0
771 1
771 4
771 6
771 12
771 72
771 332
772 1
772 3
772 4
772 8
772 72
772 726
773 2
773 5
773 6
773 68
773 548
774 2
774 6
774 48
774 103
775 0
775 1
775 171
775 369
776 2
776 30
776 95
776 406
777 3
777 7
778 0
778 3
778 5
778 15
778 25
779 0
779 3
779 6
780 0
780 5
780 6
780 7
781 3
781 5
781 7
781 8
781 699
782 1
782 2
782 4
782 666
783 5
783 8
783 293
784 0
784 1
784 3
784 5
784 7
784 15
785 5
785 6
785 83
785 90
786 2
786 3
786 4
786 11
786 45
787 0
787 3
787 8
787 9
787 12
787 460
787 522
788 3
788 5
788 58
789 0
789 3
789 4
789 407
790 6
790 8
790 66
791 1
791 2
791 3
791 5
791 7
791 40
791 141
791 545
792 3
792 4
792 558
793 3
793 707
794 5
794 6
794 8
794 170
795 195
796 0
796 1
796 32
796 184
796 750
797 0
797 109
798 1
798 215
798 220
798 241
799 9
799 66
799 517
800 0
800 3
800 6
800 8
800 30
800 66
801 0
801 1
801 2
801 5
801 6
801 7
802 5
802 7
802 376
803 1
803 2
803 4
803 8
803 260
804 1
804 6
804 30
804 34
805 3
805 6
805 9
805 30
805 638
805 676
806 15
807 3
807 6
807 17
808 0
808 5
808 6
808 8
808 9
808 30
808 95
809 3
809 6
809 30
809 638
810 0
810 1
810 8
810 16
810 29
811 0
811 1
811 4
811 8
811 12
811 72
811 332
811 464
812 5
812 7
812 44
812 86
813 0
813 4
814 3
814 7
814 8
815 3
815 56
815 159
816 0
816 4
816 6
816 7
817 0
817 1
817 4
818 2
818 3
818 4
818 5
818 6
819 4
819 56
819 159
820 8
820 48
820 170
820 268
821 68
821 581
822 2
822 5
822 136
822 618
823 2
823 30
823 135
823 532
824 1
824 3
824 5
824 16
825 1
825 30
825 34
825 51
825 151
826 0
826 1
826 3
826 4
826 7
826 60
827 1
827 2
827 5
828 0
828 2
828 3
828 4
828 641
829 266
830 0
830 3
830 4
830 5
830 6
830 13
831 6
831 9
831 12
832 1
832 4
832 6
832 7
832 22
833 1
833 4
833 8
833 156
833 684
834 2
834 6
834 8
834 170
835 0
835 1
835 3
835 7
835 17
836 4
836 167
836 451
837 6
837 9
837 95
837 808
838 5
838 6
838 9
839 1
839 2
839 4
839 392
840 6
840 30
840 51
841 0
841 6
841 69
841 104
841 173
841 312
841 438
842 1
842 8
842 29
842 35
842 500
843 0
843 3
843 4
843 5
843 8
843 9
843 72
844 1
844 2
845 1
845 2
845 7
845 8
845 305
846 0
846 3
846 4
846 15
846 317
847 2
847 3
847 5
847 6
847 8
847 9
847 12
847 72
847 143
847 298
848 0
848 9
848 66
848 193
848 574
849 2
849 4
849 5
849 7
849 8
849 9
849 53
850 1
850 3
850 5
850 8
850 219
851 3
851 7
851 40
852 0
852 1
852 17
852 132
853 2
853 5
853 6
853 7
853 81
854 1
854 2
854 3
854 5
854 7
854 141
854 545
855 0
855 1
855 2
855 3
855 5
856 1
856 8
856 72
856 726
856 772
857 5
857 271
858 1
858 2
858 844
859 2
859 3
859 6
859 7
859 10
859 88
860 1
860 3
860 4
860 5
860 7
860 85
861 162
862 1
862 2
862 4
862 5
862 8
862 9
862 692
863 0
863 2
863 5
863 6
863 7
864 8
864 66
864 129
865 1
865 7
865 131
866 3
866 6
866 8
867 3
867 6
867 9
867 30
868 4
868 5
868 8
868 64
868 588
869 4
869 6
869 267
870 6
870 8
871 1
871 3
872 1
872 3
872 4
872 7
872 826
873 1
873 2
873 7
873 40
873 141
874 0
874 3
874 5
874 7
875 1
875 2
876 5
876 32
877 3
877 162
877 313
877 655
878 3
878 4
878 8
878 12
878 143
879 3
879 5
879 153
879 390
880 0
880 1
880 4
880 8
880 9
880 12
880 174
881 0
881 6
881 210
881 336
881 515
882 0
882 1
882 3
882 6
882 61
882 327
882 693
883 0
883 2
883 3
883 4
883 5
883 8
884 5
884 879
885 1
885 4
885 8
885 156
885 684
886 3
886 6
886 779
887 8
887 16
887 29
888 29
888 35
888 37
889 1
889 6
889 17
889 415
890 3
890 6
890 162
890 313
890 655
891 0
891 9
891 193
891 574
892 0
892 1
892 2
892 3
892 4
892 5
892 6
892 7
892 13
893 0
893 1
893 3
893 5
894 704
895 0
895 1
895 4
895 5
895 9
895 53
896 0
896 4
896 5
896 379
896 666
897 0
898 2
898 4
898 5
898 9
898 53
898 223
899 2
899 5
899 6
899 48
899 170
900 436
901 0
901 162
901 626
901 719
902 3
902 352
902 680
903 2
903 3
903 7
903 141
904 1
904 6
905 0
905 2
905 3
905 4
905 5
905 498
906 412
907 0
907 5
907 91
907 446
908 2
908 6
908 30
908 95
908 321
909 3
909 5
909 27
909 211
909 473
910 1
910 6
910 30
910 51
910 652
911 1
912 1
912 3
912 5
912 6
912 8
912 332
912 380
913 0
913 2
913 3
913 4
913 5
913 40
913 141
914 2
914 58
915 1
915 2
915 5
915 7
915 178
916 66
916 148
916 250
917 1
917 3
917 4
917 7
917 14
918 2
918 8
918 20
918 714
919 3
919 4
919 257
919 558
920 0
920 3
920 6
920 9
920 201
920 243
921 29
921 35
921 37
922 0
922 734
923 3
923 17
923 215
924 0
924 1
924 2
924 3
924 6
924 224
924 551
924 689
925 1
925 4
925 8
925 309
926 5
926 7
926 289
927 1
927 3
927 222
928 1
928 3
928 6
928 7
928 41
929 2
929 5
929 6
929 20
929 48
929 103
929 583
930 9
930 66
930 517
931 1
931 2
931 3
931 5
931 6
932 3
932 5
932 6
932 7
932 100
933 1
933 30
933 51
934 1
934 5
934 7
934 336
934 661
935 0
935 3
935 9
935 715
936 6
936 33
936 42
936 416
937 3
937 30
937 66
937 188
938 0
938 3
938 6
938 8
938 9
938 30
938 66
938 280
939 3
939 61
939 154
939 288
940 17
940 71
940 255
941 0
941 3
941 6
942 1
942 4
942 8
942 72
942 143
942 726
943 0
943 1
943 2
943 3
943 670
944 4
944 5
944 6
944 8
944 178
945 0
945 15
945 25
946 3
946 222
946 927
947 0
947 1
947 3
947 9
947 30
947 601
948 5
948 9
948 53
948 223
949 0
949 5
949 649
950 8
951 3
951 5
951 7
951 585
952 8
952 632
953 4
953 782
954 2
954 4
954 5
954 8
954 53
955 1
955 2
955 3
955 5
955 931
956 1
956 3
956 84
956 616
957 3
957 7
957 215
957 220
958 0
958 3
958 9
958 69
958 263
958 440
959 0
959 3
959 4
959 7
959 291
959 463
960 4
960 5
960 8
961 1
961 4
961 5
961 8
961 219
961 706
962 2
962 6
962 68
962 548
963 0
963 3
963 4
963 407
964 8
964 86
964 495
965 167
965 451
966 2
966 4
966 7
966 8
966 64
966 329
966 678
967 1
967 2
967 3
967 5
967 7
967 40
967 545
968 1
968 8
968 35
968 195
969 3
969 7
969 11
969 653
970 0
970 5
970 7
970 720
971 2
971 5
971 256
972 7
972 144
972 152
973 1
973 2
973 3
973 4
973 5
973 6
974 2
974 5
974 7
974 376
974 615
975 6
975 69
975 173
975 312
976 0
976 2
976 5
976 6
976 8
976 9
976 30
976 95
977 3
977 6
977 7
977 41
977 928
978 0
978 1
978 3
978 4
978 60
978 422
979 7
979 17
979 172
980 0
980 4
980 8
980 12
980 38
981 1
981 4
981 8
981 767
982 3
982 7
982 653
983 0
983 4
983 9
983 12
983 72
983 768
984 9
984 12
985 6
985 8
985 170
986 0
986 4
986 5
986 8
986 72
986 101
986 608
987 3
987 5
987 7
987 390
988 2
988 5
988 47
989 3
989 5
989 6
989 67
989 229
989 343
990 1
990 164
991 0
991 4
991 5
991 8
991 72
992 4
992 5
992 410
993 3
993 5
993 7
993 8
993 56
994 1
994 5
994 7
994 9
994 304
995 0
995 6
995 8
995 30
995 66
996 3
996 5
996 7
996 390
997 5
997 86
998 1
998 2
998 3
998 4
998 40
999 5
999 6
999 8
999 83
999 163
