1 0
2 0
2 1
3 0
3 1
3 2
4 0
4 1
4 2
4 3
5 0
5 1
5 2
5 3
5 4
6 0
6 1
6 2
6 3
6 4
6 5
7 0
7 1
7 2
7 3
7 4
7 5
7 6
8 0
8 1
8 2
8 3
8 4
8 5
8 6
8 7
9 0
9 1
9 2
9 3
9 4
9 5
9 6
9 7
9 8
10 3
10 6
11 0
11 2
11 5
11 6
12 0
12 1
13 0
13 1
13 2
13 3
13 4
13 7
14 0
14 4
15 10
17 0
17 2
17 4
17 5
18 0
18 2
19 2
19 5
20 4
20 7
21 1
21 2
21 4
21 6
21 7
21 8
22 1
22 5
22 6
22 8
23 2
24 2
24 3
25 1
25 2
25 4
26 5
27 3
27 5
28 4
29 0
29 1
29 3
29 4
30 2
30 5
31 8
31 22
32 0
32 1
32 7
32 8
35 1
35 2
35 25
36 3
36 9
37 0
37 7
38 3
38 5
39 8
40 1
41 1
41 3
42 0
42 1
42 8
43 5
44 1
44 6
44 8
45 1
46 1
46 2
46 25
47 0
47 7
48 2
48 7
50 3
50 5
51 0
51 3
52 1
52 2
52 7
54 6
55 2
56 1
56 3
56 5
57 2
57 25
58 1
58 3
58 7
59 0
59 2
59 4
59 5
59 6
60 0
60 1
60 2
60 7
61 2
61 3
61 4
61 5
62 1
62 7
63 0
63 1
64 1
64 2
64 4
64 5
65 1
65 6
66 2
66 3
67 5
67 7
67 8
68 0
68 1
68 3
68 4
68 7
69 2
69 4
69 5
69 8
70 4
70 5
70 6
71 0
72 3
72 27
73 0
73 3
73 6
73 7
73 8
74 4
74 7
74 68
76 1
77 0
77 1
77 2
77 4
77 6
78 1
78 3
79 1
80 0
80 1
80 2
81 7
83 67
84 1
85 2
85 4
86 1
86 2
86 4
87 7
88 18
89 8
92 0
93 0
93 1
94 2
95 7
95 8
96 5
98 5
98 6
99 3
99 7
100 0
100 1
100 7
101 2
102 0
105 0
105 1
105 5
105 6
106 3
106 9
107 2
107 3
107 4
107 5
108 5
109 6
109 54
110 0
110 1
111 1
112 1
113 3
113 4
115 25
116 3
117 0
117 3
117 4
117 6
117 7
118 1
118 2
118 46
119 3
119 5
120 3
120 5
123 3
123 7
124 2
124 85
125 3
125 9
128 2
128 4
128 5
131 7
132 3
132 9
133 1
133 2
133 5
134 1
134 2
135 1
135 5
138 1
138 7
139 2
140 2
141 6
141 65
142 4
142 6
143 0
143 1
143 2
143 4
143 6
144 0
144 2
145 0
146 2
147 2
147 3
148 5
150 2
151 25
152 5
153 0
153 6
154 1
157 1
157 3
157 4
158 46
159 3
159 6
160 0
160 2
160 5
160 6
161 1
161 2
161 7
161 60
162 1
162 25
163 0
163 6
164 7
164 68
165 0
165 1
166 0
166 2
166 4
168 2
168 25
170 3
171 0
171 5
171 6
172 2
172 3
172 5
173 2
176 2
176 60
177 1
178 1
180 7
182 5
183 3
185 6
185 8
186 3
186 66
187 2
188 3
189 2
189 6
191 5
193 1
193 2
193 4
195 1
197 6
197 8
198 6
199 1
200 0
200 6
201 4
201 7
202 7
203 7
203 164
204 4
205 1
206 7
207 0
207 1
208 1
208 2
208 4
208 6
209 1
210 2
212 2
213 2
213 4
215 4
215 7
216 1
216 5
217 4
218 4
219 3
219 4
220 4
221 3
222 1
222 2
222 3
223 4
225 0
227 3
227 6
228 4
228 68
229 3
230 0
230 2
230 5
230 17
231 2
232 1
232 2
232 7
233 65
239 3
239 9
241 8
242 100
244 2
245 0
245 3
245 6
246 1
248 4
248 223
250 6
251 0
251 5
252 5
252 43
253 1
253 3
254 1
255 8
256 4
256 6
256 8
257 3
257 4
258 7
259 1
260 6
260 77
261 88
263 0
264 5
266 0
266 2
266 4
267 0
267 3
267 5
269 0
269 3
269 4
270 0
270 2
271 0
273 0
273 1
273 4
273 6
275 1
275 4
276 6
276 77
278 1
279 3
279 4
279 6
279 117
280 3
283 7
285 4
286 0
286 1
286 4
286 77
287 1
287 2
287 4
289 0
289 6
290 4
290 5
290 8
290 69
291 1
291 2
291 46
292 0
292 2
292 4
292 266
293 2
293 60
295 0
295 2
295 230
296 1
296 7
298 4
298 117
299 1
300 0
301 3
301 9
302 7
302 68
304 0
304 2
304 5
305 60
306 256
307 3
309 4
309 7
310 0
311 51
312 1
314 4
315 1
315 4
315 5
316 0
316 6
317 0
317 3
320 0
320 1
323 139
325 1
326 25
327 164
328 4
328 7
328 68
329 6
330 5
330 6
331 2
332 6
332 8
333 2
333 266
334 3
335 1
336 0
336 2
337 1
339 2
339 3
340 7
340 68
341 6
341 54
343 1
343 8
344 2
346 1
346 5
347 3
348 1
350 3
350 5
351 5
351 69
352 1
352 3
352 4
352 5
352 7
352 8
353 0
353 2
353 60
355 3
356 0
356 4
356 6
357 25
357 151
359 0
359 1
359 6
360 1
360 2
360 4
361 2
361 60
362 0
362 3
365 2
368 0
369 1
369 207
371 3
372 0
374 1
376 1
376 4
378 8
378 69
379 5
381 3
381 6
382 3
382 4
382 7
383 0
383 2
383 4
383 266
384 6
386 1
386 5
386 8
388 4
388 6
388 8
388 256
389 5
389 8
392 2
394 7
396 6
396 117
397 2
397 3
399 0
399 1
399 2
400 0
400 144
401 2
401 4
402 6
404 1
404 111
405 2
405 3
407 2
407 4
408 2
410 4
410 5
411 6
411 117
412 3
413 7
413 8
414 0
414 2
414 336
416 0
419 8
419 256
420 2
422 0
422 5
423 5
423 8
424 0
424 8
429 4
431 6
431 256
432 117
433 3
433 8
435 131
436 0
437 1
438 8
438 69
438 378
439 4
439 6
440 0
440 4
440 7
441 0
441 1
442 2
443 5
443 8
443 290
444 8
445 3
446 5
449 1
449 3
450 0
450 1
450 4
451 0
451 4
453 2
454 3
458 2
458 392
459 0
459 266
460 6
460 7
461 0
463 4
463 28
464 1
465 0
466 69
468 1
468 3
468 7
469 4
470 2
470 4
470 5
472 3
472 5
474 0
474 2
474 266
475 5
476 8
476 22
478 2
478 85
478 124
479 4
480 2
480 124
481 1
481 7
481 138
482 0
483 1
483 3
484 42
487 8
489 4
489 6
489 256
491 1
491 6
492 2
493 440
494 6
495 2
496 2
496 4
497 1
498 0
498 3
498 4
498 5
498 6
499 5
499 30
500 4
501 266
502 6
503 8
504 2
505 2
505 230
507 2
510 0
511 7
512 46
513 0
514 88
514 261
515 1
517 0
517 1
517 3
517 4
517 6
518 0
519 1
519 25
521 459
523 6
523 54
524 290
525 2
526 0
526 267
527 0
527 3
527 4
530 2
534 6
536 3
536 4
538 4
538 6
540 60
542 7
543 5
543 6
544 4
545 25
547 230
548 1
550 4
550 7
552 2
555 7
555 74
556 1
557 72
559 3
559 7
560 1
562 1
563 151
564 5
564 6
564 22
565 7
566 0
567 307
569 1
569 3
569 4
569 7
570 4
572 4
572 5
573 0
573 2
574 4
574 5
574 6
576 3
577 0
577 3
577 4
577 7
578 2
578 4
579 0
579 4
580 3
580 7
581 8
584 8
586 4
586 7
587 0
587 2
588 0
589 2
590 4
590 286
591 60
592 2
592 3
592 5
594 0
594 60
596 0
596 266
597 4
599 0
599 1
599 5
599 6
600 6
602 1
604 2
604 4
605 0
606 1
606 2
606 25
607 1
608 2
610 3
611 2
611 4
611 5
611 6
611 8
611 9
612 1
612 4
612 7
613 4
613 68
614 4
614 5
614 69
616 475
617 1
617 2
621 0
621 7
624 1
625 0
625 1
626 1
627 2
628 0
628 6
629 1
629 3
629 4
629 7
632 6
632 65
633 0
633 2
633 4
633 5
633 6
633 7
634 470
635 1
635 5
637 5
638 4
638 7
639 7
640 1
640 4
640 5
640 6
640 7
642 4
643 3
643 9
645 416
646 1
647 142
648 0
648 1
648 3
648 4
648 7
649 69
650 4
650 68
651 0
651 3
651 4
652 0
653 105
654 4
654 7
654 648
655 2
655 4
659 4
661 4
664 68
667 5
667 8
668 3
670 0
670 4
672 3
675 1
676 0
681 4
682 0
682 1
682 4
682 5
683 2
684 7
684 565
685 5
685 8
685 9
686 0
686 2
686 336
686 414
687 185
689 0
690 7
691 2
693 1
693 2
695 10
697 0
698 134
699 5
701 0
701 7
704 72
705 3
705 651
707 1
707 2
708 0
708 4
708 77
709 0
709 1
709 3
710 134
711 402
713 2
714 3
714 6
714 8
715 6
718 0
719 0
719 3
719 7
720 0
720 3
720 7
720 117
721 0
721 2
721 17
722 1
723 0
723 7
724 8
725 9
726 718
728 1
728 2
728 60
729 4
729 7
729 68
729 74
731 6
732 5
735 0
736 117
737 7
739 60
741 1
741 2
742 5
742 8
743 6
744 0
744 6
745 699
746 1
746 2
746 4
746 5
746 6
746 7
749 2
749 5
750 0
750 117
751 416
752 6
753 2
754 4
755 0
755 4
755 7
756 361
758 612
759 2
759 6
760 3
760 7
761 0
761 1
761 2
761 3
761 5
762 0
762 73
763 0
763 1
763 625
764 22
764 31
765 4
766 0
767 5
768 0
768 7
770 0
770 1
771 8
771 378
771 438
773 5
776 7
777 459
778 0
781 86
782 51
783 1
783 5
783 8
784 1
785 4
787 588
790 1
792 3
792 4
793 0
793 5
793 6
794 1
794 4
795 1
797 4
798 438
800 1
804 0
804 1
804 2
805 65
806 65
807 0
809 7
810 0
810 1
811 3
811 714
812 0
813 216
815 6
816 2
817 2
817 4
817 266
818 0
818 2
818 4
819 587
820 7
821 6
821 611
822 5
827 4
829 9
832 1
832 7
834 1
835 2
836 5
836 8
837 3
838 5
838 8
839 458
840 0
841 2
841 60
842 0
843 69
843 378
843 438
844 8
846 0
846 6
846 7
847 4
847 5
848 8
848 838
849 3
849 78
850 6
853 0
853 1
854 4
855 1
855 5
856 6
856 752
857 4
858 0
858 718
859 17
860 1
861 7
862 2
862 3
863 7
864 0
864 3
864 5
865 5
866 6
866 7
867 2
868 4
868 7
869 7
870 4
870 7
870 68
870 74
871 4
872 0
872 1
872 6
872 7
872 8
873 65
874 7
876 0
876 3
876 7
877 0
877 1
877 6
877 7
878 9
880 8
880 378
881 0
881 1
881 450
882 402
883 25
885 8
887 3
889 0
890 0
891 0
891 1
891 2
891 7
891 60
893 9
894 0
894 7
895 7
896 3
897 2
902 5
902 67
903 5
903 6
903 105
907 7
908 25
910 6
912 9
912 36
913 800
914 5
915 1
917 8
919 2
920 0
920 1
924 4
924 6
928 1
928 4
928 5
929 4
929 5
930 7
932 8
933 5
933 22
935 2
936 6
937 8
937 844
938 3
939 7
940 0
941 2
943 2
943 69
945 0
945 1
946 2
946 6
947 1
947 46
949 1
949 2
949 4
949 7
951 4
951 360
953 0
954 735
960 4
960 7
961 1
961 7
961 138
962 5
962 8
963 1
963 65
965 8
965 9
966 837
968 0
969 69
969 378
970 2
970 3
972 2
974 6
975 0
975 527
976 0
976 2
977 0
977 3
979 965
981 5
981 6
982 402
983 3
983 4
983 5
984 1
984 6
985 9
987 0
987 3
988 25
989 0
989 1
993 2
993 5
994 4
996 1
996 254
998 7
999 7
