1 0
2 0
2 1
3 0
3 1
3 2
4 0
4 1
4 2
4 3
5 0
5 1
5 2
5 3
5 4
6 0
6 1
6 2
6 3
6 4
6 5
7 0
7 1
7 2
7 3
7 4
7 5
7 6
8 0
8 1
8 2
8 3
8 4
8 5
8 6
8 7
9 0
9 1
9 2
9 3
9 4
9 5
9 6
9 7
9 8
10 1
11 5
12 1
12 4
12 8
13 1
13 5
14 2
15 10
16 1
17 0
17 2
17 3
17 6
17 7
17 8
19 0
19 2
19 4
19 8
20 1
20 2
20 5
20 8
21 0
21 1
21 4
21 5
21 6
22 3
23 12
24 2
24 19
25 5
26 5
26 21
27 1
27 3
28 1
29 0
29 5
30 1
31 5
32 0
32 5
33 0
34 3
34 7
35 5
35 21
35 26
36 4
37 5
37 35
38 3
38 22
40 4
41 34
42 0
42 5
42 21
43 0
43 17
44 2
44 5
45 1
45 2
45 3
45 6
46 7
47 21
47 35
49 1
49 30
50 19
51 1
51 30
52 8
52 9
54 0
54 5
55 5
56 4
56 5
58 1
58 5
59 2
59 4
59 6
60 0
60 5
61 34
62 3
62 8
63 4
63 6
63 21
65 42
67 1
69 2
69 3
70 1
70 30
71 2
71 3
72 0
72 1
72 6
73 2
73 5
73 7
73 9
76 22
78 19
78 50
79 3
80 2
80 8
80 19
81 2
81 73
82 7
83 2
84 3
84 22
85 0
86 5
86 31
87 5
87 37
88 52
89 20
90 21
91 1
91 6
92 0
92 2
95 23
96 7
96 82
99 49
101 42
102 2
103 5
104 5
104 44
105 1
105 2
106 3
109 1
110 38
111 2
112 1
112 7
113 21
113 42
114 0
114 4
114 5
115 0
115 2
115 8
116 44
118 3
118 27
119 30
119 70
120 50
123 21
123 35
123 47
124 0
125 35
126 82
128 1
128 2
129 3
129 4
130 1
130 51
131 92
132 3
132 6
133 47
134 0
134 1
134 4
134 7
135 59
136 1
136 4
136 6
137 104
138 7
138 73
139 46
140 1
140 2
140 4
140 5
140 6
142 2
142 4
142 19
143 5
143 11
144 2
145 1
146 2
146 19
147 7
149 19
150 37
151 1
151 6
152 4
153 17
155 8
155 12
156 31
156 86
157 9
158 17
159 0
160 1
161 1
161 2
161 105
163 7
163 34
164 6
165 5
166 32
167 1
167 134
168 1
169 114
170 54
171 1
173 2
174 15
175 3
175 27
177 0
177 2
177 6
178 0
178 1
178 2
178 6
178 7
179 31
182 59
183 8
184 0
185 1
187 4
187 7
188 2
191 50
192 44
194 1
194 51
194 130
197 92
199 2
199 69
201 3
201 129
205 1
205 4
206 1
206 5
206 20
207 51
207 130
208 19
209 8
210 1
211 30
212 1
212 30
213 4
213 7
213 134
214 67
216 1
217 134
218 2
222 2
224 115
226 86
228 6
228 91
229 2
232 146
233 113
234 21
234 90
235 35
235 47
236 0
236 1
238 44
239 31
239 156
242 153
244 27
246 33
247 19
248 11
249 0
249 21
250 5
250 32
251 2
252 6
253 1
253 30
254 7
254 134
254 213
255 3
255 62
256 51
257 21
259 1
261 5
261 13
262 12
262 155
263 8
263 62
264 6
264 45
265 109
266 6
266 72
267 2
268 21
270 37
270 87
271 21
272 6
272 178
273 50
274 5
275 8
276 2
276 59
278 213
281 205
282 12
282 262
283 55
284 3
285 213
287 1
287 4
288 12
288 282
289 5
289 8
290 35
290 47
291 6
292 7
292 178
293 44
295 13
296 9
296 157
297 0
298 1
298 20
299 0
300 4
300 152
301 1
301 13
302 60
304 6
304 272
305 8
306 1
306 2
306 4
306 6
306 7
306 9
307 1
307 128
308 5
308 55
311 6
311 91
312 31
312 156
313 1
314 238
315 2
315 6
316 35
316 47
316 123
318 5
318 13
318 261
319 2
319 6
320 33
320 246
321 30
322 5
322 140
323 1
323 2
323 3
324 287
327 0
327 1
328 1
328 3
328 4
329 31
329 312
331 157
332 49
333 1
334 44
336 324
339 0
339 3
339 6
339 17
341 1
341 171
342 7
342 292
344 1
344 333
345 6
345 272
346 30
347 70
348 0
348 2
349 11
350 96
351 312
352 3
353 334
355 0
355 2
355 348
357 58
358 22
362 6
362 91
362 311
365 1
365 3
366 0
367 329
368 1
369 0
369 3
369 4
369 5
370 5
370 7
371 21
371 35
373 3
374 205
374 281
375 19
376 21
376 249
377 368
378 87
379 213
381 0
381 2
382 31
383 5
385 35
386 6
387 336
389 2
389 229
390 82
391 5
391 32
391 250
393 4
393 6
396 3
396 22
397 199
398 2
398 276
399 4
400 22
402 9
402 52
404 21
406 4
407 92
408 0
408 3
409 236
411 5
411 289
413 4
413 142
414 8
414 52
416 226
417 19
418 0
418 1
418 3
418 7
418 8
419 35
420 51
420 256
421 205
422 31
422 329
423 1
423 20
424 238
424 314
425 293
426 1
426 253
427 1
427 2
427 105
428 42
428 101
429 288
430 134
433 3
435 184
436 1
436 6
437 2
437 59
438 73
438 138
439 4
440 157
440 296
441 263
442 165
444 54
445 110
446 324
447 0
447 3
447 7
447 8
448 17
449 1
449 7
449 8
453 0
453 2
454 2
455 50
455 78
456 3
456 7
458 311
460 348
461 12
461 288
464 21
465 21
467 4
467 19
468 4
468 63
470 9
472 6
473 47
473 123
474 22
474 84
476 1
476 5
477 5
477 60
478 82
479 465
481 1
483 205
483 281
484 104
485 9
485 402
486 21
487 1
487 2
487 5
487 9
489 7
489 134
490 213
491 83
492 0
492 2
493 0
493 43
494 473
495 8
496 12
496 461
497 51
498 2
498 19
498 80
499 5
501 7
502 1
502 210
503 477
504 2
504 7
505 9
505 402
506 273
507 47
507 235
508 38
509 1
509 6
509 140
511 128
511 307
512 1
512 12
513 1
513 3
514 2
515 495
516 50
517 3
518 59
519 5
519 8
519 289
520 6
520 178
521 132
522 126
524 0
524 381
525 49
527 0
527 21
529 6
529 17
530 82
532 3
533 35
533 47
535 7
535 254
536 449
537 377
539 21
540 0
541 320
542 45
543 31
543 156
545 1
547 112
548 516
549 134
552 400
553 0
553 4
554 2
554 3
554 5
554 7
555 62
556 0
557 21
557 35
557 371
560 4
560 114
562 12
564 175
565 487
566 535
567 0
567 178
568 3
568 5
568 7
569 169
571 1
572 4
572 406
573 21
573 464
574 19
574 149
575 85
576 87
578 2
579 4
579 152
580 124
582 209
583 5
584 560
585 226
586 4
587 38
588 3
588 517
589 10
590 21
591 3
591 255
593 19
593 467
594 4
594 142
595 6
595 91
595 362
596 4
599 4
601 1
602 0
602 553
604 339
605 47
605 473
607 123
608 1
608 2
608 4
608 5
609 4
609 136
611 520
612 0
612 1
612 8
613 4
613 59
614 47
616 1
616 20
617 1
617 8
617 612
618 6
618 91
618 362
620 3
620 339
621 42
622 13
622 318
624 5
624 318
625 1
627 324
629 307
630 17
630 529
632 514
633 5
634 536
635 51
635 194
637 1
637 625
638 125
639 134
639 489
640 1
640 4
641 1
642 4
643 7
643 34
644 103
646 1
646 323
647 72
647 266
648 620
649 73
649 138
649 438
651 618
652 5
654 217
655 199
655 397
656 9
656 402
656 485
658 323
659 1
659 328
660 2
662 5
663 8
664 37
664 87
666 370
667 0
668 1
668 427
669 6
670 9
670 402
671 128
673 103
674 4
675 2
675 105
675 161
676 5
677 1
677 151
678 152
679 1
679 659
680 35
680 37
682 51
682 420
684 3
684 7
684 17
688 21
688 123
689 50
689 516
690 138
690 438
691 593
692 30
692 51
694 2
694 8
694 19
694 80
695 5
696 274
698 0
698 3
699 293
700 497
702 207
703 2
703 276
704 398
705 276
706 142
706 594
707 515
708 73
708 438
709 1
709 2
710 709
711 8
711 263
712 21
712 464
712 573
716 156
716 543
717 4
717 19
718 608
719 573
720 7
720 8
721 3
721 132
722 218
723 316
724 4
725 2
725 6
727 3
729 1
729 5
730 157
731 21
732 516
735 2
735 3
735 8
736 0
736 5
738 2
738 105
738 161
739 58
740 7
740 147
741 213
741 285
745 420
746 69
746 199
747 67
747 214
749 5
749 26
750 146
752 9
752 505
753 3
753 22
753 38
754 445
755 398
756 47
756 235
756 507
760 414
763 1
765 0
765 1
765 2
765 9
766 0
767 283
768 406
771 768
772 142
772 413
773 5
773 11
775 51
775 497
778 166
779 30
779 346
780 4
780 187
781 0
781 1
781 2
781 6
781 7
781 178
782 8
783 0
783 5
784 0
786 255
787 5
787 9
787 487
788 125
788 638
789 0
789 2
789 348
790 1
790 5
791 5
791 6
793 659
796 1
796 427
797 9
799 499
800 71
801 536
801 634
802 5
803 123
804 288
806 19
807 12
807 23
808 1
808 4
808 136
809 19
810 1
811 114
812 229
813 398
814 753
815 473
817 749
818 35
818 290
819 14
822 47
822 605
823 498
824 263
825 557
827 427
828 44
830 1
830 4
830 6
831 614
832 709
834 0
834 348
835 316
836 5
837 1
837 659
838 51
838 194
838 635
839 213
840 749
841 414
842 2
843 5
843 554
844 134
844 167
845 8
845 155
847 9
848 3
848 517
850 2
850 276
851 329
853 91
854 780
855 60
856 583
857 7
859 129
860 123
860 473
861 0
863 32
863 391
864 368
865 112
865 547
866 37
867 17
869 0
869 1
869 3
869 7
870 103
872 332
873 324
876 0
876 1
876 5
876 8
876 9
877 3
877 5
878 205
879 6
880 0
881 213
882 753
882 814
883 1
883 5
885 0
885 114
887 766
890 229
891 573
892 1
892 4
892 21
893 0
894 31
894 422
895 543
897 1
897 641
898 3
898 7
899 8
900 263
900 824
901 2
901 694
902 6
902 45
903 47
903 473
904 5
904 8
905 391
906 3
906 5
906 369
907 234
909 652
910 705
911 1
911 4
912 233
915 30
916 667
917 132
918 594
918 706
919 267
920 900
922 4
923 47
925 3
926 507
927 485
928 377
930 6
930 306
933 125
934 123
934 860
935 119
936 137
937 374
938 548
942 106
943 31
945 617
947 17
948 7
950 226
951 296
952 322
953 3
955 498
958 31
958 86
960 3
960 352
962 504
963 19
964 2
964 9
964 765
966 32
968 266
969 19
969 467
971 6
971 830
972 3
973 71
974 2
975 406
978 7
978 857
979 276
979 850
981 3
982 205
982 483
984 419
985 802
986 255
987 3
987 7
990 6
991 8
992 235
993 5
995 50
995 455
996 229
996 890
997 818
998 8
998 414
999 788
