1 0
2 0
2 1
3 0
3 1
3 2
4 0
4 1
4 2
4 3
5 0
5 1
5 2
5 3
5 4
6 0
6 1
6 2
6 3
6 4
6 5
7 0
7 1
7 2
7 3
7 4
7 5
7 6
8 0
8 1
8 2
8 3
8 4
8 5
8 6
8 7
9 0
9 1
9 2
9 3
9 4
9 5
9 6
9 7
9 8
10 1
10 4
10 9
11 0
11 2
11 3
11 5
11 9
12 3
12 9
13 2
14 2
16 0
16 5
17 2
17 4
17 5
17 7
19 0
19 1
19 2
20 1
21 2
22 1
23 3
23 5
24 0
24 7
25 24
27 19
28 0
28 4
29 0
30 4
31 4
31 28
32 0
32 1
33 5
33 11
34 4
34 9
34 10
36 1
36 7
36 9
37 1
37 4
37 7
37 8
39 1
39 4
39 9
39 10
40 7
40 9
41 1
41 7
42 17
43 0
43 3
44 9
46 1
47 9
48 33
49 2
49 19
50 4
50 10
50 39
51 2
51 5
51 7
51 9
52 0
52 1
52 2
52 3
53 4
54 3
55 9
56 0
56 3
56 4
56 5
56 7
57 53
58 54
59 4
60 39
61 10
63 2
63 3
63 9
64 24
65 1
65 4
65 5
66 1
68 28
69 1
70 1
70 41
71 4
71 9
71 10
72 9
73 2
73 5
73 7
73 17
76 1
76 7
76 8
76 37
77 4
77 10
77 71
78 1
78 2
78 5
78 6
78 7
78 9
79 4
79 7
80 1
80 70
82 1
82 5
83 9
84 4
84 30
85 3
85 5
86 55
89 2
89 5
89 9
89 51
90 9
90 10
91 7
92 0
92 4
92 6
92 9
93 2
93 4
93 5
94 9
95 1
97 4
97 6
97 7
98 5
98 73
99 0
100 7
100 37
101 9
101 36
103 73
104 72
105 1
105 2
105 19
107 5
107 11
108 2
108 9
109 0
109 1
109 2
110 4
111 0
112 0
112 2
112 7
112 8
113 2
114 0
114 9
116 36
117 1
117 7
118 2
118 4
118 5
118 7
118 17
119 1
121 2
122 99
123 23
124 0
125 2
125 7
126 2
128 2
128 9
128 108
129 10
130 0
130 8
131 1
131 19
132 8
134 36
134 101
135 7
135 97
136 2
136 6
138 9
139 77
140 8
140 130
141 2
142 0
143 2
145 1
145 7
145 9
145 36
146 2
147 4
147 10
149 5
149 7
149 78
150 10
151 0
152 82
153 4
153 7
153 17
154 10
155 7
155 8
155 76
156 155
157 2
158 78
159 16
161 109
163 22
166 4
167 5
167 7
167 149
168 10
168 71
168 77
169 0
171 10
172 4
173 36
174 97
175 7
176 2
177 118
178 69
179 0
179 1
179 4
180 36
180 145
181 8
181 76
184 1
185 10
185 71
186 2
186 4
187 8
188 1
188 184
189 68
190 2
191 5
193 84
195 5
195 78
196 9
197 1
197 19
198 24
199 9
200 79
201 0
202 17
203 4
203 10
204 28
205 109
206 37
206 76
207 2
207 7
207 9
207 51
208 7
209 203
210 10
211 17
214 6
216 141
218 186
220 3
220 56
221 9
221 101
222 1
222 52
224 189
225 0
225 4
225 5
225 8
226 9
226 78
227 2
227 51
227 207
228 10
228 34
229 69
231 70
232 28
233 226
234 7
235 1
237 0
239 5
240 1
241 235
242 100
243 4
243 7
244 10
244 147
245 7
246 10
247 0
247 1
247 109
248 1
248 7
250 159
251 147
254 123
255 2
255 4
261 247
262 7
262 118
263 2
263 5
264 2
264 3
264 4
266 0
267 1
268 104
269 118
270 8
270 76
271 9
271 36
271 145
272 1
272 3
272 7
273 0
273 52
274 4
275 274
276 6
276 136
277 5
278 7
278 40
279 156
280 7
280 117
281 4
282 3
282 7
282 272
284 33
285 2
285 7
285 8
285 112
286 99
288 7
290 8
290 130
291 9
292 125
293 3
293 220
295 3
295 56
295 220
296 2
296 7
297 285
298 167
300 4
301 2
302 3
303 0
303 1
303 4
306 1
306 145
307 145
308 98
309 103
310 174
311 6
311 97
312 85
315 7
315 262
316 9
317 271
319 68
320 2
320 8
320 9
322 5
322 65
323 118
324 188
325 0
325 4
327 4
327 7
327 8
329 6
329 9
329 92
330 10
330 203
332 282
333 76
335 4
335 17
336 158
337 4
337 10
338 2
339 226
340 195
341 2
341 4
341 7
342 41
343 1
343 184
344 0
344 43
345 2
347 3
347 6
347 7
348 78
349 53
349 57
350 85
352 7
353 131
354 1
356 1
356 4
356 5
356 7
357 245
359 324
360 8
363 4
363 153
364 2
364 7
365 1
365 22
366 1
366 4
366 39
367 2
367 7
367 112
368 2
368 3
369 0
369 1
369 3
369 6
372 7
372 280
373 4
374 4
374 92
375 2
375 7
375 118
376 1
376 7
377 207
378 7
379 147
380 5
380 195
382 23
383 145
384 118
385 5
385 56
386 4
386 5
386 6
387 4
387 255
388 184
390 203
391 118
394 342
395 6
396 2
397 4
400 0
400 6
401 23
401 123
402 2
403 4
404 281
405 118
406 17
407 0
407 1
407 2
408 2
408 207
409 282
411 391
412 207
413 29
414 36
418 6
419 4
419 7
419 118
420 4
421 356
422 77
422 139
424 2
424 63
425 5
425 73
426 296
427 5
427 56
428 51
429 302
430 367
431 28
431 232
432 10
432 50
434 44
435 73
436 10
436 71
436 185
437 10
437 432
439 5
440 9
441 329
442 2
442 5
445 357
448 128
449 2
449 4
450 4
450 8
451 310
452 5
453 3
454 0
454 2
454 5
454 7
455 140
457 7
458 4
458 5
459 0
460 240
461 124
463 0
463 2
463 3
464 8
465 17
465 202
467 2
467 449
468 1
468 376
469 72
471 10
471 432
472 263
473 7
474 1
474 3
474 4
475 24
476 0
477 6
479 1
479 9
479 78
480 2
480 207
481 4
483 2
483 449
484 7
484 285
485 2
485 6
485 78
488 11
489 65
490 6
490 97
491 282
491 409
492 188
493 4
493 5
494 0
494 5
494 11
495 5
496 2
496 5
496 78
497 1
497 179
499 76
504 139
505 237
506 2
506 449
508 367
509 1
509 474
510 1
510 4
511 2
511 5
511 7
511 78
512 167
513 141
514 175
515 2
516 365
517 394
518 180
519 293
521 8
521 327
522 3
522 7
523 363
524 4
525 7
525 117
527 282
528 9
529 0
531 4
531 303
533 8
534 2
534 8
534 9
535 226
536 2
536 407
537 426
539 0
539 6
541 9
541 90
543 78
543 158
545 105
546 296
547 79
548 7
549 1
549 36
550 3
550 522
551 153
553 207
555 1
555 2
555 5
560 56
561 147
565 33
566 4
566 7
567 5
569 43
570 246
571 50
571 432
572 4
572 458
573 327
574 0
575 3
576 1
577 1
577 9
578 0
578 2
578 6
578 7
579 0
579 273
580 142
581 359
583 0
585 70
586 461
589 0
589 303
591 5
592 226
594 7
595 177
596 509
597 207
597 408
598 4
598 531
599 329
601 9
603 1
604 5
609 1
609 20
610 460
611 56
612 282
614 2
615 7
615 525
616 0
616 1
616 2
618 2
620 1
620 2
620 3
622 90
622 541
623 296
624 310
624 451
625 4
626 7
626 76
628 6
628 7
628 78
629 8
629 181
631 108
631 128
632 185
633 1
633 76
634 0
634 2
634 7
634 8
634 112
635 465
636 11
637 412
638 184
639 10
639 147
642 0
642 400
643 6
643 97
644 394
644 517
645 403
646 7
646 9
647 4
647 7
647 118
647 419
648 33
648 48
649 7
649 40
650 0
650 109
651 100
652 0
652 1
652 407
653 195
653 340
654 329
656 2
656 620
657 1
657 7
657 36
658 220
658 295
659 24
659 25
660 22
663 7
666 2
666 506
667 2
667 118
667 375
668 505
669 4
670 7
671 644
672 5
672 56
673 29
674 191
675 36
676 7
676 649
677 77
678 660
679 147
680 7
680 112
681 51
681 207
683 3
683 9
684 92
685 188
686 5
687 59
688 2
689 0
690 517
692 0
692 9
692 92
693 71
694 5
694 17
695 647
697 5
698 97
698 643
700 310
701 324
702 0
702 2
704 233
707 147
708 0
708 1
708 2
709 7
709 280
711 0
711 109
713 190
714 278
715 95
717 6
718 0
719 9
720 2
720 7
720 511
721 12
722 388
723 146
724 509
725 4
726 130
726 290
728 2
728 8
728 9
729 5
730 509
732 521
733 6
733 7
733 9
733 78
734 5
736 1
736 2
736 5
736 6
737 658
739 5
739 239
740 123
740 254
741 0
744 506
744 666
745 2
745 5
745 6
745 7
745 8
747 4
750 10
751 9
755 185
756 1
756 652
758 0
759 4
760 5
761 571
764 184
765 2
765 6
765 8
766 171
768 1
768 616
770 2
770 449
770 506
771 23
771 401
773 5
773 7
773 149
775 713
780 168
781 571
781 761
782 280
784 2
784 449
786 437
788 5
788 7
788 8
788 9
789 474
790 7
790 9
790 36
790 145
791 660
793 521
799 277
800 4
800 7
800 79
801 0
801 2
801 3
801 6
802 386
803 29
804 89
805 6
805 311
806 3
806 63
807 3
807 453
808 1
808 2
808 6
809 525
810 2
811 17
812 2
812 618
815 37
816 408
818 339
819 147
819 679
821 141
821 513
822 181
823 0
823 5
823 7
824 2
825 571
826 1
826 4
826 65
827 2
827 7
828 4
829 491
832 0
835 744
836 1
836 3
837 7
839 4
839 10
839 34
841 285
842 91
843 205
845 10
846 117
847 3
847 683
848 1
848 70
849 221
850 394
852 6
852 736
853 8
854 82
855 2
856 0
856 2
857 0
857 130
858 2
858 9
858 89
859 1
860 82
860 854
861 722
862 240
862 460
863 9
864 327
865 5
867 36
868 285
869 79
870 17
870 202
871 858
872 2
872 3
872 5
874 437
875 3
875 453
877 70
877 80
878 407
879 1
880 5
880 6
881 4
881 8
883 109
889 0
891 2
891 7
891 112
892 2
892 5
893 9
893 719
894 5
894 425
896 700
898 7
899 7
900 5
900 8
901 248
902 421
903 174
903 310
904 1
904 145
906 1
906 5
906 9
907 3
909 0
909 6
909 801
913 2
915 118
916 112
917 1
918 11
920 4
920 474
921 280
923 56
923 672
925 79
925 547
926 306
929 143
931 4
931 366
932 17
933 28
933 431
937 4
937 8
938 3
938 11
939 185
939 632
942 85
944 437
945 5
945 6
945 880
946 39
947 46
948 1
949 2
950 733
951 7
952 1
952 7
954 4
955 3
955 5
955 56
957 412
959 1
960 378
961 1
961 2
961 4
962 1
962 2
962 6
962 808
963 1
963 5
964 5
965 8
967 2
967 176
968 449
969 6
970 810
971 0
972 73
972 98
973 1
973 5
973 963
975 573
976 41
977 4
977 474
981 0
981 529
982 2
985 43
987 1
988 736
991 9
991 90
993 514
995 33
997 805
