1 0
2 0
2 1
3 0
3 1
3 2
4 0
4 1
4 2
4 3
5 0
5 1
5 2
5 3
5 4
6 0
6 1
6 2
6 3
6 4
6 5
7 0
7 1
7 2
7 3
7 4
7 5
7 6
8 0
8 1
8 2
8 3
8 4
8 5
8 6
8 7
9 0
9 1
9 2
9 3
9 4
9 5
9 6
9 7
9 8
10 0
10 1
10 2
10 4
10 5
10 6
10 7
10 8
10 9
11 1
11 2
11 3
11 4
11 5
11 6
11 7
12 1
12 2
12 4
12 5
12 7
12 8
12 9
13 0
13 1
14 0
14 1
14 2
14 4
14 7
15 0
15 2
15 3
15 4
16 1
16 2
17 2
17 7
17 8
17 9
18 2
18 7
18 8
18 17
19 0
19 1
19 2
19 4
19 6
19 7
20 1
20 4
20 5
20 8
20 9
21 2
21 4
21 5
21 7
21 9
21 12
22 2
22 8
23 0
23 4
23 5
23 6
23 7
23 9
23 10
24 1
24 4
24 5
24 8
25 0
25 3
25 4
25 5
25 6
26 1
26 5
26 8
26 9
26 20
27 0
27 3
27 4
27 5
27 6
28 1
28 4
28 5
28 8
28 20
29 4
29 5
29 6
29 7
29 9
29 10
29 23
30 1
30 2
30 5
30 8
31 0
31 1
31 2
31 4
31 5
31 6
31 7
31 8
31 9
32 4
32 5
32 6
32 7
32 9
32 10
32 23
33 4
33 7
33 10
33 23
33 32
34 1
34 2
34 4
35 13
36 1
36 2
36 4
36 9
36 12
37 1
37 4
37 5
37 9
38 0
38 1
38 2
38 4
38 7
39 0
39 1
39 2
39 4
39 5
39 6
39 7
39 8
39 9
40 0
40 1
40 2
40 3
40 6
40 7
41 4
41 6
41 9
41 10
41 32
42 1
42 3
42 4
42 5
42 6
43 0
44 2
44 4
44 15
45 1
45 4
45 9
46 0
46 1
46 2
47 5
47 8
47 9
47 20
48 0
48 1
48 4
48 5
48 6
49 4
49 7
49 10
50 4
50 5
50 6
50 7
50 9
50 10
51 0
51 1
51 2
51 4
51 5
51 7
51 8
51 9
51 39
52 1
52 2
52 4
52 5
52 6
52 7
53 1
53 2
53 3
53 4
53 6
54 1
54 5
54 8
54 9
54 20
54 26
55 1
55 2
55 3
55 4
55 5
55 7
56 1
56 9
56 12
56 36
57 3
57 4
57 6
58 1
58 2
58 4
58 7
59 0
59 1
59 2
59 3
60 0
60 1
60 2
60 6
60 7
61 4
61 6
61 7
61 9
61 10
62 7
62 32
62 33
63 0
63 1
63 2
63 3
63 6
63 7
63 40
64 0
64 1
64 2
64 3
64 4
64 5
64 6
64 7
64 8
65 1
65 2
65 4
65 58
66 1
66 4
66 5
66 6
66 42
67 0
67 3
67 5
67 6
67 7
68 5
68 8
68 20
69 0
69 1
69 2
69 4
69 6
69 8
70 0
70 1
70 2
70 4
70 6
70 8
71 1
71 2
71 3
71 4
72 5
72 6
72 9
72 10
73 0
73 1
73 5
74 2
74 4
74 7
75 1
75 3
75 4
75 42
76 1
76 2
76 4
76 6
77 1
77 2
77 3
77 4
77 5
77 6
77 7
78 4
78 5
78 6
78 9
78 10
79 0
79 1
79 2
79 4
79 6
79 7
80 0
80 5
80 7
80 9
80 39
81 0
81 1
81 4
81 48
82 0
82 2
82 4
82 5
82 6
82 7
82 9
82 31
83 1
83 4
83 6
83 42
83 66
84 1
84 5
84 8
84 9
84 26
85 1
86 0
86 1
86 2
86 3
86 6
86 7
86 63
87 0
87 1
87 2
87 4
87 5
87 6
87 7
88 1
89 0
89 2
89 3
89 4
89 6
89 7
89 8
90 0
90 1
90 2
90 4
90 5
90 6
90 7
90 9
90 39
91 5
91 6
91 10
91 72
92 1
92 5
93 4
93 49
94 0
94 1
94 4
94 5
94 7
94 8
94 9
95 2
95 7
95 8
96 0
96 2
96 4
97 0
97 2
97 3
97 4
98 0
98 4
98 5
98 6
98 7
98 31
98 82
99 0
99 1
100 0
100 1
100 2
100 4
100 5
100 6
100 7
100 9
101 1
101 2
101 4
101 5
101 6
101 7
102 0
102 1
102 5
102 6
102 48
103 7
103 32
103 62
104 0
104 4
104 5
104 6
104 31
105 1
105 2
105 4
105 9
105 12
106 0
106 1
106 4
106 5
106 6
107 0
107 5
107 9
107 39
108 0
108 4
108 5
109 0
109 1
109 3
109 63
110 1
110 5
110 9
110 37
111 1
111 2
111 4
111 6
112 1
112 2
112 3
112 4
113 0
113 5
113 6
113 9
113 31
114 0
114 1
114 4
114 6
115 1
115 5
115 8
115 9
115 20
115 26
115 54
116 4
116 7
116 10
116 23
116 32
117 1
117 4
117 5
117 6
117 66
118 0
118 1
118 2
118 4
118 5
118 7
118 9
118 39
118 51
119 0
119 1
119 2
119 3
119 4
119 6
120 1
120 2
120 3
120 4
120 5
120 6
120 77
121 49
121 93
122 26
122 54
123 1
123 3
123 4
123 5
123 6
123 7
123 8
123 9
124 0
124 1
124 2
124 6
124 8
124 69
125 4
125 5
125 6
125 7
125 9
125 10
125 23
125 32
126 1
126 5
126 9
126 20
127 1
127 5
127 9
127 110
128 0
128 1
128 4
128 6
128 8
128 69
129 1
129 12
129 36
130 4
130 5
130 6
130 10
130 23
130 32
131 4
131 5
131 9
132 1
132 4
132 6
132 8
132 69
132 128
133 2
133 5
133 6
133 7
134 1
134 4
134 5
134 6
134 7
135 1
135 2
135 3
135 5
135 6
136 4
136 5
136 6
136 7
136 9
136 10
136 23
137 4
137 42
138 0
138 2
138 4
138 7
138 31
139 0
139 1
139 3
139 4
139 7
139 64
140 0
140 1
140 2
140 3
141 1
141 9
141 12
141 36
141 56
142 4
142 7
142 74
143 1
143 2
143 3
143 4
144 4
144 5
144 6
144 7
144 9
144 10
145 0
145 3
146 0
146 1
146 4
146 5
146 6
146 7
146 39
147 0
147 2
147 4
147 6
148 4
148 10
148 32
149 5
149 6
149 10
149 72
149 91
150 1
150 4
150 6
150 8
150 69
151 3
151 6
152 4
152 5
152 6
152 7
152 9
152 23
153 0
153 5
153 6
153 9
154 2
154 7
154 17
154 18
155 1
155 5
156 1
156 4
156 5
156 24
157 2
157 4
158 0
158 1
158 4
158 7
158 8
158 9
158 39
159 1
159 4
159 9
159 12
160 0
160 2
160 3
160 6
161 1
161 5
161 6
161 7
162 5
162 6
162 7
162 9
162 23
162 136
163 0
163 1
163 2
163 4
163 6
163 8
163 70
164 4
164 6
164 10
164 50
165 4
165 5
165 7
165 9
165 51
165 118
166 1
166 2
166 3
166 6
166 119
167 1
167 2
167 3
167 4
168 1
168 4
168 5
168 7
168 134
169 1
169 2
169 4
169 6
169 8
170 0
170 2
170 6
170 7
170 8
171 1
171 4
171 5
171 28
172 5
172 171
173 3
174 1
174 4
174 5
174 24
175 2
175 3
175 4
175 97
176 0
176 1
176 2
176 3
176 5
176 6
176 7
176 8
177 173
178 0
178 1
178 2
178 3
178 6
178 8
178 176
179 1
179 3
179 4
179 5
179 6
180 4
180 7
180 23
180 32
181 0
181 4
181 7
181 138
182 1
182 4
182 6
183 4
183 97
183 175
184 0
184 1
184 2
184 4
184 5
184 6
184 8
184 9
185 0
185 2
185 6
185 8
186 1
186 6
186 60
187 6
187 10
188 0
188 1
188 4
188 7
188 38
189 1
189 4
189 6
189 8
189 150
190 2
190 6
190 7
190 8
190 170
191 5
191 9
191 110
191 127
192 2
192 4
192 5
192 6
192 7
193 5
193 6
193 31
193 113
194 32
194 62
195 6
195 10
195 72
196 0
196 4
196 7
196 38
196 188
197 0
197 5
197 7
197 23
198 0
198 1
198 2
198 4
198 5
198 6
198 7
198 39
199 6
199 151
200 0
200 2
200 5
200 7
200 8
200 39
201 4
201 5
201 7
201 9
201 10
201 23
201 136
202 1
202 9
203 7
203 23
203 32
203 116
204 2
204 4
204 6
205 0
205 2
205 4
205 138
206 0
206 3
206 5
206 6
207 4
207 32
207 41
208 1
208 4
208 5
208 6
208 8
208 9
208 184
209 0
209 1
209 63
210 0
210 1
210 2
210 6
211 0
211 2
211 5
211 6
211 7
211 31
212 1
212 4
212 6
213 4
213 10
213 23
214 10
214 72
215 1
215 3
216 1
216 5
216 28
217 0
217 1
217 2
217 4
217 5
217 7
217 8
217 9
219 1
219 3
219 4
219 6
220 4
220 7
221 5
221 9
221 127
221 191
222 0
222 1
222 2
222 3
222 7
223 0
223 1
223 2
223 3
223 4
223 5
223 6
223 7
224 0
224 1
224 4
224 7
224 39
225 1
225 2
225 6
225 8
226 0
226 2
226 3
227 0
227 1
227 2
228 1
228 4
228 143
229 0
229 1
229 4
229 5
229 7
229 9
230 0
230 1
230 4
230 7
230 188
231 4
231 12
231 105
232 4
232 50
233 1
233 4
233 5
233 7
233 9
233 94
234 1
234 2
234 4
234 9
234 12
234 36
235 4
235 5
236 0
236 2
236 3
236 4
236 6
236 8
236 64
237 3
237 5
237 6
238 1
238 2
238 6
238 7
239 0
239 1
239 2
239 4
239 6
240 9
240 10
240 32
240 41
241 4
241 5
241 6
241 7
241 9
241 10
241 32
242 0
242 2
242 4
242 5
242 6
242 7
242 9
242 31
243 2
243 9
243 12
243 105
244 1
244 6
245 60
245 186
246 5
246 6
246 7
246 192
247 0
247 1
247 2
247 4
247 7
247 9
248 2
248 8
248 170
249 131
250 1
250 4
250 6
250 106
251 0
251 3
251 5
251 206
252 7
252 10
252 23
252 32
252 116
253 1
253 4
253 5
254 4
254 6
254 42
254 83
255 7
255 58
256 2
256 4
256 7
257 1
257 4
257 5
257 7
257 168
258 0
258 1
259 0
259 1
259 4
259 114
260 1
260 2
260 4
260 6
260 19
261 4
261 5
261 7
262 4
262 5
262 10
263 0
263 2
263 4
263 6
263 8
263 9
263 184
264 0
264 9
264 107
265 5
265 6
265 31
265 113
266 1
266 4
266 5
266 9
266 20
267 1
267 2
267 4
267 9
267 36
268 0
268 2
269 12
269 105
269 243
270 1
270 2
270 4
270 6
270 8
270 70
271 5
271 6
271 9
271 23
272 1
272 63
272 209
273 2
273 5
273 6
273 7
273 9
273 31
274 1
274 7
274 9
274 123
275 1
275 3
275 4
275 5
275 6
275 7
276 1
276 2
276 4
276 5
276 6
276 7
276 52
277 0
277 2
277 5
277 6
277 7
277 223
278 107
278 264
279 1
279 4
279 5
279 7
279 9
279 39
280 7
281 0
281 1
281 2
281 3
281 5
281 6
281 8
282 2
282 6
282 7
282 8
282 170
282 190
283 0
283 23
284 0
284 1
284 4
284 5
284 7
285 1
285 2
285 4
286 3
286 5
286 6
286 7
287 0
287 2
287 4
287 5
287 6
287 7
287 8
287 9
287 39
288 1
288 2
288 6
288 7
289 1
289 2
289 4
289 5
289 9
289 39
289 51
290 0
290 4
290 6
290 31
291 1
291 4
291 5
291 134
292 1
292 4
292 5
292 20
293 0
293 1
293 7
293 38
294 4
294 5
294 20
295 0
295 4
295 31
295 290
296 0
296 1
296 3
296 4
296 6
296 7
297 0
297 4
297 7
297 38
297 188
298 1
298 3
298 6
298 77
299 1
300 0
300 1
300 5
300 6
300 7
300 39
301 0
301 1
301 2
301 6
301 7
302 4
302 7
302 10
302 23
302 32
302 33
303 1
303 2
303 3
303 6
303 7
303 40
303 63
304 7
304 33
304 62
305 0
305 7
305 38
305 188
306 4
306 253
307 1
307 2
307 4
307 6
308 1
308 2
308 4
308 5
308 9
308 289
309 0
309 1
309 2
309 3
309 6
310 0
310 2
310 4
310 6
310 8
310 70
310 163
311 4
311 7
311 220
312 8
312 170
312 248
313 4
313 5
313 108
314 1
314 2
314 9
314 12
315 1
315 2
315 4
315 9
315 234
316 5
316 6
316 7
316 31
316 82
316 98
317 4
318 6
318 42
318 83
319 4
319 10
319 23
319 32
320 4
320 5
320 131
321 0
321 4
322 1
322 6
322 8
322 225
323 9
323 110
323 127
324 5
324 9
324 39
324 80
325 4
325 7
325 10
325 23
325 116
326 131
327 4
327 6
327 83
328 5
328 9
328 23
329 1
329 38
329 293
330 5
330 28
331 1
331 2
331 3
331 4
331 5
331 6
331 7
331 8
332 0
332 5
332 8
332 39
332 200
333 0
333 1
333 2
333 4
333 6
333 79
334 92
335 5
335 235
336 7
336 9
336 118
337 0
337 1
337 5
337 6
337 39
338 1
338 9
338 12
338 36
338 56
339 0
339 1
339 7
340 1
340 2
340 5
340 7
340 55
341 1
341 2
341 4
341 5
341 7
341 52
341 276
342 2
342 3
342 4
342 5
342 6
342 7
343 131
343 320
344 1
344 2
344 4
344 5
344 6
344 9
344 100
345 5
345 9
345 131
346 5
346 171
346 172
347 1
347 2
347 4
347 5
347 6
347 7
347 39
349 1
349 339
350 2
350 4
350 5
350 7
350 12
351 2
351 268
352 1
352 4
352 5
352 9
352 20
353 2
353 4
353 157
354 7
354 32
355 1
355 4
355 5
355 9
355 37
356 1
356 2
356 5
356 6
356 9
356 100
356 344
357 0
357 1
357 2
357 4
357 5
357 9
358 32
358 354
359 2
359 5
359 7
359 55
359 340
360 4
360 5
360 6
360 9
361 1
361 8
361 9
361 20
361 26
361 54
362 1
362 4
362 9
362 12
362 36
362 234
363 1
363 4
363 6
363 250
364 0
364 1
364 3
364 4
364 6
364 7
364 8
365 1
365 2
365 4
365 9
365 36
365 267
366 4
366 7
366 23
366 32
367 1
367 9
368 5
368 9
368 39
369 1
369 4
369 7
370 0
370 4
370 7
370 188
371 0
371 4
371 31
371 138
372 9
372 12
372 159
373 4
373 5
373 7
373 9
373 12
374 4
374 7
374 369
375 0
375 1
375 2
375 3
375 7
375 8
376 0
376 1
376 2
376 3
376 6
376 63
376 86
377 0
377 4
377 7
377 9
377 229
378 0
378 1
378 2
378 6
378 7
379 0
379 2
379 3
379 6
379 7
379 40
380 7
380 10
380 23
380 116
380 325
381 0
381 4
381 7
381 370
382 0
382 1
382 2
382 5
382 6
382 7
382 9
382 90
383 4
384 1
384 4
384 6
384 66
385 0
385 1
385 39
385 224
386 1
386 3
386 6
387 1
387 5
387 9
388 0
388 1
388 2
388 7
389 4
389 5
389 9
389 37
389 355
390 1
390 2
390 4
390 7
391 0
391 1
391 2
391 3
391 6
391 309
392 2
392 4
392 58
392 65
393 1
393 2
393 6
394 1
394 2
394 4
394 6
394 70
394 163
395 0
395 1
395 2
395 3
396 3
396 57
397 1
397 2
397 4
397 5
397 6
397 7
397 11
398 0
398 107
398 264
399 5
399 6
399 9
399 100
399 344
399 356
400 72
401 4
402 5
402 7
402 9
402 12
403 5
403 6
403 31
403 265
404 4
404 12
405 1
405 2
405 4
405 9
405 267
406 4
406 6
406 42
407 0
407 2
407 4
407 5
407 6
407 7
407 39
408 2
408 4
408 96
409 43
410 0
410 1
410 2
410 3
410 4
410 5
410 6
410 8
410 9
411 0
411 2
411 3
411 6
411 7
411 40
412 1
412 4
412 5
412 7
413 2
413 16
414 5
414 6
414 10
414 23
414 29
415 1
415 4
415 9
415 20
416 5
417 3
417 5
417 6
417 8
417 281
418 1
418 2
418 9
418 12
418 314
419 0
419 3
419 4
419 5
419 6
419 7
419 8
420 2
420 4
420 7
421 2
421 5
421 6
421 7
421 31
422 2
422 5
422 7
423 1
423 5
423 8
423 9
423 20
423 54
424 1
424 3
424 4
425 4
425 7
425 32
426 4
426 5
426 37
426 355
427 0
427 2
427 3
427 6
427 8
428 6
429 12
429 159
430 1
430 4
430 5
430 9
430 20
431 0
431 4
431 5
431 8
431 9
431 94
432 0
432 2
432 3
432 4
432 5
432 7
433 5
433 20
433 68
434 3
434 5
434 6
434 206
435 2
435 8
436 0
436 2
436 4
436 5
436 6
436 9
437 0
437 1
437 4
437 5
437 7
438 1
438 4
438 5
438 6
439 4
439 7
439 32
440 4
440 6
440 8
440 69
440 128
441 32
442 0
442 4
442 6
442 7
442 39
442 407
443 2
443 4
443 353
444 4
444 7
444 32
444 425
445 1
445 4
445 7
445 39
446 0
446 2
446 46
447 0
447 2
447 4
447 6
447 7
447 39
448 1
448 2
448 4
448 6
448 8
448 9
448 31
449 0
449 38
449 188
450 0
450 1
450 3
450 6
450 63
451 0
451 1
451 63
452 1
452 39
452 224
452 385
453 0
453 5
454 2
454 7
454 390
455 0
455 1
455 4
455 5
455 6
455 7
455 8
455 9
456 6
456 7
457 4
457 10
457 262
458 4
458 6
458 7
458 9
458 10
458 23
459 3
460 4
461 1
461 5
461 9
461 37
462 0
462 2
462 3
462 6
463 4
463 5
463 7
463 9
463 10
463 23
464 0
464 5
464 6
464 7
464 67
465 5
465 7
465 23
466 0
466 1
466 2
466 4
466 5
466 7
466 8
466 9
466 39
466 51
467 0
467 1
467 2
467 3
467 5
467 6
467 8
467 9
468 1
468 3
468 6
468 63
468 450
469 5
469 9
470 0
470 1
470 6
470 48
471 2
471 4
471 9
471 267
471 405
472 5
472 9
472 12
473 3
473 4
473 5
473 6
473 7
473 342
474 7
474 354
475 1
475 2
475 4
475 6
476 4
476 32
476 148
477 1
477 48
477 470
478 5
478 7
478 161
479 7
479 32
480 0
480 1
480 4
480 5
480 6
480 7
480 39
480 146
481 6
482 0
482 1
482 2
482 4
482 5
482 7
483 4
483 6
483 7
483 39
483 146
484 1
484 9
484 12
484 36
484 56
485 2
485 6
486 0
486 2
486 4
486 7
486 31
488 0
489 0
489 2
489 226
490 1
490 2
490 4
490 6
490 394
491 1
492 0
492 1
492 2
492 3
492 222
493 0
493 1
493 2
493 4
493 6
493 7
493 8
493 9
493 10
494 3
494 5
494 6
494 206
495 4
495 23
495 32
495 33
496 0
496 1
496 63
497 32
497 476
498 0
498 1
498 2
498 3
498 7
499 7
499 304
500 3
500 5
500 7
500 67
501 2
501 3
501 4
501 97
502 0
502 1
502 4
502 7
502 8
502 9
502 94
503 5
503 7
503 9
503 10
503 23
504 1
504 3
504 4
504 7
505 0
505 1
505 2
505 3
505 6
505 7
505 63
505 86
506 2
506 3
506 5
506 6
506 77
506 120
507 0
507 2
507 3
507 6
507 8
508 0
508 1
508 2
508 3
508 7
509 12
509 159
510 1
510 2
510 4
510 6
510 53
511 0
511 4
511 229
512 4
512 23
512 116
513 4
513 23
513 32
513 33
514 2
514 3
514 6
514 8
515 5
515 127
516 0
516 4
516 6
516 7
516 9
517 0
517 3
517 4
517 6
518 0
518 2
518 170
519 5
519 7
519 23
519 136
520 0
520 2
520 6
520 462
521 0
521 1
521 4
521 5
521 6
521 7
521 39
521 198
522 0
522 2
522 4
522 70
522 163
523 0
523 1
523 2
523 4
523 7
524 0
524 2
524 4
524 7
525 0
525 1
525 2
525 4
525 6
525 79
525 333
526 4
526 32
526 207
527 0
527 1
527 3
527 4
527 6
527 7
527 8
527 364
528 0
528 2
528 4
528 163
528 522
529 0
529 4
529 38
529 188
529 297
530 2
530 4
530 6
530 204
531 5
531 9
531 100
531 344
531 356
532 1
532 73
533 0
533 1
533 2
533 4
533 5
533 6
534 0
534 1
534 4
534 8
534 9
534 94
535 3
535 5
535 67
535 500
536 3
536 5
536 8
536 281
536 417
537 5
537 206
537 251
538 1
538 2
538 4
538 5
538 7
538 52
538 276
538 341
539 0
539 488
540 0
540 2
540 4
540 6
540 7
540 89
541 1
541 4
541 5
541 9
541 37
542 7
542 10
542 23
542 32
542 116
543 1
543 5
543 7
544 0
544 2
544 4
544 5
544 6
544 7
544 8
544 9
544 39
544 287
545 7
545 10
545 23
546 4
546 5
546 6
546 7
546 9
546 10
548 35
549 0
549 1
549 2
549 4
549 5
549 6
549 7
549 8
549 9
550 0
550 2
550 5
550 6
550 9
551 1
551 4
551 5
551 6
551 7
552 5
552 6
552 7
552 286
553 4
553 42
553 83
553 254
554 3
554 4
554 6
554 7
554 342
555 105
556 0
556 1
557 1
557 2
557 5
557 6
557 7
558 4
558 6
558 7
558 39
558 146
559 2
559 4
559 6
559 8
559 9
559 31
559 448
560 0
560 4
560 138
561 1
561 6
562 0
562 2
562 268
563 0
563 4
563 5
563 7
563 8
563 9
563 39
563 51
564 1
564 2
564 63
564 303
565 9
565 32
565 240
566 2
566 5
566 6
566 7
567 1
567 4
567 8
567 150
568 1
568 3
568 4
569 1
569 4
569 5
569 9
569 20
569 352
570 1
570 9
570 234
570 315
571 1
571 2
571 4
571 5
571 6
571 7
571 39
572 396
573 5
573 9
574 1
574 2
574 6
574 7
574 9
574 90
575 1
575 2
575 3
575 4
575 5
575 7
575 77
576 23
577 0
577 4
577 5
577 6
577 31
577 82
577 98
578 2
578 5
578 6
578 9
579 1
579 2
579 5
579 6
579 7
579 331
580 2
580 4
580 7
581 4
581 7
581 32
581 439
582 0
582 4
582 5
582 6
582 31
582 82
582 98
583 4
583 6
583 111
584 4
584 5
584 6
584 7
584 10
585 1
585 6
585 561
586 1
586 63
587 0
587 3
587 4
587 7
587 8
588 1
588 5
588 7
588 94
589 2
589 5
589 6
589 566
590 0
590 1
590 2
590 6
590 8
590 9
590 467
591 4
591 97
591 175
592 7
592 32
593 1
593 2
593 3
593 5
593 7
593 55
594 4
594 10
594 23
594 116
595 3
595 4
595 6
595 7
595 554
596 2
596 5
596 7
596 90
596 382
597 5
597 6
597 113
597 193
598 1
598 2
598 7
599 0
599 1
599 2
599 5
599 8
599 9
599 39
600 0
600 1
600 2
600 8
600 70
601 2
601 170
602 4
602 6
602 250
603 2
603 96
604 1
604 5
604 7
605 3
605 4
605 7
605 342
606 0
606 1
606 4
606 7
606 8
606 9
606 94
607 1
607 4
608 0
608 1
608 2
608 6
608 9
608 100
609 0
609 4
609 7
609 8
609 9
609 94
609 502
610 0
610 1
610 2
610 4
610 5
610 6
610 533
611 0
611 1
611 2
611 4
611 5
611 6
611 39
611 198
612 3
612 4
612 7
612 342
613 555
614 1
614 5
614 168
615 1
615 4
615 6
615 7
615 39
616 3
616 5
616 8
616 281
617 5
618 5
618 7
619 4
619 6
619 8
619 69
619 440
620 5
620 6
620 7
620 31
620 82
621 7
621 32
621 33
622 0
622 1
622 2
622 4
622 5
622 7
622 8
622 9
623 6
623 83
623 327
624 0
624 1
624 4
624 6
624 7
625 46
626 2
626 4
626 5
626 8
626 9
627 4
627 5
627 7
627 8
627 39
628 1
628 4
628 6
629 5
629 6
630 0
630 1
630 5
630 6
630 7
630 39
630 146
631 1
631 2
631 3
631 4
631 6
631 7
632 0
632 2
632 3
633 0
633 1
633 6
633 48
633 102
634 105
634 243
634 269
635 0
635 1
635 6
635 300
636 1
636 4
636 6
636 66
636 384
637 0
637 1
637 2
637 4
637 5
637 8
637 9
637 39
637 51
638 0
638 5
638 39
639 1
639 2
639 4
639 6
639 7
640 0
640 1
640 300
641 5
641 9
641 39
642 0
642 1
642 2
642 8
642 70
643 4
643 220
643 311
644 6
644 7
644 170
644 190
645 0
645 1
645 2
646 1
646 2
646 6
646 119
647 0
647 4
647 7
647 370
647 381
648 0
648 4
648 7
648 9
649 0
649 1
649 4
649 5
649 8
649 9
650 1
650 4
650 5
650 94
651 2
651 8
651 22
652 5
652 9
653 1
653 367
654 0
654 1
654 4
654 7
654 38
655 6
656 1
656 6
656 7
656 8
657 1
657 5
657 9
657 127
658 1
658 3
658 6
658 298
660 0
660 1
660 2
660 4
660 6
660 19
661 0
661 5
661 7
662 0
662 2
662 3
662 7
663 4
663 250
664 1
664 5
664 9
664 127
664 657
665 0
665 1
665 3
665 4
665 6
665 7
665 8
665 364
666 3
666 4
666 6
666 7
667 0
667 3
668 0
668 5
668 9
668 107
669 1
669 2
669 4
669 9
669 308
670 0
670 3
670 5
670 6
670 25
671 32
671 444
672 4
672 148
672 476
673 0
673 1
673 4
673 7
674 0
674 1
674 2
674 5
674 7
674 8
674 9
674 622
675 5
675 6
676 6
676 9
676 10
677 1
677 5
677 9
677 37
678 0
678 1
678 2
678 3
678 4
678 6
678 119
679 2
679 4
679 34
680 12
680 159
681 4
681 7
681 138
681 181
682 7
682 32
682 62
683 4
683 369
683 374
684 7
684 10
684 49
685 32
685 62
685 682
686 5
686 6
686 9
686 31
687 1
687 63
687 209
688 0
688 4
688 5
688 7
688 82
689 0
689 1
689 48
690 0
690 1
690 5
691 0
691 3
691 5
691 6
691 7
692 1
692 4
692 7
692 8
692 9
693 0
693 1
693 4
693 48
693 81
694 0
694 1
694 2
694 5
694 6
694 9
694 100
695 1
695 2
695 3
695 4
695 6
695 119
696 4
696 7
696 10
696 32
696 33
697 0
697 1
697 2
697 4
698 0
698 2
698 3
698 5
698 6
698 8
698 281
699 3
699 4
700 1
700 2
700 4
700 5
700 7
700 52
700 276
701 0
701 2
701 4
701 6
701 7
701 8
701 10
701 493
702 1
703 5
703 7
703 9
703 39
704 10
704 32
704 130
705 2
705 5
705 7
706 3
706 4
706 6
706 7
706 8
706 331
707 7
707 23
707 32
707 180
708 7
708 8
708 170
709 7
709 10
709 116
710 0
710 2
710 4
710 5
710 6
710 7
710 9
711 2
711 3
711 6
711 7
711 40
711 379
712 0
712 4
712 5
712 8
712 9
712 431
713 1
713 5
713 8
713 9
713 26
713 54
714 0
714 4
714 5
714 7
714 39
714 146
715 476
715 497
716 2
716 6
716 8
716 514
717 1
717 5
717 8
717 9
717 20
717 54
718 2
718 6
718 7
718 170
719 5
719 9
719 345
720 1
720 4
720 6
720 53
721 2
721 3
721 7
721 8
721 375
722 1
722 6
722 69
722 128
723 32
724 0
724 1
724 2
724 3
724 6
724 63
725 4
725 6
725 42
726 0
726 3
726 4
727 0
727 4
728 4
728 5
728 6
728 9
729 0
729 1
729 2
729 6
729 7
729 8
730 0
730 5
730 6
730 31
730 104
731 7
731 32
732 1
732 3
732 4
732 5
732 55
733 4
733 5
733 6
733 7
733 9
734 4
734 5
734 37
734 355
734 426
735 4
735 7
735 9
735 648
736 0
736 1
736 2
736 3
736 4
736 119
736 678
737 0
737 2
737 4
737 15
738 0
738 4
738 38
738 188
738 529
739 1
739 2
740 0
740 3
740 4
740 517
741 0
741 3
741 5
741 67
742 2
742 4
742 5
742 6
742 39
742 198
742 611
743 4
743 404
744 7
744 118
744 336
745 0
745 1
745 2
745 4
745 5
745 6
745 7
745 8
747 5
747 31
747 82
748 0
748 1
748 2
748 3
748 5
748 6
748 7
748 8
749 0
749 2
749 4
749 5
749 7
750 0
750 2
750 3
750 4
750 6
750 7
750 8
751 0
751 6
751 31
751 104
752 4
752 7
752 142
753 42
753 83
754 5
754 6
754 9
754 50
755 1
755 4
755 5
755 6
755 7
755 134
756 1
756 2
756 564
757 1
757 2
757 4
757 5
757 8
757 622
758 0
758 1
758 4
758 188
759 2
759 3
759 6
760 1
760 4
760 7
760 8
760 9
760 692
761 0
761 1
761 2
761 5
761 7
761 9
761 90
761 382
762 4
762 8
762 440
762 619
763 250
764 0
764 1
764 3
764 4
764 5
765 1
765 4
765 390
766 1
766 4
766 9
766 20
767 2
767 3
767 4
767 5
767 6
767 7
767 342
768 5
768 6
768 72
768 91
768 149
769 248
770 4
770 306
771 8
771 440
771 619
772 7
772 32
772 33
772 621
773 0
773 2
773 3
773 5
773 6
774 1
774 5
774 6
774 7
775 2
775 4
775 6
776 0
776 1
776 2
776 6
776 7
777 0
777 2
777 3
777 7
778 369
778 374
778 683
779 5
779 7
779 55
779 340
780 1
780 2
780 4
780 6
780 8
780 69
781 202
782 2
782 6
782 9
782 90
782 574
783 4
783 353
783 443
784 5
784 107
784 668
785 1
785 2
785 3
785 4
785 5
785 6
785 120
786 0
786 4
786 5
786 6
786 7
786 39
786 407
787 62
787 682
788 12
788 159
788 429
789 0
789 1
789 2
790 2
790 3
790 4
790 120
790 785
791 0
791 1
791 6
791 7
791 624
792 1
792 4
792 6
792 8
792 69
793 0
793 2
793 4
793 6
793 7
793 8
793 493
793 701
794 1
794 2
794 6
794 52
795 248
795 769
796 2
796 6
796 7
797 1
797 5
798 1
798 3
798 4
798 42
798 75
799 4
800 0
800 1
800 3
800 4
800 6
800 7
800 364
801 0
801 2
801 4
801 7
801 138
802 138
802 205
803 1
803 2
803 739
804 0
804 48
805 0
805 2
805 268
806 4
806 5
806 8
806 9
807 1
807 2
807 5
807 6
807 7
807 11
808 4
808 7
808 188
809 1
809 2
809 3
809 5
809 6
809 8
809 467
810 5
811 369
811 374
811 683
812 4
812 311
812 643
813 2
814 4
814 6
814 7
815 3
815 4
815 7
816 2
816 5
816 8
817 0
817 3
817 6
817 7
817 40
817 379
818 1
818 4
818 39
819 1
819 4
819 9
819 37
819 355
820 1
820 4
821 1
821 2
821 4
821 5
821 6
821 7
821 52
822 0
822 2
822 4
822 5
822 6
822 7
822 9
822 31
822 242
823 0
823 7
823 38
823 188
824 7
824 9
825 4
825 6
825 42
825 83
826 0
826 2
826 3
826 5
827 39
827 818
828 5
828 7
828 9
828 12
829 1
829 2
829 5
829 120
830 1
830 12
830 36
830 56
830 338
831 5
831 6
831 9
831 23
831 32
832 0
832 1
832 3
833 4
833 5
833 6
833 7
833 9
833 733
834 1
834 5
834 8
834 9
834 20
834 54
835 2
835 4
835 5
835 6
835 7
835 31
835 242
836 1
836 4
836 9
836 20
836 415
837 1
837 5
837 9
837 110
837 127
838 1
838 2
838 5
838 6
838 7
838 11
838 397
839 7
839 32
839 425
839 444
840 6
840 83
840 327
841 2
841 6
841 70
841 394
842 1
842 4
842 5
842 6
842 7
842 275
843 0
843 1
843 2
843 3
843 8
843 375
844 1
844 4
844 5
844 6
845 32
845 148
845 476
846 4
846 5
846 8
846 806
847 0
847 1
848 6
848 79
848 333
849 0
849 4
850 1
850 4
850 7
850 8
850 9
850 692
850 760
851 0
851 1
851 4
851 5
851 6
851 7
851 9
851 39
852 0
852 3
852 7
852 508
853 4
853 7
853 12
853 350
854 5
854 9
854 12
854 472
855 10
855 213
856 0
856 1
856 2
856 5
856 8
856 9
856 622
856 674
857 4
857 32
858 1
858 4
858 6
858 7
859 6
859 70
860 1
860 2
860 4
860 5
860 6
860 9
861 1
861 6
862 1
862 4
862 7
862 188
863 0
863 2
863 6
863 773
864 1
864 2
864 3
865 4
865 188
865 370
866 0
866 1
866 5
866 7
867 0
867 1
867 2
867 4
867 5
867 6
867 7
867 9
868 1
868 5
868 7
868 276
868 538
869 1
869 3
869 4
869 6
869 8
870 1
870 2
870 63
871 0
871 1
871 4
871 6
871 19
872 23
872 32
872 366
873 0
873 2
873 4
873 8
873 70
873 163
874 38
874 188
874 449
875 353
875 443
875 783
876 0
876 107
876 398
877 4
877 7
877 9
878 0
878 1
878 2
878 6
880 4
880 6
880 83
880 327
881 1
881 4
881 5
881 9
881 20
881 266
882 0
882 1
882 2
883 2
883 3
883 4
883 5
883 7
883 8
884 9
884 110
885 57
886 1
886 2
886 79
886 333
887 1
887 4
887 5
887 8
887 9
887 184
887 208
888 10
888 23
888 116
888 594
889 1
889 3
890 1
890 7
890 276
890 868
891 1
891 2
891 4
891 5
891 39
891 289
892 0
892 1
892 5
892 8
892 9
892 622
892 674
893 7
893 304
893 499
894 9
894 234
894 315
894 570
895 3
895 4
895 6
895 7
895 342
895 554
896 16
896 413
897 0
897 3
897 7
897 852
898 0
898 9
898 39
898 107
899 12
899 56
899 830
900 2
900 8
900 170
901 476
901 715
902 0
902 1
902 2
902 6
902 309
903 619
903 771
904 3
905 0
905 2
905 7
906 1
906 2
906 4
906 5
906 7
906 52
906 276
907 9
907 110
908 1
908 4
908 9
908 37
908 355
909 0
909 4
909 5
909 9
909 39
910 0
910 1
910 7
910 791
911 0
911 1
911 4
911 7
911 9
912 0
912 1
912 2
912 3
912 222
913 2
913 7
913 8
913 170
913 190
913 282
914 0
914 8
914 9
914 39
914 51
915 0
915 6
915 7
915 9
915 455
916 5
916 127
916 191
917 4
917 20
918 0
918 2
918 7
919 3
919 67
919 500
920 0
920 1
920 3
920 4
920 7
920 64
920 139
921 1
921 9
921 12
921 56
922 7
922 39
922 627
923 1
923 2
923 4
923 6
923 8
924 0
924 2
924 8
925 0
925 2
925 4
925 5
925 8
925 39
925 51
926 1
926 2
926 3
926 4
926 119
926 678
927 4
927 440
927 619
928 0
928 2
928 4
928 5
928 7
928 39
928 407
929 576
930 4
930 6
930 111
931 3
931 5
931 500
931 535
932 10
932 72
932 91
933 0
933 2
933 3
933 4
933 6
933 678
934 4
934 5
934 9
934 806
935 4
936 0
936 1
936 3
936 4
936 7
936 364
936 800
937 0
937 5
937 48
938 159
938 429
938 788
939 0
939 4
939 7
939 188
940 0
940 1
940 2
940 3
940 678
941 0
941 1
942 2
942 4
942 5
942 6
942 7
942 31
943 2
943 3
943 4
943 6
943 119
944 5
944 6
944 10
944 23
945 9
946 0
946 2
946 8
946 375
946 843
947 1
947 2
947 3
947 119
947 678
949 1
949 2
949 7
950 3
950 4
950 6
950 342
950 767
951 7
951 62
952 0
952 2
952 3
952 4
952 7
952 432
953 1
953 4
953 75
953 798
954 4
954 114
954 259
955 1
955 5
956 4
956 5
956 6
956 7
956 584
957 0
957 5
958 1
958 20
959 93
959 121
960 0
960 1
960 6
960 86
960 376
961 0
961 5
961 7
961 39
961 146
962 0
962 1
962 2
962 4
962 6
962 7
962 9
962 100
963 1
963 4
963 5
963 20
963 28
964 7
964 32
964 479
965 1
965 7
965 9
966 4
966 37
966 355
966 426
967 5
967 7
968 0
968 2
968 3
968 632
969 0
969 1
969 2
969 5
969 7
969 482
970 4
970 32
971 5
971 39
971 368
972 0
972 6
972 31
973 93
974 0
974 2
974 3
974 6
974 7
974 89
975 0
975 1
975 2
975 4
975 5
975 7
975 8
975 9
976 0
976 1
976 2
976 4
976 6
976 39
977 0
977 4
977 6
977 7
977 8
978 235
978 335
979 6
979 7
980 7
980 422
981 54
981 122
982 1
982 2
982 3
982 5
982 6
982 8
982 176
983 6
983 7
983 9
983 10
983 23
984 3
984 6
984 7
984 342
984 554
985 2
985 4
985 31
986 5
986 6
986 7
986 39
986 300
987 1
987 2
987 5
987 8
987 467
988 0
988 268
989 3
989 4
989 6
989 7
989 666
990 0
990 4
990 8
990 9
990 431
990 712
991 0
991 2
991 7
991 8
991 170
992 4
992 7
992 12
992 373
993 2
993 22
993 651
994 4
994 7
994 10
994 32
994 302
995 1
995 6
995 63
996 2
996 6
996 7
996 8
996 9
996 39
997 6
997 7
997 8
997 9
997 39
997 996
998 0
998 1
998 2
998 7
998 8
998 10
998 493
999 0
999 4
999 370
999 381
