1 0
2 0
2 1
3 0
3 1
3 2
4 0
4 1
4 2
4 3
5 0
5 1
5 2
5 3
5 4
6 0
6 1
6 2
6 3
6 4
6 5
7 0
7 1
7 2
7 3
7 4
7 5
7 6
8 0
8 1
8 2
8 3
8 4
8 5
8 6
8 7
9 0
9 1
9 2
9 3
9 4
9 5
9 6
9 7
9 8
10 0
10 1
10 3
10 4
10 5
10 6
11 1
11 2
12 0
12 1
12 2
13 0
13 1
13 2
13 3
13 4
13 5
14 1
14 3
14 4
14 5
14 6
15 1
15 3
15 4
15 5
15 6
15 8
16 0
16 1
16 12
17 0
17 2
17 12
18 0
18 1
18 12
19 0
19 1
19 2
19 4
19 6
19 7
19 9
20 0
20 1
20 2
20 4
20 6
20 7
20 9
20 19
21 1
21 4
21 5
21 6
21 14
22 0
22 12
22 18
23 1
23 4
23 6
23 14
24 0
24 1
24 2
24 4
24 5
25 2
25 3
25 4
25 5
25 13
26 0
26 1
26 3
26 4
26 5
26 6
26 10
27 0
27 1
27 4
27 6
27 7
27 9
27 19
27 20
28 0
28 12
28 18
29 0
29 1
30 0
30 12
30 28
31 0
31 2
32 0
32 1
32 2
32 4
32 6
32 9
32 19
33 0
33 1
34 12
34 18
35 0
35 1
35 2
35 3
35 5
36 1
36 3
36 4
36 5
36 6
37 0
37 2
37 4
37 6
37 7
37 9
37 19
37 20
38 0
38 1
38 2
38 4
38 7
38 9
38 19
39 0
39 2
39 4
39 6
39 7
39 19
39 20
39 37
40 0
40 1
40 12
40 16
41 1
41 4
41 5
41 6
41 14
42 0
42 1
42 2
42 4
42 5
42 6
43 1
43 4
43 6
43 14
43 23
44 1
44 4
44 6
44 14
44 23
46 0
46 2
46 4
46 7
46 9
46 19
46 20
46 37
47 1
47 6
47 14
47 21
48 0
48 12
49 0
49 1
49 3
49 4
49 5
49 6
50 1
50 3
50 4
50 5
50 6
51 0
51 1
51 4
51 5
51 13
52 0
52 2
52 4
52 7
52 9
52 19
52 20
52 46
53 1
54 0
54 12
54 18
54 28
55 0
55 2
55 4
55 6
55 7
55 20
55 37
56 1
56 2
56 3
56 4
56 5
56 6
57 0
57 1
57 3
57 4
57 5
57 6
57 49
58 0
58 1
58 4
58 5
58 13
59 0
59 1
59 3
59 4
59 5
59 6
60 0
60 1
60 4
60 5
60 6
60 49
61 1
61 4
61 5
61 6
62 0
62 4
62 7
62 20
62 37
62 55
63 0
63 2
63 4
63 7
63 19
63 20
63 37
63 46
64 0
64 2
64 4
64 6
64 7
64 9
64 20
65 0
65 5
65 13
65 58
66 0
66 1
66 2
66 4
66 7
66 19
66 20
67 0
67 12
68 0
68 1
68 2
68 4
68 7
68 38
69 0
69 2
69 4
69 19
69 20
69 37
69 46
69 63
70 0
70 1
70 2
70 12
71 0
71 2
71 4
71 7
71 9
71 19
71 20
71 37
71 46
72 1
72 3
72 4
72 5
72 6
72 8
73 0
73 1
73 2
73 4
73 7
73 9
73 19
74 0
74 1
74 3
74 4
74 6
75 1
75 4
75 14
75 23
75 44
76 0
76 2
76 4
76 5
76 24
77 1
77 4
77 14
77 23
78 0
78 1
78 12
79 3
79 4
79 5
79 6
79 50
80 0
80 2
80 3
80 4
80 5
80 6
81 2
81 4
81 6
81 7
81 19
81 20
81 37
82 0
82 1
82 2
82 4
82 6
82 7
82 19
83 0
83 4
83 5
83 24
84 0
84 2
84 4
84 6
84 7
85 0
85 1
85 4
85 5
85 6
85 10
85 26
86 0
86 2
86 6
86 7
86 9
86 19
86 20
87 0
87 1
87 3
87 5
88 1
88 3
88 4
88 5
89 1
89 2
89 4
89 5
89 6
89 56
90 2
90 4
90 13
91 1
91 3
91 4
91 5
91 6
92 2
92 4
92 6
92 7
92 19
92 20
92 37
93 12
93 18
94 0
94 2
94 4
94 7
94 9
94 19
94 73
95 0
95 2
95 4
95 6
95 7
95 9
95 19
95 20
96 0
96 1
96 4
96 5
96 6
96 49
97 0
97 1
97 2
97 4
97 6
97 7
97 9
97 19
97 20
98 1
98 3
98 5
99 0
99 2
100 1
100 5
100 6
101 1
101 4
101 5
101 6
101 14
101 41
102 2
102 4
102 6
102 7
102 9
102 20
102 64
103 14
103 21
103 47
104 1
104 4
104 5
104 6
104 8
104 72
105 1
105 5
105 100
106 0
106 5
106 6
106 49
107 0
107 2
107 4
107 5
107 80
108 0
108 2
108 4
108 7
108 9
108 19
108 73
109 1
109 14
109 23
109 77
110 0
110 2
110 4
110 7
110 9
110 19
110 20
110 46
110 52
111 0
111 2
111 3
111 5
111 6
111 80
112 0
112 1
112 87
113 1
113 4
113 6
113 23
114 0
114 1
114 3
114 5
114 6
114 49
115 4
115 5
116 0
116 1
116 4
116 5
116 6
116 10
116 26
117 0
117 1
117 4
117 5
117 6
117 26
118 12
119 1
119 2
119 3
119 5
119 6
120 0
120 2
120 4
120 6
120 7
120 20
120 37
121 1
121 2
121 3
121 4
121 5
121 6
122 0
122 1
122 3
123 0
123 5
123 6
123 49
124 1
124 5
124 6
125 0
125 1
125 12
126 4
127 0
127 1
127 4
127 5
127 6
127 60
128 4
128 14
128 23
128 77
129 1
129 2
129 3
129 4
129 5
129 6
130 1
130 14
130 23
130 44
131 0
131 2
131 4
131 6
131 7
131 9
132 0
132 1
132 3
132 4
132 6
133 2
133 99
134 0
134 2
134 4
134 7
134 9
134 19
134 20
134 95
135 0
135 1
135 4
135 6
135 7
135 9
135 20
135 27
136 1
136 4
136 5
136 6
136 8
137 0
137 3
137 5
138 5
139 0
139 1
139 2
139 4
139 6
139 7
139 9
140 2
140 4
140 7
140 9
140 19
140 20
140 46
140 52
140 110
141 0
141 1
141 2
141 5
141 6
141 7
141 8
141 9
142 0
142 2
142 4
142 7
142 19
142 73
142 94
143 0
143 4
143 7
143 19
143 37
143 46
143 63
144 0
144 1
144 2
144 4
145 2
145 4
145 7
145 19
145 20
145 37
145 81
146 1
146 6
146 124
147 1
147 2
147 4
147 6
147 9
147 19
148 1
148 2
148 4
148 5
149 0
149 2
149 4
149 20
149 37
149 46
149 63
149 69
150 0
150 2
150 7
150 38
151 0
151 1
151 2
151 4
151 6
151 7
151 9
151 19
151 20
151 97
152 0
152 4
152 7
152 19
152 20
152 95
153 0
153 4
153 7
153 9
153 73
153 108
154 1
154 3
154 4
154 5
155 2
155 4
155 7
155 19
155 20
155 37
155 81
155 145
156 0
156 2
156 4
156 7
156 9
156 19
156 46
156 52
157 0
157 1
157 2
157 4
157 9
157 19
157 20
157 97
158 1
158 4
158 5
158 6
159 0
159 1
159 4
160 0
160 1
160 3
160 4
160 5
160 6
161 0
161 2
161 4
161 7
161 9
161 19
161 37
161 46
162 0
162 2
162 6
162 7
162 9
162 20
163 1
163 2
163 3
163 6
164 0
164 1
164 3
164 4
164 5
164 6
164 59
165 2
165 4
165 90
166 0
166 2
166 4
166 7
166 9
166 19
166 20
166 37
167 0
167 1
167 4
167 6
167 7
167 9
167 19
168 2
168 4
168 7
168 20
168 37
168 81
168 145
169 0
169 2
169 4
169 7
169 20
169 37
170 0
170 2
170 7
170 9
170 19
170 20
170 46
170 52
171 0
171 1
171 4
171 5
171 60
171 127
172 1
172 3
172 4
172 5
172 50
173 0
173 4
173 5
173 13
174 0
174 2
174 4
174 20
174 37
174 46
174 63
174 149
175 1
175 14
175 77
176 0
176 4
176 80
177 2
177 4
177 7
177 19
177 20
177 37
177 145
178 0
178 1
178 3
178 5
178 87
179 0
179 1
179 5
179 6
179 7
179 8
179 9
180 2
180 3
180 4
180 5
180 6
180 80
181 1
181 4
181 5
181 88
182 0
182 2
182 4
182 7
182 20
182 37
183 0
183 3
183 137
184 0
184 1
184 159
185 0
185 33
186 0
186 1
186 4
186 5
186 6
186 60
186 127
187 2
187 4
187 6
187 7
187 9
188 0
188 4
188 7
188 19
188 20
188 95
189 0
189 2
189 4
189 6
189 7
189 20
189 64
190 0
190 1
190 4
190 5
190 6
190 49
190 60
191 0
191 2
191 4
191 7
191 19
191 20
191 37
191 63
192 2
192 4
192 20
192 37
192 46
192 63
192 149
193 4
193 7
193 9
193 187
194 0
194 1
194 2
194 4
194 6
194 7
194 19
194 82
195 1
195 2
195 4
195 9
195 19
196 0
196 7
196 9
196 73
196 108
196 153
197 1
197 14
197 23
197 109
198 1
199 2
199 4
199 6
199 19
199 20
199 37
199 81
200 0
200 4
200 7
200 73
200 108
201 1
201 4
201 5
201 6
201 14
202 0
202 1
202 5
202 6
202 60
202 127
202 186
203 0
203 1
203 2
203 4
204 0
204 4
204 7
204 9
204 19
204 37
204 46
205 1
205 4
205 5
206 2
206 3
206 4
206 5
206 6
207 0
207 12
208 0
208 2
208 4
208 9
208 20
208 52
208 110
209 1
209 4
209 5
209 6
209 41
210 1
210 5
211 0
211 1
211 4
211 6
211 7
211 9
211 19
211 20
211 97
212 2
212 4
212 6
212 7
212 9
212 139
213 0
213 4
213 20
213 37
214 2
214 3
214 5
214 6
214 80
214 180
215 0
215 4
215 7
215 20
215 55
216 1
216 3
216 4
216 5
216 172
217 2
217 4
217 7
217 19
217 37
217 81
218 0
218 2
219 0
219 2
219 4
219 7
219 19
219 20
219 37
219 63
220 0
220 1
220 2
220 4
220 7
220 19
220 20
220 66
221 0
221 1
221 4
221 5
221 6
221 60
221 127
222 1
222 4
222 5
222 6
223 2
223 4
223 7
223 19
223 20
223 37
223 145
224 4
224 5
224 6
224 49
224 60
224 190
225 0
225 1
225 4
225 203
226 0
226 4
226 7
226 19
226 46
226 63
227 1
227 4
227 5
227 6
227 201
228 0
228 2
228 4
228 20
228 37
228 46
228 63
229 2
229 7
229 9
229 20
229 46
229 52
229 110
230 1
230 5
230 6
230 7
230 8
230 9
231 18
231 34
232 0
232 2
232 4
232 6
232 7
232 9
232 19
232 20
233 0
233 2
233 4
233 7
233 9
233 19
233 20
233 37
233 166
234 2
234 133
235 1
235 6
236 0
236 1
236 2
236 3
236 4
236 5
236 6
236 7
236 8
237 0
237 2
237 7
237 38
237 150
238 0
238 2
238 4
238 6
238 7
238 131
239 0
239 1
239 3
239 4
239 6
239 49
239 57
240 0
240 2
240 4
240 5
240 24
240 76
241 0
241 4
241 7
241 19
241 20
241 37
241 63
242 0
242 1
242 2
242 3
242 4
242 5
242 6
242 7
242 8
243 0
243 2
243 4
243 7
243 9
243 19
243 20
243 46
243 52
244 0
244 1
244 2
244 4
244 6
244 9
244 19
244 20
245 1
245 2
245 3
245 4
245 5
245 6
245 129
246 0
246 2
246 4
246 7
246 9
246 19
246 20
246 52
247 0
247 4
247 5
247 13
248 1
248 2
248 4
248 6
248 9
248 19
248 147
249 0
249 1
249 2
249 4
249 5
249 6
249 7
250 7
250 46
250 110
251 0
251 2
251 4
251 6
251 7
251 131
252 0
252 1
252 5
252 6
252 10
252 26
253 0
253 2
253 4
253 7
253 9
253 19
253 20
253 232
254 0
254 4
254 7
254 46
254 63
254 226
255 0
255 1
255 87
255 112
256 0
256 4
256 7
256 20
256 55
256 215
257 0
257 2
257 9
257 19
257 20
257 46
257 52
258 0
258 1
258 5
258 6
258 49
258 190
259 1
259 6
259 14
259 23
260 0
260 1
260 4
260 6
260 7
260 9
260 20
260 27
261 3
261 5
261 6
261 10
262 0
262 2
262 4
262 9
262 20
262 46
262 52
263 0
263 5
263 13
263 58
263 65
264 2
264 3
264 4
264 5
264 13
265 4
265 5
265 6
265 222
266 2
266 4
266 19
266 73
267 1
267 23
267 44
268 1
268 2
268 3
268 5
268 6
268 119
269 2
269 7
269 19
269 37
269 81
269 217
270 1
270 2
270 4
270 6
270 7
270 9
270 19
270 20
270 97
271 2
271 6
271 7
271 9
272 2
272 3
272 4
272 5
272 6
273 0
273 2
273 4
273 20
273 37
273 46
273 63
274 0
274 4
274 13
274 173
275 0
275 4
275 7
275 46
275 63
275 226
275 254
276 3
276 5
276 6
276 10
277 1
277 5
278 1
278 4
278 5
278 6
278 8
279 4
279 5
279 6
279 50
280 0
280 4
280 7
280 20
280 37
280 55
281 0
281 1
281 4
281 6
281 9
281 19
282 1
282 3
282 4
282 5
282 6
282 49
282 57
283 1
283 3
283 4
283 5
283 172
283 216
284 0
284 1
284 3
284 4
284 5
284 6
284 7
284 8
284 9
285 0
285 12
286 2
286 4
286 7
286 19
286 20
286 37
286 81
286 145
287 1
287 5
287 8
287 230
288 4
288 7
288 19
288 20
288 95
288 188
289 0
289 2
289 6
289 7
289 9
289 19
289 86
290 1
290 2
290 4
290 7
290 9
290 19
290 73
291 0
291 2
291 4
291 20
291 37
291 46
291 63
291 69
291 149
292 2
292 6
292 7
293 0
293 87
293 112
293 255
294 0
294 2
294 19
294 20
294 46
294 52
295 2
295 4
295 7
295 19
295 37
295 145
296 0
296 2
296 6
296 7
296 9
296 19
296 86
296 289
297 0
297 1
297 3
297 4
297 5
298 1
298 4
298 5
298 50
298 172
299 0
299 4
299 7
299 20
299 215
300 0
300 2
300 6
300 7
300 20
301 0
301 2
301 4
301 7
301 9
301 19
301 37
301 46
302 0
302 2
302 4
302 7
302 19
302 20
302 37
302 166
302 233
303 0
303 1
303 2
303 4
303 5
303 7
304 0
304 1
304 3
304 5
304 6
304 59
304 164
305 0
305 2
305 7
305 38
306 0
306 2
307 0
307 1
307 2
307 5
307 6
307 7
307 249
308 0
308 2
308 4
308 37
308 46
308 63
308 149
308 174
309 0
309 2
309 4
309 6
309 7
309 20
309 64
310 1
310 2
310 4
310 19
310 195
311 0
311 2
311 4
311 7
311 9
311 19
311 73
312 0
312 1
312 5
312 6
312 127
313 1
313 4
314 2
314 4
314 19
314 20
314 37
315 1
315 4
315 5
315 6
315 72
315 104
316 0
316 1
316 4
316 6
316 7
316 9
316 20
316 27
317 0
317 2
317 4
317 20
317 46
317 52
317 262
318 2
318 4
318 7
318 37
318 81
318 145
319 0
319 1
319 2
319 4
319 7
319 20
319 66
319 220
320 0
320 2
320 4
320 37
320 63
320 149
320 174
321 0
321 7
321 38
321 150
322 0
322 1
322 3
322 4
322 6
322 57
323 0
323 2
323 3
323 5
323 6
324 0
324 1
324 3
324 4
324 74
325 2
325 7
325 19
325 37
325 145
326 0
326 2
326 4
326 19
326 37
326 46
326 63
326 69
327 0
327 1
327 2
327 6
327 9
327 20
328 3
328 4
328 5
328 6
328 49
328 57
329 0
329 7
329 9
329 73
329 108
330 0
330 1
330 3
330 4
330 5
330 6
331 1
331 6
331 14
332 0
332 4
332 7
332 19
332 37
332 46
332 204
333 0
333 1
333 2
333 5
333 7
333 249
334 0
334 4
334 7
334 19
334 37
334 46
334 63
334 143
335 3
335 4
335 5
335 49
335 57
336 2
336 4
336 37
336 46
336 63
336 149
336 174
337 0
337 2
337 4
337 19
337 20
337 46
337 63
338 1
338 2
338 4
338 6
338 7
338 9
339 0
339 2
339 4
339 7
339 131
339 251
340 0
340 1
340 12
340 16
341 0
341 7
341 9
341 73
341 108
341 153
342 0
342 2
342 4
342 6
342 7
342 9
343 0
343 4
343 5
343 80
344 2
344 4
344 7
344 19
344 20
344 37
344 145
344 223
345 0
345 1
345 2
345 4
345 6
345 9
345 19
346 0
346 1
346 3
346 4
346 5
346 6
347 0
347 2
347 4
347 46
347 63
347 69
347 326
348 0
348 2
348 4
348 7
348 9
348 19
348 20
348 52
348 246
349 0
349 1
349 6
349 7
349 9
349 20
349 27
350 0
350 2
350 9
350 19
350 20
350 46
350 52
350 257
351 0
351 2
351 3
351 4
351 6
351 80
352 4
352 5
352 8
352 136
353 0
353 2
353 4
353 7
353 9
353 19
353 73
354 0
354 2
354 4
354 37
354 46
354 63
354 149
355 1
355 2
355 4
355 6
355 7
355 9
355 19
356 0
356 207
357 1
357 4
357 5
357 6
357 72
357 104
358 0
358 1
358 2
358 4
358 7
358 19
358 66
359 0
359 2
359 4
359 19
359 20
359 37
359 46
359 63
360 0
360 1
360 4
360 5
360 117
361 2
361 4
362 1
362 5
362 6
362 49
362 190
362 258
363 1
363 12
364 0
364 4
364 80
365 0
365 1
365 2
365 4
365 5
365 6
366 0
366 1
366 4
366 5
366 6
366 49
366 60
367 1
367 4
367 6
367 14
367 23
368 0
368 4
368 7
368 9
368 19
368 20
368 52
370 0
370 4
370 7
370 19
370 37
370 63
370 143
371 1
371 3
371 6
371 8
371 15
372 0
372 4
372 9
372 19
372 20
372 46
372 52
372 243
373 4
373 6
373 50
373 279
374 0
374 1
374 2
374 4
374 6
374 7
374 9
374 19
374 20
374 97
375 6
375 50
375 279
375 373
376 0
376 4
376 7
376 19
376 37
376 63
376 143
376 370
377 1
377 12
377 16
378 0
378 1
378 2
378 3
378 4
378 6
378 7
378 8
379 2
379 4
379 6
379 19
379 20
379 37
379 81
380 1
380 5
380 100
381 0
381 2
381 4
381 7
381 9
381 19
381 20
381 232
381 253
382 1
382 87
382 112
383 0
383 2
383 4
383 20
383 46
383 262
383 317
384 2
384 4
384 20
384 37
384 46
384 63
385 0
385 2
385 7
385 9
385 19
386 0
386 2
386 4
386 7
386 9
386 19
386 20
386 95
387 4
387 7
387 19
387 20
387 37
387 63
387 241
388 0
388 1
388 3
388 5
388 6
388 49
389 1
389 6
389 14
389 21
389 47
390 2
390 4
390 5
390 6
391 1
391 2
391 4
391 6
391 7
391 9
391 19
391 20
391 97
392 3
392 5
392 6
392 49
392 57
392 328
393 0
393 2
393 9
393 20
393 52
393 110
393 208
394 1
394 8
394 15
394 371
395 0
395 2
395 5
395 249
395 333
396 0
396 1
396 2
396 3
396 4
397 1
397 4
397 5
397 14
398 2
398 6
398 7
398 19
398 20
398 37
399 0
399 1
399 4
399 5
399 6
399 26
400 2
400 19
400 73
401 0
401 1
401 2
401 4
401 9
401 19
401 97
401 157
402 1
402 4
402 6
402 23
403 1
403 4
403 5
403 6
403 41
403 101
404 4
404 50
404 279
404 373
405 0
405 2
405 4
405 7
405 9
405 19
405 232
405 253
406 2
406 3
406 5
406 80
406 180
407 1
407 2
407 4
407 5
407 6
407 365
408 0
408 1
408 3
408 4
408 5
408 6
409 0
409 2
409 4
409 5
409 80
409 107
410 0
410 12
411 0
411 6
411 7
411 20
411 300
412 1
412 3
412 4
412 5
412 6
412 15
413 0
413 4
413 7
413 46
413 63
413 226
413 275
414 0
414 1
414 4
414 5
414 127
414 171
415 0
415 2
415 6
415 7
415 9
416 0
416 4
416 19
416 37
416 63
416 143
416 370
417 0
417 1
417 4
417 5
417 6
417 26
417 399
418 2
418 4
418 19
418 37
419 4
419 50
419 279
420 0
420 2
420 4
420 6
420 7
420 9
420 20
420 95
421 2
421 3
421 4
421 5
422 0
422 2
422 3
422 4
422 5
422 6
422 7
423 0
423 1
423 3
423 5
423 6
423 59
423 164
423 304
424 2
424 234
425 0
425 2
425 19
425 20
425 46
425 52
426 0
426 1
426 3
426 4
426 5
426 6
426 59
427 1
427 3
427 163
428 0
428 7
428 46
428 63
428 226
428 254
428 275
429 1
429 6
429 124
430 0
430 1
430 2
430 5
430 7
430 249
430 333
431 0
431 218
432 0
432 2
432 7
432 9
432 19
432 20
432 86
433 4
433 20
433 37
433 46
433 63
433 384
434 0
434 2
434 4
434 7
434 20
434 37
435 1
435 4
435 5
435 6
435 14
435 21
436 0
436 2
436 6
436 7
436 20
436 37
437 0
437 4
437 6
437 9
437 19
437 20
437 27
438 4
438 7
438 19
438 37
438 81
438 217
439 1
439 4
439 6
440 0
440 6
440 7
440 300
440 411
441 2
441 4
441 5
441 80
441 107
442 5
442 6
442 49
442 123
443 0
443 1
443 5
443 6
443 60
443 127
443 221
444 4
444 5
444 14
444 397
445 0
445 1
445 2
445 6
445 7
445 9
445 19
445 20
445 97
445 374
446 0
446 2
446 4
446 7
446 19
446 20
446 37
446 46
447 0
447 1
447 3
447 4
447 5
448 2
448 7
449 1
449 2
449 4
449 7
449 19
449 20
449 66
450 0
450 3
450 4
450 5
450 6
451 2
451 3
451 4
451 5
451 13
451 25
452 0
452 2
452 6
452 7
452 9
453 1
453 2
453 12
453 70
454 0
454 7
454 46
454 226
454 275
454 413
455 0
455 1
455 4
455 5
455 6
455 7
456 1
456 4
456 5
456 6
456 72
456 104
456 315
457 1
457 4
457 6
458 0
458 2
458 4
458 7
458 20
458 37
458 169
459 2
459 4
459 7
459 9
459 19
459 20
459 46
459 52
459 110
459 140
460 7
460 46
460 63
460 226
460 254
460 275
461 0
461 1
461 2
461 6
461 7
461 9
461 20
461 97
461 374
461 445
462 0
462 1
462 4
462 7
462 9
463 2
463 4
463 6
463 7
463 9
463 139
464 1
464 3
464 5
464 172
465 0
465 2
465 4
465 20
465 46
465 63
465 69
466 0
466 2
466 4
466 20
466 37
466 46
466 63
466 69
466 149
466 291
467 0
467 1
467 3
468 0
468 1
468 4
468 5
468 58
469 0
469 1
469 2
469 3
469 4
469 5
469 6
469 7
469 236
470 3
470 5
470 6
470 261
471 0
471 4
471 7
471 46
471 63
471 226
471 254
472 0
472 2
472 4
472 20
472 37
472 46
472 63
472 273
473 0
473 1
473 6
473 7
473 9
473 20
473 27
474 0
474 2
474 4
474 6
474 7
474 19
474 20
474 37
475 0
475 4
475 9
475 19
475 37
475 46
475 204
476 1
476 14
476 23
477 1
477 2
477 4
477 5
477 6
477 129
478 2
478 4
478 37
478 46
478 149
478 174
479 1
479 3
479 5
480 0
480 2
480 4
480 7
480 9
480 19
480 20
480 253
481 3
481 5
481 6
481 160
482 0
482 2
482 4
482 20
482 46
482 63
482 69
482 465
483 3
483 4
483 6
483 49
483 57
484 0
484 2
484 4
484 7
484 19
484 37
484 46
485 0
485 2
485 4
485 6
485 7
485 19
485 20
485 232
486 6
486 7
486 9
487 0
487 1
487 3
487 5
487 6
487 10
488 1
488 14
488 77
489 2
489 4
489 361
490 2
490 4
490 7
490 19
490 20
490 37
490 145
490 223
491 2
491 4
491 7
491 19
491 37
492 0
492 1
492 6
492 7
492 9
492 27
493 0
493 1
493 4
493 6
493 49
493 60
494 1
494 3
494 4
494 5
494 50
495 1
495 4
495 5
495 6
495 158
496 1
496 2
496 3
496 4
496 5
496 6
497 0
497 4
497 7
497 19
497 63
498 0
498 2
498 4
498 7
498 9
498 19
498 20
499 2
499 13
500 1
500 4
500 7
500 9
500 19
500 73
500 290
501 0
501 1
501 2
501 3
501 4
501 5
501 6
501 7
501 8
502 1
502 3
502 4
502 172
502 216
503 0
503 2
503 7
503 9
503 289
504 0
504 3
504 4
504 322
505 2
505 4
505 7
505 9
505 19
505 20
505 498
506 3
506 5
506 481
507 2
507 4
507 7
507 19
507 20
507 37
507 145
508 0
508 1
508 4
508 6
508 49
508 60
508 366
509 0
509 2
509 4
509 7
509 9
509 19
509 52
510 1
510 2
510 3
510 4
510 5
510 6
510 7
510 236
510 469
511 0
511 7
511 226
511 275
511 413
511 454
512 2
512 4
512 165
513 2
513 4
513 5
513 6
513 7
514 1
514 2
514 4
514 7
514 9
514 19
514 73
514 290
515 0
515 2
515 4
515 9
515 19
515 73
516 0
516 1
516 5
516 186
517 0
517 1
517 2
517 3
517 5
517 6
517 7
517 236
517 469
518 0
518 2
518 4
518 7
518 9
518 19
518 20
519 0
519 1
519 2
519 6
519 7
519 9
520 0
520 1
520 3
520 4
521 0
521 1
521 4
521 7
521 19
521 20
522 14
522 23
523 0
523 3
523 4
523 5
523 6
523 59
524 0
524 2
524 4
524 7
524 19
524 37
524 46
525 0
525 1
525 4
525 6
525 7
525 19
525 20
526 0
526 2
526 4
526 6
526 20
526 64
527 0
527 4
527 24
527 83
528 4
528 6
528 7
528 19
528 20
528 37
529 0
529 2
529 6
529 7
529 452
530 0
530 1
530 4
530 7
530 9
530 19
531 0
531 1
531 6
531 7
531 9
531 20
532 4
532 9
532 19
532 20
532 46
532 52
532 243
532 372
533 0
533 1
533 12
533 78
534 1
534 2
534 4
534 6
534 7
534 9
534 338
535 1
535 12
535 16
536 2
536 4
536 20
536 37
536 46
536 63
537 0
537 1
537 2
537 4
537 19
537 20
537 66
537 220
538 1
538 2
538 3
538 4
538 6
539 0
539 1
539 2
539 3
539 4
539 6
539 7
539 8
540 4
540 23
540 77
541 1
541 2
541 4
541 6
541 7
541 19
541 20
541 97
542 1
542 2
542 3
542 4
542 5
543 0
543 80
544 0
544 2
544 7
544 9
544 503
545 0
545 2
545 4
545 63
545 69
545 149
546 2
546 4
546 5
546 6
546 7
546 422
547 1
547 4
547 7
547 19
547 20
547 521
548 1
548 4
548 5
548 6
548 72
548 104
548 315
549 1
549 4
549 5
549 6
549 49
549 60
550 0
550 2
550 4
550 6
550 9
550 19
550 345
551 0
551 2
551 3
551 4
551 5
551 6
551 7
551 422
552 0
552 4
552 7
552 73
552 108
552 200
553 0
553 2
553 4
553 20
553 37
553 46
553 63
553 273
554 2
554 6
554 7
554 9
555 0
555 2
555 6
555 7
555 9
555 19
555 20
555 97
555 374
555 445
556 1
556 4
556 5
556 6
556 14
557 0
557 2
557 4
557 20
557 52
557 262
558 0
558 2
558 6
558 9
558 162
559 0
559 1
559 5
560 3
560 5
560 10
560 276
561 1
561 3
561 4
561 5
561 172
561 216
562 2
562 7
562 19
562 73
562 94
563 2
563 4
563 6
563 7
563 9
564 0
564 9
564 19
564 20
564 46
564 257
565 0
565 1
565 6
565 9
565 19
565 20
565 97
565 374
565 445
566 2
566 4
566 6
566 20
566 37
566 81
566 199
567 0
567 1
567 4
567 5
567 26
567 399
568 0
568 1
568 2
568 4
568 6
568 7
568 9
568 19
568 20
568 97
568 151
569 4
569 77
569 540
570 0
570 1
570 3
570 4
570 132
571 0
571 1
571 2
571 3
571 5
572 1
572 6
572 14
573 2
573 5
573 6
573 7
573 422
573 546
574 0
574 4
574 24
574 83
574 527
575 1
575 4
575 5
575 6
575 60
575 549
576 1
576 4
576 313
577 0
577 2
577 4
577 6
577 7
577 9
577 19
577 20
578 0
578 6
578 7
578 20
578 37
578 436
579 1
579 2
579 4
579 7
579 19
579 20
579 66
579 449
580 2
580 20
580 37
580 46
580 63
580 149
580 192
581 1
581 2
581 6
581 7
581 9
581 97
581 374
581 445
582 0
582 4
582 7
582 19
582 37
582 46
582 143
582 334
583 4
583 37
583 46
583 149
583 174
584 0
584 4
584 7
584 19
584 20
584 37
584 46
585 0
585 4
585 6
585 7
585 9
585 20
586 0
586 2
586 4
586 7
586 9
586 19
586 20
586 577
587 4
587 50
587 279
587 419
588 0
588 9
588 19
588 20
588 46
588 52
588 257
589 0
589 2
589 7
589 9
590 1
590 3
590 4
590 5
590 6
590 91
591 0
591 1
591 2
591 4
591 7
591 9
591 19
591 20
591 568
592 2
592 4
592 6
592 7
592 131
592 251
593 0
593 2
593 4
593 20
593 37
593 63
593 69
593 149
593 291
594 2
594 4
594 7
594 20
594 37
594 169
595 4
595 20
595 37
595 46
595 384
595 433
596 0
596 1
596 3
596 5
596 87
597 0
597 2
597 4
597 20
597 37
597 46
597 63
598 0
598 2
598 4
598 7
598 9
598 20
598 577
599 0
599 2
599 4
599 6
599 7
599 9
599 139
600 185
601 0
601 2
601 4
601 9
601 19
601 20
601 37
601 166
601 233
602 5
602 6
602 7
602 8
603 0
603 2
603 4
603 6
603 7
603 20
603 37
604 0
604 1
604 2
604 4
604 6
604 9
604 19
604 32
605 2
605 4
605 20
605 37
605 46
605 63
606 5
606 13
606 247
607 1
607 3
607 5
607 464
608 2
608 4
608 6
608 20
608 37
608 81
608 379
609 0
609 7
609 9
609 108
609 153
609 196
610 0
610 2
610 6
610 7
610 9
610 19
610 86
610 289
611 1
611 3
611 4
611 5
611 6
612 1
612 3
612 5
613 2
613 4
613 7
613 19
613 20
613 145
613 223
614 0
614 1
614 4
614 7
614 20
614 66
615 0
615 4
615 6
615 7
615 455
616 1
616 3
616 464
617 0
617 1
617 2
617 3
617 4
617 5
617 6
618 1
618 4
618 5
618 6
618 136
619 0
619 1
619 3
619 4
619 6
619 59
619 426
620 2
620 4
620 7
620 9
620 19
620 20
620 232
620 253
620 381
621 0
621 4
621 7
621 19
621 37
621 63
622 4
622 7
622 19
622 20
622 37
622 63
622 387
623 0
623 4
623 7
623 215
623 299
624 33
625 7
625 20
625 37
625 436
625 578
626 2
626 3
626 5
626 13
627 0
627 2
627 7
627 9
627 19
627 20
627 498
628 3
628 4
628 5
628 49
628 57
629 0
629 1
629 6
629 9
629 27
630 0
630 4
630 7
630 9
630 73
630 108
631 1
631 4
631 14
631 23
632 1
632 4
632 5
632 8
632 72
633 1
633 4
633 9
633 19
633 195
634 4
634 5
636 0
636 6
636 7
636 9
636 19
636 20
636 211
637 0
637 7
637 38
637 321
638 0
638 2
638 4
638 6
638 7
638 19
638 20
638 37
639 0
639 1
639 2
639 4
639 7
639 38
640 0
640 2
640 4
640 7
641 0
641 7
641 275
641 413
641 454
641 511
642 7
642 46
642 63
642 226
642 254
642 275
642 460
643 0
643 2
643 4
643 7
643 20
643 182
644 0
644 7
644 9
644 153
644 196
645 2
645 6
645 19
645 20
645 37
646 0
646 1
646 2
646 3
646 4
646 5
646 6
646 7
646 469
647 0
647 4
647 19
647 20
647 37
647 166
647 233
648 0
648 2
648 4
648 6
648 7
648 19
648 20
648 37
648 39
649 0
649 2
649 6
649 7
649 20
649 300
650 1
650 2
650 4
650 5
650 6
651 0
651 1
651 4
651 5
651 6
651 26
652 2
652 4
652 7
652 19
652 20
652 37
652 145
652 223
653 0
653 1
653 2
653 3
653 4
653 5
653 6
653 8
654 1
654 4
654 5
654 6
654 41
655 0
655 1
655 4
655 6
655 60
655 127
656 0
656 1
656 4
656 6
656 60
656 366
657 1
657 4
657 6
657 60
658 0
658 2
658 4
658 20
658 37
658 46
658 63
658 69
658 149
659 1
659 2
659 4
659 7
659 19
659 66
659 449
660 2
660 4
660 37
660 46
660 174
660 478
661 1
662 0
662 1
662 3
662 4
662 6
662 57
663 0
663 1
663 5
663 6
663 7
664 0
664 4
664 9
664 19
664 37
664 204
664 475
665 2
665 6
665 20
665 37
665 81
665 379
665 608
666 20
666 46
666 384
666 433
666 595
667 0
667 6
667 7
667 9
667 19
667 20
667 97
667 374
668 0
668 7
668 9
668 73
668 108
669 0
669 2
669 6
669 7
669 9
669 19
669 86
670 0
670 2
670 4
670 20
670 46
670 52
671 1
671 2
671 4
671 9
671 19
671 20
671 97
671 270
672 4
672 20
672 37
672 46
672 63
672 384
673 1
673 2
673 6
673 7
673 19
673 20
673 97
674 0
674 1
674 2
674 9
674 19
674 97
675 0
675 2
675 7
675 9
675 19
675 385
676 0
676 2
676 4
676 7
676 9
676 19
676 20
676 95
677 0
677 2
677 4
677 9
677 19
677 20
677 46
677 52
678 0
678 4
678 6
678 7
678 9
678 20
678 27
678 135
679 0
679 2
679 7
680 0
680 2
680 4
680 37
680 46
680 63
680 69
680 149
681 5
681 6
681 7
681 422
681 546
682 0
682 4
682 7
682 19
682 37
682 46
682 143
682 334
682 582
683 1
683 4
683 5
683 6
683 21
684 0
684 1
684 4
684 5
684 6
684 26
684 399
685 0
685 2
685 6
685 7
685 452
685 529
686 0
686 2
686 4
686 7
686 19
686 353
687 1
687 3
687 4
687 5
687 15
688 0
688 3
688 5
689 0
689 2
689 4
689 7
689 19
689 37
690 2
690 4
690 37
690 174
690 478
690 660
691 1
691 5
691 8
692 0
692 24
692 83
692 527
693 0
693 1
693 4
693 6
693 60
693 127
693 655
694 2
694 3
694 4
694 5
694 6
694 80
694 180
695 1
695 4
695 6
696 4
696 80
697 2
697 7
697 9
697 20
697 52
697 110
698 0
698 2
698 4
698 7
698 9
698 20
699 2
699 7
699 19
699 37
700 8
700 15
700 371
701 1
701 3
701 4
701 5
701 49
701 57
701 282
702 0
702 1
702 6
702 7
702 9
702 19
702 167
703 0
703 2
703 6
703 7
703 20
703 37
703 55
704 2
704 4
704 7
704 19
704 81
704 217
705 0
705 4
705 7
705 46
705 63
705 226
705 275
706 0
706 2
706 3
706 5
706 6
706 7
706 8
707 0
707 1
707 2
707 3
707 4
707 7
707 8
707 378
708 4
708 7
708 9
708 19
708 20
708 46
708 52
708 110
709 0
709 3
709 4
709 5
709 6
710 4
710 7
710 9
710 19
710 20
710 52
710 110
710 140
711 0
711 112
711 255
712 0
712 4
712 6
712 7
712 9
712 27
712 135
713 0
713 2
713 4
713 9
713 20
713 46
713 52
714 1
714 3
714 4
714 74
715 0
715 2
715 4
715 7
715 20
715 37
716 0
716 2
716 4
716 9
716 19
716 20
716 37
716 166
716 233
717 2
717 4
717 6
717 7
717 131
717 251
718 2
718 6
718 7
718 452
719 0
719 2
719 4
719 6
719 7
719 20
719 37
719 39
719 648
720 0
720 1
720 4
720 225
721 2
721 3
721 4
721 5
721 13
721 264
722 0
722 108
722 153
723 0
723 1
723 2
723 4
723 19
723 66
724 1
724 2
724 4
724 19
724 195
724 310
725 0
725 1
725 2
725 4
725 7
725 66
725 220
725 319
726 0
726 1
726 4
726 7
726 19
726 20
726 521
727 1
727 4
727 5
727 201
728 0
728 2
728 4
728 9
728 20
728 46
728 52
728 677
729 2
729 20
729 46
729 425
730 0
730 2
730 4
730 9
730 52
731 0
731 2
731 6
731 7
731 9
731 20
731 162
732 0
732 2
732 4
732 7
732 19
732 20
732 37
732 46
733 0
733 2
733 4
733 6
733 7
733 84
734 4
734 7
734 19
734 20
734 95
734 188
735 0
735 1
735 2
735 3
735 4
735 5
735 6
735 469
736 1
736 4
736 5
736 6
736 72
736 104
736 315
737 2
737 4
737 5
737 6
737 7
738 1
738 60
738 657
739 1
739 4
739 23
740 0
740 1
740 2
740 4
740 7
741 1
741 4
741 5
741 6
741 14
741 41
742 0
742 1
742 4
742 6
742 9
742 19
742 281
743 0
743 2
743 20
743 37
743 46
743 63
743 69
743 149
743 658
744 1
744 3
744 4
744 5
744 6
745 0
745 2
745 7
745 9
745 19
745 20
745 95
745 676
746 0
746 7
746 108
746 153
746 196
747 1
747 3
747 4
747 216
747 283
748 0
748 4
748 7
748 19
748 37
748 46
748 204
748 332
749 0
749 3
749 5
749 6
749 323
750 0
750 2
750 4
750 9
750 19
750 73
750 108
751 3
751 4
751 5
751 6
751 79
752 2
752 234
752 424
753 0
753 1
753 2
753 3
753 4
753 7
753 8
754 4
754 6
754 19
754 20
754 37
755 0
755 2
755 4
755 7
755 9
755 19
755 20
755 37
756 1
756 2
756 4
756 5
756 7
757 2
757 7
757 37
757 699
758 0
758 1
758 6
758 9
758 27
758 492
759 0
759 1
759 4
759 7
759 9
759 19
759 20
759 568
760 0
760 2
760 4
760 9
760 19
760 97
760 157
761 4
761 7
761 19
761 20
761 46
761 52
761 110
762 0
762 4
762 7
762 19
762 20
762 95
762 152
763 3
763 4
763 49
763 57
764 0
764 2
764 4
764 7
764 19
764 20
764 95
765 4
765 6
765 7
765 19
765 20
766 2
766 99
766 133
767 0
767 2
767 4
767 6
767 7
767 9
767 19
767 20
768 3
768 6
768 79
769 0
769 2
769 6
769 7
769 86
770 0
770 1
770 2
770 4
770 7
770 66
770 220
771 1
771 2
771 3
771 5
771 6
771 119
772 2
772 4
772 5
772 13
773 0
773 2
773 4
773 19
773 20
773 46
773 732
774 1
774 4
774 5
774 6
774 158
775 0
775 4
775 9
775 20
775 46
775 243
776 2
776 4
776 5
776 80
776 107
776 409
777 0
777 1
777 3
777 4
777 5
777 8
777 653
778 1
778 23
778 44
779 1
779 5
779 6
780 1
780 4
780 5
780 50
781 0
781 4
781 46
781 63
781 69
781 326
782 0
782 1
782 5
782 6
782 60
782 127
783 1
783 87
783 112
784 7
784 46
784 63
784 226
784 254
784 275
784 460
784 642
785 1
785 3
785 4
785 6
785 744
786 0
786 2
786 7
786 289
787 1
787 2
787 4
787 144
788 1
788 2
788 3
788 4
788 6
788 7
788 236
789 0
789 4
789 9
789 108
790 0
790 1
790 2
790 6
790 7
790 9
791 0
791 1
791 4
791 20
791 66
791 614
792 2
792 4
792 7
792 20
792 37
792 81
792 145
792 286
793 3
793 5
793 6
793 10
793 276
794 1
794 3
795 0
795 1
795 6
795 27
796 2
796 73
796 400
797 0
797 4
797 7
797 19
797 20
797 521
798 0
798 1
798 5
798 6
798 60
798 127
799 1
799 4
799 5
799 6
799 41
799 654
800 2
800 20
800 46
800 63
800 69
800 465
800 482
802 1
802 2
802 6
802 19
802 20
802 97
803 2
803 4
803 6
803 7
803 131
803 251
803 592
804 0
804 2
804 4
804 7
804 9
804 19
804 498
805 1
805 2
805 3
805 4
805 5
805 6
805 245
806 1
806 4
806 5
806 6
806 14
806 201
807 0
807 1
807 3
807 4
807 5
807 6
808 0
808 1
808 6
808 7
808 9
808 20
809 1
809 4
809 5
809 8
809 632
810 0
810 5
810 13
810 65
810 263
811 1
811 5
811 6
811 41
812 4
812 7
812 9
812 20
812 52
812 110
812 140
813 2
813 6
813 20
813 37
813 81
813 199
813 566
814 1
814 4
814 5
814 6
814 41
814 209
815 2
815 4
815 9
815 73
815 311
816 0
816 7
816 46
816 63
816 226
816 254
817 0
817 6
817 9
817 19
817 20
818 2
818 4
818 5
818 80
818 107
819 2
819 3
819 5
820 1
820 4
820 5
820 6
821 2
821 4
821 37
821 63
821 149
821 174
822 2
822 4
822 5
822 25
823 0
823 2
823 289
824 0
824 255
824 711
825 1
825 4
825 5
825 41
826 4
826 7
826 20
826 95
826 188
827 0
827 4
827 7
827 19
827 143
827 334
828 0
828 2
828 4
828 7
828 19
828 20
828 37
828 63
828 191
829 0
829 1
829 4
829 6
829 7
829 19
829 20
829 27
830 0
830 2
830 4
830 7
830 19
830 37
830 46
830 484
831 1
831 4
831 6
831 158
832 0
832 4
832 7
832 19
832 37
832 63
833 3
833 4
833 6
833 744
834 0
834 2
834 4
834 20
834 46
834 52
835 0
835 1
835 4
835 5
835 6
835 60
836 0
836 4
836 7
836 9
836 19
836 20
836 95
836 134
837 2
837 7
837 19
837 37
837 145
838 0
838 4
838 7
838 9
838 108
839 3
839 5
839 688
840 0
840 4
840 63
840 69
840 149
840 545
841 0
841 2
841 4
841 20
841 46
841 52
841 262
842 0
842 2
842 4
842 7
842 19
842 73
843 4
843 5
843 8
844 0
844 1
844 2
844 4
844 19
844 66
845 1
845 3
845 4
845 5
845 6
845 590
846 0
846 2
846 4
846 20
846 46
846 63
846 228
847 1
847 2
847 4
847 6
847 7
847 20
847 97
847 270
848 0
848 2
848 4
848 9
848 20
848 46
848 52
849 0
849 1
849 2
849 4
849 7
849 19
850 20
850 37
850 436
850 578
850 625
851 0
851 2
851 4
851 20
851 64
851 526
852 0
852 7
852 275
852 413
852 454
852 511
853 0
853 1
853 6
853 9
853 19
853 20
853 97
853 374
853 445
854 1
854 4
854 14
855 1
855 4
855 5
855 6
855 158
856 1
856 6
856 124
856 429
857 3
857 688
858 0
858 1
858 4
858 5
858 6
858 49
859 0
859 1
859 2
859 3
859 4
859 5
859 13
860 0
860 2
860 4
860 7
860 9
860 20
860 95
860 386
861 0
861 1
861 2
861 4
861 7
861 19
861 20
861 568
861 591
862 3
862 481
862 506
863 2
863 4
863 6
863 19
863 20
863 37
863 81
863 199
864 7
864 46
864 226
864 454
865 1
865 2
865 3
865 4
865 5
865 6
866 2
866 9
866 20
866 52
866 848
867 1
867 2
867 4
867 5
867 365
867 407
868 0
868 1
868 3
868 4
868 5
868 6
868 7
868 8
868 9
869 0
869 2
869 7
869 9
869 19
869 311
870 0
870 6
870 9
870 19
870 20
870 97
870 374
871 1
871 5
871 8
871 691
872 0
872 2
872 4
872 740
873 0
873 2
873 4
873 7
873 9
873 20
873 64
874 1
874 6
874 7
874 9
874 97
874 374
874 445
875 0
875 2
875 4
875 7
875 9
875 19
875 20
875 37
876 2
876 133
876 766
877 1
877 3
877 163
878 0
878 6
878 9
878 19
878 86
878 289
878 610
879 0
879 7
879 9
879 19
879 20
879 97
879 374
880 1
880 19
880 20
880 66
880 449
880 579
881 0
881 4
881 7
881 19
881 46
881 63
881 143
882 1
882 3
882 6
882 49
882 114
883 0
883 2
883 6
883 7
883 415
884 1
884 2
884 6
884 7
884 19
884 97
884 673
885 0
885 2
885 4
885 37
885 63
885 149
885 174
886 0
886 4
886 6
886 7
886 19
886 20
887 1
887 5
887 6
887 72
887 104
888 2
888 7
888 20
888 37
888 81
888 145
888 286
888 792
889 1
889 3
889 4
889 5
889 6
890 0
890 4
890 7
890 9
890 19
890 20
890 37
890 166
890 233
891 1
891 3
891 4
891 5
891 6
891 412
892 0
892 2
892 19
892 20
892 37
892 63
893 0
893 1
893 5
893 6
893 59
893 164
893 304
894 0
894 1
894 2
894 3
894 5
894 6
894 236
894 469
895 2
895 4
895 19
895 310
896 1
896 3
896 5
896 464
897 1
897 3
897 4
897 6
897 744
897 785
898 0
898 1
898 2
898 4
898 6
898 9
898 19
898 20
899 0
899 1
899 6
899 19
899 20
899 97
899 374
899 445
899 565
900 4
900 6
900 19
900 20
900 37
900 754
901 4
901 20
901 37
901 63
901 149
902 0
902 2
902 4
902 9
902 20
902 46
902 52
902 848
903 1
903 5
903 6
903 49
903 190
903 258
903 362
904 2
904 4
904 7
904 19
904 37
905 4
905 7
905 9
906 1
906 3
906 4
906 5
906 6
906 91
906 590
907 0
907 1
907 4
907 9
907 19
908 1
908 2
908 4
908 7
908 9
908 73
908 290
909 0
909 2
909 4
909 7
909 9
909 19
909 20
909 95
910 1
910 4
910 19
910 195
910 310
911 4
911 9
912 4
912 6
912 9
912 19
912 345
913 0
913 2
913 20
913 37
913 63
913 69
913 149
913 658
913 743
914 0
914 1
914 4
914 5
914 6
914 10
914 26
915 0
915 2
915 4
915 20
915 37
915 46
915 63
916 4
916 173
916 274
917 0
917 2
917 4
917 7
917 9
917 19
917 20
917 95
918 0
918 2
918 46
918 52
918 425
919 0
919 2
919 3
919 4
919 5
919 6
919 7
920 0
920 2
920 9
920 20
920 52
920 110
921 0
921 2
921 4
921 6
921 7
921 9
922 1
922 3
922 4
922 5
922 6
923 0
923 4
923 7
923 20
923 37
923 169
923 458
924 1
924 2
924 3
924 4
924 6
924 7
924 8
924 378
925 3
925 4
925 5
925 50
925 172
926 0
926 1
926 4
926 7
926 9
926 19
926 20
926 27
927 0
927 4
927 7
927 9
927 19
927 95
927 134
928 1
928 4
928 23
928 631
929 2
929 4
929 37
929 46
929 174
929 478
930 1
930 4
930 14
931 0
931 2
932 4
932 7
932 19
932 46
932 63
932 143
932 334
933 6
933 9
933 86
933 289
933 610
933 878
934 0
934 7
934 46
934 63
934 226
934 275
934 705
935 1
935 4
936 4
936 7
936 19
936 37
936 63
936 832
937 0
937 1
937 2
937 3
937 4
937 7
937 8
938 0
938 2
938 46
938 63
938 69
938 326
938 347
939 0
939 1
939 2
939 4
939 6
939 9
939 19
939 20
940 0
940 1
940 2
940 4
940 66
941 12
942 0
942 2
942 4
942 19
942 37
942 46
942 69
943 2
943 7
943 19
943 94
943 562
944 1
944 2
944 4
944 7
944 9
944 19
944 73
944 514
945 0
945 2
945 7
945 9
945 19
945 95
945 676
946 2
946 20
946 37
946 46
946 63
946 384
947 0
947 2
947 4
947 19
947 66
947 723
948 0
948 4
948 5
948 24
948 76
949 1
949 2
949 3
949 4
950 0
950 4
950 7
950 20
950 27
950 135
950 678
951 2
951 9
951 20
951 52
951 110
951 208
951 393
952 3
952 4
952 5
952 13
952 25
953 2
953 4
953 7
953 9
953 19
953 20
953 232
953 253
953 381
954 1
954 4
954 5
954 14
954 41
955 0
955 2
955 3
955 4
955 5
955 6
955 80
956 0
956 1
956 2
956 6
956 7
956 9
956 20
956 97
956 445
957 0
957 4
957 7
957 19
957 20
958 0
958 2
958 3
958 4
958 5
958 6
958 8
959 0
959 1
959 186
960 0
960 2
960 3
960 5
960 7
960 8
960 706
961 2
961 4
961 174
961 478
961 660
962 2
962 4
962 7
962 20
962 37
962 715
963 0
963 46
963 63
963 226
963 254
964 0
964 4
964 7
964 19
964 63
965 2
965 4
965 6
965 19
965 20
965 37
965 81
965 199
966 1
966 4
966 5
966 6
966 60
966 549
967 0
967 4
967 7
967 20
967 95
967 152
968 1
968 2
968 4
968 7
968 19
968 73
968 514
969 279
970 0
970 4
970 6
970 7
971 0
971 4
971 7
971 19
971 37
971 63
971 143
972 0
972 2
972 6
972 7
972 9
972 20
972 95
972 420
973 0
973 2
973 4
973 7
973 9
973 19
973 20
974 0
974 4
974 5
974 173
975 2
975 4
975 7
975 19
975 37
975 81
975 217
976 2
976 4
976 7
976 9
976 19
976 46
976 52
976 110
977 1
977 12
977 16
978 1
978 4
978 6
978 49
978 60
978 366
978 508
979 0
979 2
979 4
979 7
979 9
979 19
979 20
979 480
980 2
980 4
980 19
980 20
980 37
980 166
980 233
980 302
981 1
981 3
981 4
981 6
981 7
981 236
982 0
982 2
982 4
982 9
982 20
982 46
982 52
982 848
983 0
983 1
983 2
983 3
983 4
983 5
983 6
983 7
983 8
984 1
984 2
984 3
984 4
984 245
985 2
985 4
985 5
985 80
986 1
986 4
986 7
986 20
986 66
987 0
987 1
987 2
987 4
987 6
987 7
987 9
987 19
987 20
987 97
988 2
988 4
988 6
988 7
988 9
988 139
989 0
989 1
989 4
989 6
989 7
990 0
990 2
990 4
990 20
990 37
990 46
990 63
990 273
991 0
991 2
991 6
991 7
991 9
992 0
992 9
992 19
992 20
992 97
992 374
992 870
993 0
993 2
993 4
993 20
993 37
993 46
993 63
993 149
994 0
994 2
994 4
994 20
994 37
994 63
994 69
994 291
995 0
995 24
995 83
996 0
996 1
996 3
996 4
996 6
997 0
997 2
997 4
997 7
997 131
997 251
997 339
998 0
998 12
998 18
998 54
999 2
999 7
999 9
999 554
