1 0
2 0
2 1
3 0
3 1
3 2
4 0
4 1
4 2
4 3
5 0
5 1
5 2
5 3
5 4
6 0
6 1
6 2
6 3
6 4
6 5
7 0
7 1
7 2
7 3
7 4
7 5
7 6
8 0
8 1
8 2
8 3
8 4
8 5
8 6
8 7
9 0
9 1
9 2
9 3
9 4
9 5
9 6
9 7
9 8
10 0
10 3
10 4
11 0
11 2
11 3
11 5
11 9
12 0
12 1
13 4
13 6
14 3
14 5
14 7
14 9
15 1
15 3
15 4
16 1
16 4
16 5
16 7
17 0
17 3
17 10
18 4
18 5
19 0
19 1
19 3
19 4
19 6
19 8
20 0
20 1
20 3
20 6
20 7
21 1
21 3
21 4
21 5
22 3
22 4
22 6
22 7
23 3
23 5
23 21
24 0
24 3
24 6
24 7
25 0
25 1
25 3
26 4
26 6
26 13
27 12
28 0
28 2
28 5
28 9
28 11
29 3
30 0
30 1
30 2
30 3
30 6
31 4
32 0
32 2
32 3
32 4
32 5
32 6
32 7
34 0
34 1
35 4
35 6
35 13
35 26
36 13
37 0
37 2
37 5
37 7
37 32
38 4
38 6
38 13
38 26
38 35
39 3
39 5
39 23
41 4
42 10
42 17
43 4
43 5
43 32
44 2
45 3
46 1
46 3
46 4
46 6
46 7
47 0
47 1
47 2
47 3
47 5
47 7
48 0
48 2
48 3
48 32
49 5
50 3
50 21
50 23
51 1
51 2
51 4
52 0
52 3
52 32
52 48
53 0
53 2
53 3
54 1
54 5
54 16
55 1
55 3
55 30
56 3
56 6
56 7
56 22
57 2
57 6
57 30
58 3
58 29
59 3
59 17
60 3
60 6
60 30
61 4
61 13
61 35
62 32
63 1
63 3
64 58
65 4
65 6
65 46
66 0
66 2
66 5
66 6
67 1
67 6
69 2
70 4
70 35
71 0
71 32
71 48
72 6
72 13
72 35
73 6
73 22
74 1
74 7
75 2
75 3
75 4
75 6
76 4
76 7
77 67
78 0
78 1
78 2
79 1
79 2
80 2
80 3
80 4
80 5
80 6
80 7
81 1
81 3
82 0
82 6
83 3
83 75
84 49
85 17
86 4
86 6
86 8
87 1
87 3
87 46
88 35
89 0
89 2
89 3
89 5
89 6
89 7
90 5
90 6
91 4
91 8
92 5
92 39
94 6
95 49
95 84
96 4
96 5
96 7
96 80
97 1
97 3
98 0
98 2
98 3
98 5
98 6
98 89
99 2
99 5
99 32
100 4
100 7
101 2
101 7
102 23
103 0
103 52
104 6
104 38
105 3
106 1
106 6
106 7
107 1
107 7
107 74
108 3
108 6
108 30
109 81
111 3
111 22
111 56
112 7
113 12
114 2
114 3
114 4
114 5
114 6
115 0
115 2
115 3
116 3
116 30
117 7
117 101
118 0
118 1
118 6
118 7
118 20
119 4
119 31
120 4
120 7
120 76
121 2
121 3
121 4
121 5
121 6
122 2
122 3
122 5
122 89
122 98
123 0
123 1
123 2
123 3
123 4
123 5
123 7
123 9
124 4
124 13
124 26
124 38
125 34
126 0
126 1
128 0
128 2
128 3
128 5
129 1
129 5
129 16
130 0
130 3
130 5
130 7
130 89
131 7
131 74
132 0
132 1
132 2
132 3
132 4
133 1
134 3
134 5
134 89
135 73
136 0
136 1
136 2
136 3
137 2
138 0
138 3
138 5
139 1
139 7
140 2
140 5
141 0
141 1
141 2
141 3
141 4
141 5
141 7
141 9
142 0
142 2
142 5
142 9
142 11
143 0
143 2
143 6
144 3
144 6
145 0
145 1
145 3
145 6
145 7
145 20
146 1
146 2
146 3
146 7
146 8
147 2
147 7
147 8
147 146
148 6
148 13
148 35
149 4
149 6
149 13
149 26
150 4
150 6
150 13
150 26
151 0
151 2
151 3
151 30
152 0
152 2
152 3
152 32
152 48
153 1
153 7
153 20
153 145
154 1
154 51
155 3
155 151
156 2
157 113
158 4
158 70
159 3
159 6
159 7
159 22
160 1
160 2
160 3
160 5
161 3
161 6
162 0
162 30
162 151
163 0
163 1
163 6
163 20
164 16
165 3
165 7
165 145
166 85
167 0
167 32
167 48
167 52
168 2
169 6
169 106
170 0
170 1
171 103
172 3
172 151
172 155
173 4
173 13
173 38
173 124
174 0
174 1
174 2
174 4
174 6
174 7
175 13
175 35
175 72
176 4
176 5
177 0
177 5
177 6
177 89
177 98
179 1
179 2
179 7
179 8
179 146
180 0
180 1
180 2
181 2
181 53
182 103
183 2
183 3
183 7
184 3
184 7
184 20
185 2
185 3
185 4
185 6
187 3
188 1
188 4
188 51
189 0
189 2
189 6
190 3
190 83
191 0
191 2
191 3
191 5
192 0
192 1
192 180
193 2
193 6
193 143
194 3
194 144
195 0
195 4
196 2
196 3
196 5
196 6
196 7
197 35
197 61
198 2
198 6
198 143
199 0
200 13
200 35
200 38
201 0
201 2
201 4
201 5
201 6
202 1
203 0
203 170
204 0
204 1
204 3
204 25
205 0
206 5
206 128
207 2
207 3
208 0
208 1
208 2
208 7
208 141
210 3
210 63
211 3
211 4
211 5
211 6
211 7
211 80
212 3
212 5
212 7
212 9
212 14
213 5
213 138
214 2
214 4
214 5
214 6
216 1
216 7
216 145
216 153
217 1
218 13
218 26
218 38
219 2
219 7
220 2
220 9
220 28
221 0
221 2
221 115
222 4
222 13
223 5
223 7
223 16
224 2
224 3
224 4
224 5
224 6
224 32
225 1
226 3
226 4
226 6
227 10
227 42
228 3
228 5
228 7
229 4
229 5
229 176
230 3
230 155
230 172
231 2
231 7
231 183
232 4
232 7
232 96
233 0
233 12
234 2
234 5
235 21
235 23
236 2
236 8
236 146
237 157
238 1
238 2
238 3
238 4
238 8
239 6
239 108
240 0
240 2
240 3
240 5
240 6
240 7
240 9
241 7
242 4
242 5
242 80
242 96
243 54
244 0
244 1
244 7
244 118
245 0
245 3
245 5
245 240
246 0
246 2
246 5
246 66
247 59
248 0
248 7
249 4
249 5
249 6
249 80
249 211
250 3
250 6
250 7
250 20
251 0
251 1
251 7
251 20
252 4
253 4
253 6
253 13
254 4
254 5
254 43
255 4
255 13
256 13
257 17
257 59
258 155
258 172
259 3
259 6
259 89
260 235
261 2
261 5
261 7
261 9
261 141
262 2
262 7
262 146
264 7
266 3
266 6
267 2
267 5
267 6
267 32
268 3
268 97
269 2
269 5
269 196
271 0
271 2
271 3
271 5
271 7
272 4
272 6
272 26
272 149
273 2
273 7
273 179
274 0
274 3
274 4
274 5
274 7
274 9
274 141
275 3
275 4
275 80
275 211
276 1
276 7
276 20
277 2
277 179
278 0
278 52
279 3
279 155
279 230
280 2
280 4
280 5
280 6
281 2
281 8
281 236
282 0
283 4
283 80
283 275
284 6
284 60
285 0
285 2
285 4
285 5
285 32
286 1
286 2
286 180
287 137
288 1
288 7
288 276
289 1
289 79
290 35
291 2
291 180
292 5
292 32
294 138
295 4
295 80
295 211
295 249
296 1
296 67
297 0
297 2
298 3
298 5
298 39
299 1
299 7
300 0
300 2
300 53
301 0
301 2
301 4
301 5
301 7
301 32
302 3
302 4
302 5
303 51
303 154
304 66
304 246
305 35
306 0
306 1
306 192
307 1
307 2
307 3
308 2
308 3
308 5
308 89
308 122
309 3
309 187
310 2
310 3
310 6
310 7
310 240
311 22
312 48
312 52
313 4
313 7
313 16
314 5
314 7
315 0
316 1
316 7
316 20
316 276
317 168
318 3
319 3
319 4
319 6
319 7
320 2
320 9
320 220
321 2
321 5
321 6
322 0
322 2
322 5
322 6
322 89
322 98
324 3
324 6
324 7
324 22
325 5
325 6
325 66
326 1
327 7
327 288
328 7
328 89
329 0
329 1
329 2
329 3
329 6
330 4
330 13
330 253
331 2
331 7
331 196
332 31
333 3
333 6
333 7
333 22
333 324
334 3
334 5
334 98
335 6
336 4
336 13
336 35
336 61
337 0
337 1
337 3
338 135
339 7
340 6
340 253
341 236
342 3
343 6
343 149
343 272
344 1
344 4
345 1
346 0
346 52
347 2
347 6
347 7
348 3
348 145
349 0
349 3
349 6
349 7
349 24
350 0
350 5
350 6
351 0
351 2
351 5
352 35
352 61
352 336
354 6
354 149
354 272
354 343
355 2
355 5
355 234
356 0
356 2
356 3
356 191
358 1
359 3
359 187
359 309
360 0
360 3
360 4
360 8
361 1
361 7
361 74
362 5
362 176
363 2
363 7
363 219
364 9
365 2
365 4
365 214
366 2
366 32
367 2
367 11
368 3
368 4
368 7
368 319
369 2
369 3
369 5
369 121
370 266
371 5
371 6
372 4
372 6
372 13
372 26
372 150
373 4
373 124
374 6
374 13
375 3
375 5
375 7
375 14
376 3
376 7
376 145
377 1
377 3
377 4
377 6
378 1
378 16
378 129
380 0
380 1
380 6
380 7
380 20
381 4
381 6
381 13
381 26
381 38
382 143
382 193
383 0
383 2
383 5
384 4
384 7
384 100
385 52
386 2
386 168
387 0
387 5
388 0
388 1
388 4
389 0
389 12
391 0
391 5
391 47
392 7
393 149
393 343
394 3
394 298
396 0
396 1
396 3
397 17
397 59
398 2
398 3
398 5
398 89
398 308
400 3
400 6
400 32
401 4
401 32
401 224
402 1
402 2
402 3
402 4
402 7
402 8
402 9
403 35
403 352
404 10
405 2
405 180
406 35
406 290
407 1
407 4
407 377
408 3
408 5
408 6
408 80
409 3
409 5
409 14
410 0
410 1
410 2
410 5
411 4
411 70
413 335
414 7
414 9
414 141
414 261
415 403
416 3
416 377
417 22
417 56
418 7
418 9
418 141
418 261
420 4
420 6
420 80
421 2
421 141
421 208
422 4
422 6
422 26
423 1
423 2
424 59
425 23
426 2
426 7
426 9
427 0
427 306
428 366
429 52
430 4
430 8
431 190
432 3
432 23
433 5
434 422
435 6
436 0
436 2
436 3
436 4
436 5
436 7
436 9
437 5
438 1
438 4
438 21
439 6
439 22
439 73
440 0
440 9
440 141
441 1
442 4
442 5
442 6
443 2
444 4
444 173
445 4
445 226
446 3
446 5
446 21
447 7
447 24
448 13
448 150
448 372
449 2
449 386
450 166
451 0
451 2
451 180
452 0
452 5
452 98
452 177
453 0
453 3
453 7
453 89
454 1
454 20
455 2
455 5
456 193
457 0
457 2
457 3
457 5
457 7
458 6
458 189
459 35
459 305
460 5
461 7
461 251
462 437
463 1
463 2
463 3
463 4
463 5
463 6
463 8
463 9
464 1
464 3
465 7
465 131
466 1
466 3
466 8
466 19
467 3
467 89
468 12
468 27
469 0
469 1
469 6
469 7
470 196
470 331
471 4
471 13
471 150
472 458
473 4
473 26
473 422
474 3
474 6
475 4
476 3
476 7
476 145
476 165
477 0
477 2
478 6
478 420
479 0
479 136
480 2
480 3
480 6
480 7
480 32
481 7
481 9
481 141
481 261
482 2
482 5
482 234
482 355
483 0
483 2
483 3
483 7
484 2
484 240
484 310
485 3
485 121
486 0
486 2
486 383
487 80
487 249
487 295
489 2
489 5
489 6
489 267
490 2
490 4
490 5
490 7
490 123
491 0
491 1
491 7
491 20
491 251
492 7
492 80
493 1
494 7
494 89
494 130
495 257
496 3
496 6
496 185
497 1
497 2
497 3
497 4
497 5
497 6
497 7
497 8
498 4
498 13
498 26
499 21
499 438
500 3
500 5
500 7
500 196
501 0
501 2
501 3
501 4
501 6
502 345
503 2
503 5
503 410
504 2
504 9
504 426
505 1
505 2
505 180
505 286
506 6
506 189
507 0
507 2
507 3
507 191
508 2
508 32
509 6
509 7
511 2
511 4
511 5
511 7
512 2
512 4
512 6
512 214
513 2
514 0
514 32
514 48
514 71
515 49
516 5
516 503
517 2
517 191
518 5
518 47
519 136
520 0
520 1
520 3
520 6
520 7
521 3
521 22
523 3
523 32
524 7
524 22
525 13
525 35
526 4
526 5
526 80
526 211
526 249
527 1
527 79
528 4
528 65
529 80
530 3
530 89
530 259
531 0
531 2
531 4
531 174
532 2
532 3
533 6
533 8
533 86
534 3
534 98
534 334
535 1
535 2
535 3
535 5
535 6
535 7
535 8
536 1
537 0
537 2
537 3
538 2
538 3
538 5
538 6
538 89
538 98
539 420
539 478
540 383
541 2
541 3
542 3
542 298
543 5
543 234
544 0
544 2
544 30
545 3
545 4
545 6
545 75
546 2
546 4
546 5
546 7
546 9
546 436
547 0
547 1
547 6
547 163
548 309
548 359
549 0
549 3
549 6
549 7
549 89
550 3
550 4
550 7
550 141
551 277
552 2
552 236
553 2
553 5
553 6
553 32
554 3
554 155
555 7
555 146
555 147
556 0
556 2
557 4
558 1
559 171
560 2
560 503
561 0
561 2
561 6
561 7
561 32
562 0
562 246
563 53
563 300
564 5
564 6
564 32
564 267
565 35
565 336
565 352
566 13
566 35
566 175
567 1
567 2
567 4
567 8
567 9
568 2
568 3
568 5
568 7
568 9
568 240
569 72
569 175
570 187
571 3
571 161
572 155
572 258
573 1
573 2
573 307
574 0
574 350
576 2
576 5
576 89
576 98
577 1
577 129
577 378
578 3
578 30
578 108
579 8
579 147
580 0
580 3
580 5
580 7
580 130
581 8
582 2
582 8
582 281
583 0
583 5
583 6
584 2
584 331
585 13
585 26
586 332
587 6
587 267
588 248
589 3
589 4
589 7
589 319
590 6
590 193
591 0
591 3
592 396
593 0
593 2
593 4
593 5
593 7
594 0
594 1
594 251
596 1
596 286
597 3
598 404
599 0
599 2
599 3
600 0
600 6
601 5
601 9
601 11
602 472
603 0
603 4
604 10
604 227
605 0
605 4
605 195
607 2
607 5
607 140
608 2
608 5
608 89
609 3
609 8
610 17
611 2
611 3
611 4
611 5
611 32
612 2
612 3
612 5
612 98
612 122
613 1
613 2
613 3
613 5
614 4
614 301
615 443
616 6
616 13
617 3
617 6
617 30
618 6
618 7
618 22
618 56
620 13
621 2
621 3
621 4
621 185
622 1
623 3
623 21
624 5
624 32
625 0
625 1
625 3
626 331
627 0
627 2
627 3
628 51
629 288
631 4
631 35
632 3
632 6
633 5
633 7
633 314
634 4
634 475
635 0
635 3
635 7
635 24
636 1
636 8
637 6
637 161
638 4
638 295
639 4
639 13
640 629
641 32
642 3
642 5
643 2
643 3
643 5
643 7
643 457
644 2
644 3
644 5
645 6
645 22
646 1
646 3
647 3
647 5
647 7
647 457
648 2
648 3
648 5
648 6
648 32
649 4
649 5
649 176
650 2
651 3
651 6
651 480
652 0
652 2
652 11
652 28
654 1
654 7
655 3
655 6
655 7
655 22
655 324
656 6
657 392
658 0
658 1
658 3
658 136
660 6
661 5
661 11
662 6
663 4
663 26
663 38
663 124
664 2
664 4
664 5
664 611
665 38
666 4
666 295
667 1
667 16
668 6
668 13
669 180
670 6
670 108
670 239
671 261
671 481
672 0
672 2
672 5
672 9
672 11
674 542
675 272
676 1
676 118
677 4
677 6
677 26
678 0
678 2
678 501
679 6
679 20
679 145
680 13
680 150
680 448
681 0
681 180
682 3
682 7
682 24
682 635
683 30
683 162
685 1
685 3
685 5
685 6
686 370
687 147
687 555
688 0
688 2
689 7
689 301
690 3
690 5
690 122
691 0
691 3
691 4
691 7
691 9
691 141
691 274
692 2
692 3
692 5
692 7
692 9
693 5
693 6
694 9
694 320
695 0
695 7
695 244
696 3
696 5
696 642
697 0
697 30
699 2
699 5
699 6
699 121
700 166
701 187
702 320
702 694
703 2
703 3
703 32
704 84
705 4
705 6
705 75
706 0
706 48
706 52
706 167
707 0
707 5
707 9
709 3
709 7
709 20
710 0
710 600
711 1
711 7
711 179
712 0
712 1
712 78
713 7
714 1
714 4
714 6
714 7
715 198
716 4
716 13
716 35
716 61
717 3
717 6
717 7
717 324
718 0
718 6
718 82
719 13
719 585
720 35
720 290
721 1
721 7
721 711
722 4
722 6
722 13
722 150
722 372
723 98
723 334
724 6
725 319
726 1
727 79
727 289
728 2
728 3
728 4
728 8
729 13
729 149
730 309
731 3
731 4
731 7
731 22
732 0
732 2
732 5
732 32
732 37
733 0
733 1
733 2
733 7
734 3
734 6
735 0
735 7
736 4
736 6
737 2
737 8
737 281
738 3
739 72
740 1
740 7
740 179
740 711
741 13
741 35
741 61
741 716
742 0
742 1
742 4
743 246
744 6
745 4
745 26
745 124
745 663
746 2
746 5
746 267
746 489
747 175
747 566
748 3
748 5
748 7
748 141
748 274
749 3
749 685
750 5
750 123
750 490
751 0
751 2
752 2
752 5
752 351
753 1
753 2
753 3
753 4
754 0
754 30
755 2
755 3
755 5
755 6
756 2
756 3
756 5
756 6
756 7
757 5
758 6
758 343
760 2
760 310
760 484
761 0
761 3
762 0
762 707
763 7
763 219
764 0
764 1
764 2
764 5
765 4
766 4
766 214
767 2
767 3
767 4
767 6
767 7
767 8
768 8
769 9
769 141
769 440
770 0
770 6
771 4
772 1
772 3
772 7
772 20
773 4
773 15
774 60
774 284
775 5
775 457
776 5
777 42
777 227
778 350
779 734
780 0
780 2
780 688
781 9
781 141
782 0
782 2
782 4
782 5
782 593
785 12
785 233
786 3
786 685
786 749
787 1
787 4
788 0
788 7
788 9
788 274
788 691
789 2
789 191
790 2
790 3
790 5
790 160
791 0
791 5
791 128
792 1
793 2
793 3
793 7
793 756
794 2
794 560
795 165
795 476
796 60
796 284
797 0
797 3
797 4
797 141
797 691
798 0
798 2
798 3
798 4
798 436
799 729
800 9
800 28
801 4
801 174
801 531
802 420
803 8
803 146
803 179
804 3
804 591
805 3
805 5
806 60
806 284
807 2
807 513
808 92
809 5
810 2
810 4
811 13
811 255
812 149
813 593
814 1
815 0
815 2
815 3
815 5
815 11
816 1
816 2
816 5
816 7
816 9
817 0
817 2
817 180
818 1
818 6
818 7
818 46
819 1
819 7
819 20
819 276
820 128
820 206
821 0
821 1
821 126
823 7
823 141
823 414
824 7
825 1
825 6
825 818
826 10
826 227
828 1
828 594
829 0
829 3
829 5
830 3
831 3
831 5
832 61
832 336
833 2
833 644
834 38
835 3
835 7
835 22
835 324
836 0
836 3
836 6
836 7
836 89
836 549
837 3
837 60
838 7
838 22
839 6
840 2
840 410
840 503
841 32
841 292
842 0
842 3
842 7
842 89
843 48
843 52
844 2
844 7
844 756
846 2
846 607
847 3
847 5
847 89
847 98
848 246
849 0
849 2
849 3
849 5
849 6
849 89
850 4
851 2
851 3
851 5
852 785
853 0
853 3
854 4
854 214
854 766
856 3
856 835
857 455
858 0
858 32
858 152
860 6
860 226
861 0
861 770
863 98
863 334
863 723
864 1
864 132
865 147
865 579
866 744
867 3
868 35
868 61
868 741
869 143
870 3
870 39
870 298
872 3
872 7
872 14
872 212
873 4
873 7
873 319
874 0
874 4
874 5
874 7
875 6
875 189
876 5
876 80
876 211
877 6
877 7
877 20
878 6
878 30
878 108
879 32
880 0
880 7
880 244
880 695
881 288
882 3
882 5
882 9
883 8
884 1
884 2
884 7
884 146
884 179
885 3
885 59
886 4
886 5
886 18
887 9
887 426
888 0
888 1
888 4
889 30
890 7
891 3
891 4
892 1
892 7
892 20
893 0
893 1
893 2
893 3
894 4
894 13
894 26
894 150
894 372
895 2
895 5
895 191
897 1
897 4
897 377
897 407
898 1
898 30
898 55
899 0
899 2
899 5
899 7
899 8
900 9
901 0
901 1
901 3
901 4
901 8
901 19
902 272
904 129
904 378
905 3
905 5
905 98
905 122
905 612
906 4
906 176
906 649
907 189
907 875
908 529
909 0
909 32
909 48
909 167
910 3
910 97
910 268
911 7
911 20
911 276
913 1
914 0
914 1
914 2
914 3
914 4
914 5
914 7
914 8
915 0
915 6
915 89
916 3
917 1
917 4
917 7
918 2
918 846
919 0
919 2
919 5
919 6
920 2
921 0
921 1
921 126
922 9
922 900
923 2
923 5
923 7
923 240
924 299
925 0
925 2
925 3
925 4
925 5
925 7
925 436
926 3
926 4
926 6
926 32
927 6
927 22
927 159
928 6
928 30
928 60
929 5
930 1
930 7
930 145
930 153
931 785
931 852
932 22
932 311
933 0
933 3
933 7
933 9
933 141
933 274
934 3
934 121
935 0
936 2
936 6
936 7
936 8
937 3
937 184
938 4
938 5
938 6
938 80
939 1
939 466
940 1
940 7
941 5
941 9
941 141
941 261
942 3
942 6
944 4
945 1
946 2
946 7
946 936
947 0
947 5
947 350
949 1
949 2
949 3
950 1
950 377
950 407
951 7
951 936
953 3
953 136
954 0
954 3
954 6
954 549
955 150
955 894
956 6
956 877
957 2
957 541
958 141
959 4
959 7
960 2
960 3
960 4
960 5
960 6
960 32
961 198
962 3
962 122
963 1
963 378
963 577
964 3
964 138
965 0
965 306
965 427
966 3
966 4
966 545
967 4
967 874
968 4
968 6
968 149
969 0
969 4
969 5
969 9
970 443
970 615
972 738
973 0
974 1
974 2
974 505
976 13
976 36
978 4
978 7
978 141
978 550
979 1
979 5
979 16
979 129
980 2
980 3
980 4
980 5
980 6
980 32
981 13
981 35
981 72
983 5
983 489
983 746
984 3
984 23
985 389
986 4
986 7
987 2
987 5
988 4
988 16
990 0
990 3
992 3
992 190
993 2
994 1
994 55
995 206
996 2
996 179
996 277
997 0
997 1
997 3
997 6
997 7
998 0
998 2
998 3
998 5
998 7
998 457
999 206
999 820
