1 0
2 0
2 1
3 0
3 1
3 2
4 0
4 1
4 2
4 3
5 0
5 1
5 2
5 3
5 4
6 0
6 1
6 2
6 3
6 4
6 5
7 0
7 1
7 2
7 3
7 4
7 5
7 6
8 0
8 1
8 2
8 3
8 4
8 5
8 6
8 7
9 0
9 1
9 2
9 3
9 4
9 5
9 6
9 7
9 8
10 0
11 0
12 0
12 2
12 5
13 4
14 1
14 4
14 5
15 1
15 3
15 4
17 0
17 2
17 4
17 5
17 6
18 2
19 0
19 4
19 5
20 4
21 2
21 6
21 9
22 0
22 4
23 4
24 0
24 1
24 2
24 3
25 0
25 6
25 8
26 0
26 2
26 4
26 5
26 17
27 3
28 1
28 5
28 7
29 3
29 5
30 3
30 4
31 4
32 0
32 1
32 2
32 3
32 6
33 6
35 0
35 1
35 2
35 4
36 0
36 1
36 2
36 4
36 5
36 6
37 0
37 2
37 6
37 7
38 9
39 5
39 6
39 17
40 0
40 2
40 3
40 6
41 0
41 2
41 4
43 5
44 2
44 6
45 0
45 6
45 32
46 2
46 9
47 5
48 33
49 5
50 3
51 0
51 2
51 5
52 0
53 0
54 0
55 0
55 2
55 5
55 6
56 0
56 2
56 6
57 6
57 45
58 2
59 2
62 2
62 3
62 4
64 2
64 8
65 41
66 0
66 4
66 5
66 6
66 17
67 4
69 0
69 3
70 1
70 6
71 2
71 6
72 3
73 1
74 5
75 0
75 1
76 1
76 4
76 14
77 45
78 1
78 2
80 5
80 6
80 17
84 2
84 4
84 5
84 6
85 0
85 2
85 5
86 1
86 2
87 2
88 0
89 2
90 0
90 2
92 3
93 3
94 6
96 1
96 3
97 2
97 7
99 6
100 0
100 4
100 6
101 1
101 2
101 4
102 9
104 2
104 5
104 7
104 8
105 0
106 6
107 4
107 7
107 8
108 0
109 10
110 4
110 5
111 89
113 3
114 3
116 0
118 2
119 1
119 2
119 3
120 4
120 5
121 0
121 6
121 8
122 2
126 4
127 8
128 0
128 2
129 41
130 5
130 6
130 17
131 2
132 5
132 17
132 26
134 5
135 0
135 5
135 6
136 5
136 110
139 1
139 3
139 6
139 9
140 1
140 2
140 4
141 17
141 39
142 2
143 2
143 4
143 5
144 6
145 5
145 136
149 70
150 2
151 0
151 90
153 1
153 4
153 36
154 1
154 76
155 1
155 3
155 6
157 4
157 5
157 19
158 2
159 2
159 7
162 5
162 7
162 8
163 0
163 3
163 4
164 3
168 6
171 2
172 1
173 110
174 1
175 5
175 6
175 17
176 1
176 4
177 5
178 154
179 6
179 9
180 3
180 5
181 3
181 5
181 7
182 3
182 6
183 140
184 4
186 0
186 151
187 0
187 2
188 2
188 4
188 5
190 1
190 4
192 110
193 0
196 151
198 41
199 1
199 36
199 153
200 4
202 99
204 2
207 4
208 1
209 1
209 4
210 2
213 5
213 84
214 3
215 4
216 200
217 89
220 0
220 1
220 6
221 2
221 4
221 35
222 5
223 2
224 3
224 5
225 2
227 2
227 6
227 9
229 2
230 97
233 5
233 29
234 2
236 0
237 0
237 8
238 141
239 45
240 0
240 2
240 3
240 32
241 0
241 6
241 55
244 1
244 4
246 0
246 2
247 84
248 0
248 6
248 66
249 153
250 0
250 2
250 5
250 12
251 3
252 4
252 6
252 8
252 9
253 3
253 5
254 1
254 6
255 1
255 2
256 5
257 1
258 0
258 4
260 0
260 24
261 2
261 234
262 0
262 6
262 55
264 100
267 4
267 14
268 2
268 9
268 21
270 3
270 4
271 2
271 8
272 4
272 5
273 0
273 2
274 17
274 26
274 132
275 1
275 6
276 4
277 0
278 0
278 6
279 3
280 1
280 6
282 4
283 1
283 2
284 41
285 0
285 1
286 2
291 3
292 0
292 1
292 3
293 0
293 2
293 4
293 6
294 4
295 6
296 5
296 6
296 17
299 1
299 3
299 15
304 4
304 5
306 2
306 5
307 0
308 0
308 1
308 2
309 0
310 0
310 1
310 5
311 236
312 1
312 4
312 101
314 7
314 104
315 2
315 4
317 5
318 1
318 2
318 3
319 0
319 32
320 5
321 5
321 29
321 233
322 4
323 233
324 0
324 2
324 32
325 4
325 6
326 0
327 5
327 6
329 2
329 8
329 104
330 1
330 3
331 4
334 2
336 5
336 6
336 17
338 0
339 5
340 7
340 104
341 0
341 6
342 1
345 4
345 176
346 3
347 121
348 2
348 7
348 159
349 0
349 5
350 6
350 325
352 4
352 6
353 3
356 273
357 5
358 0
358 2
359 3
359 299
360 2
360 17
362 0
362 2
363 2
363 4
365 2
366 5
367 3
368 88
369 1
370 15
371 0
371 2
371 4
371 9
372 3
373 1
373 36
375 1
375 2
375 4
376 76
377 0
378 41
378 65
379 3
380 5
380 17
381 6
382 0
382 1
382 2
382 4
382 7
383 6
383 100
387 1
387 4
388 4
388 6
389 36
391 36
391 389
392 0
392 2
392 3
393 4
393 6
393 7
395 0
395 1
395 4
395 7
396 4
397 3
397 5
397 29
398 0
398 2
399 2
399 5
399 7
399 8
400 2
402 2
404 0
406 0
406 1
406 4
407 3
408 7
409 6
410 4
411 5
411 7
412 4
416 5
417 0
417 1
418 5
418 29
419 7
422 3
423 5
423 17
423 26
424 2
425 1
425 76
426 6
427 5
428 3
431 5
432 2
433 4
434 2
434 8
435 0
435 2
435 4
436 2
436 3
437 55
437 241
438 4
438 26
439 4
439 19
441 4
442 6
443 0
444 7
444 411
445 4
445 6
447 1
447 2
449 6
450 6
450 252
451 1
451 4
452 204
453 7
453 8
454 6
455 246
457 0
457 2
459 0
459 2
460 6
461 7
462 183
466 6
467 204
467 452
468 29
469 139
470 299
472 1
472 2
473 1
476 2
477 193
478 0
480 55
480 241
481 2
481 159
483 6
485 2
486 2
487 1
487 9
487 139
488 0
488 6
488 8
489 110
490 139
490 469
491 5
493 5
494 0
494 4
496 10
497 6
497 84
498 0
499 2
500 32
503 1
504 1
504 2
505 5
506 0
506 5
507 0
507 2
507 4
508 1
508 4
509 2
510 0
510 2
510 5
511 225
513 5
514 2
515 6
517 0
517 2
520 3
521 0
522 2
526 0
528 4
528 6
528 7
529 5
529 6
529 336
534 7
535 26
537 6
538 0
540 3
540 5
541 4
542 2
542 4
542 5
542 143
543 139
544 0
544 1
544 4
544 5
545 4
545 36
546 4
547 2
547 9
547 268
548 141
551 5
552 7
552 9
553 153
554 314
555 29
556 0
557 5
558 7
562 3
563 2
564 0
564 1
564 24
566 1
567 119
569 0
569 17
570 522
572 2
572 9
573 1
573 3
574 1
574 7
575 150
576 0
577 6
577 336
577 529
578 6
579 5
579 84
580 2
580 250
581 4
581 176
582 159
583 4
584 29
584 468
585 574
587 26
588 110
590 4
590 5
591 15
593 2
594 2
595 3
596 0
596 4
596 7
597 0
597 1
600 0
602 6
605 295
606 2
606 5
606 188
607 324
609 3
609 4
610 100
611 3
611 6
611 9
612 3
613 2
613 4
614 17
615 246
615 455
616 4
618 3
619 6
620 30
622 15
623 10
624 55
624 262
625 104
626 285
629 0
629 4
629 5
630 0
631 4
632 7
633 1
633 96
636 2
640 0
640 5
640 544
641 3
642 2
642 9
644 5
644 17
646 1
646 2
646 140
647 4
648 6
650 3
651 0
652 6
652 611
653 0
654 5
655 6
656 4
658 0
658 1
658 7
661 2
662 6
663 2
666 8
666 64
667 2
668 2
669 0
671 1
671 176
672 4
673 0
673 4
673 6
675 143
676 5
676 6
676 130
677 5
679 247
681 2
681 268
684 0
684 4
684 6
684 293
686 17
688 13
689 5
689 551
690 1
690 5
691 0
692 1
694 1
695 5
695 6
695 17
697 4
697 5
698 0
700 0
701 268
701 547
702 4
702 14
703 4
706 0
706 2
706 4
706 5
706 6
706 7
707 8
708 0
708 4
708 5
710 0
711 5
711 399
712 504
713 2
714 3
717 2
718 1
718 4
719 0
719 7
720 2
723 1
723 7
725 6
725 84
726 6
727 3
727 240
728 2
728 5
728 143
729 32
732 1
733 7
736 1
736 7
740 558
742 0
743 2
744 6
747 213
749 0
750 21
751 4
753 2
753 6
754 7
756 1
756 275
757 3
758 0
759 4
760 3
760 5
761 0
761 2
763 6
763 175
764 3
764 299
765 5
765 399
766 1
767 5
768 5
768 175
769 6
773 0
773 3
773 4
773 5
774 2
775 2
776 4
776 5
779 94
781 4
781 6
782 2
783 5
783 136
784 4
786 6
787 2
787 9
788 1
788 199
789 5
789 180
791 5
792 270
794 76
795 4
795 14
796 4
796 451
798 9
799 551
801 0
802 8
803 542
804 6
806 299
807 1
807 4
808 3
808 4
809 6
809 293
811 6
812 0
813 2
814 17
818 76
819 121
820 4
821 6
823 9
823 487
824 1
826 6
827 0
827 362
828 1
828 2
830 0
830 2
830 5
831 3
831 4
832 2
834 1
834 140
836 2
838 3
839 1
841 309
842 551
843 4
844 6
845 2
848 5
851 633
853 0
853 7
854 2
854 6
855 2
856 6
856 84
857 0
858 0
858 673
862 0
862 7
863 3
864 0
864 4
865 9
866 2
866 4
867 2
870 0
872 2
873 1
873 3
874 5
876 2
876 6
877 4
878 5
878 6
878 7
878 706
879 4
879 6
880 5
881 2
883 5
884 5
885 0
885 6
887 0
888 2
888 606
889 4
890 5
891 0
893 1
893 3
893 6
894 1
894 3
894 96
895 0
895 6
898 1
898 7
901 2
902 3
902 5
902 224
903 0
903 6
903 241
905 0
905 2
905 507
907 765
908 0
911 1
913 2
914 322
915 1
916 5
916 7
916 8
917 6
917 9
918 0
918 4
922 204
923 813
924 451
924 796
926 2
927 104
929 0
929 8
930 1
930 3
930 4
931 2
932 4
934 4
934 221
935 376
936 5
940 21
941 0
941 32
942 0
942 8
943 1
944 6
945 26
945 132
946 5
947 5
947 136
949 0
949 1
950 3
951 4
951 6
951 7
952 4
953 330
955 1
955 4
955 14
955 76
956 511
957 3
959 5
959 175
959 768
960 5
962 0
962 2
963 3
964 292
965 9
966 229
967 5
968 55
969 0
969 2
971 6
971 295
973 1
975 0
975 2
976 0
978 4
978 5
980 0
980 3
980 4
982 4
983 454
984 29
984 468
985 783
986 0
986 3
987 0
990 2
991 0
993 4
994 0
994 1
995 6
995 254
996 292
997 1
998 158
999 529
999 577
