1 0
2 0
2 1
3 0
3 1
3 2
4 0
4 1
4 2
4 3
5 0
5 1
5 2
5 3
5 4
6 0
6 1
6 2
6 3
6 4
6 5
7 0
7 1
7 2
7 3
7 4
7 5
7 6
8 0
8 1
8 2
8 3
8 4
8 5
8 6
8 7
9 0
9 1
9 2
9 3
9 4
9 5
9 6
9 7
9 8
10 0
10 1
10 2
10 3
10 5
10 6
10 7
11 0
11 1
11 3
11 4
11 5
11 6
12 1
12 2
12 3
12 4
13 0
13 2
13 3
13 4
13 5
13 6
14 0
14 1
14 3
14 4
14 5
14 7
15 1
16 0
16 2
16 3
16 4
16 5
16 6
16 7
16 8
16 9
17 0
17 3
17 4
17 5
17 14
18 3
18 5
18 14
19 0
19 1
19 2
19 3
19 4
19 6
19 8
19 9
20 0
20 1
20 3
20 4
20 6
20 11
21 1
21 3
21 4
21 5
21 7
21 14
22 0
22 2
22 3
22 4
22 5
22 8
22 16
23 0
23 1
23 3
23 4
23 5
23 7
23 14
24 0
24 2
24 3
24 4
24 5
24 6
24 9
25 0
25 2
25 4
25 5
26 2
26 3
26 4
26 6
26 7
26 8
26 9
26 16
27 0
27 1
27 3
27 4
27 5
27 7
27 14
27 23
28 0
28 4
28 6
28 11
28 20
29 2
29 3
29 4
29 5
29 6
29 7
29 8
29 9
29 16
30 2
30 4
30 5
30 6
30 7
30 8
30 9
30 16
30 29
31 1
31 2
31 3
31 4
31 5
32 0
32 3
32 4
32 5
33 0
33 4
33 5
33 14
33 23
34 1
34 2
34 3
34 6
34 8
35 0
35 2
35 3
35 5
35 6
35 8
35 9
35 16
36 1
36 2
36 5
37 3
37 4
37 5
37 7
38 4
38 8
38 16
38 22
39 3
39 5
39 14
39 18
40 2
40 3
40 4
40 5
40 6
40 8
40 9
40 29
41 1
41 2
41 3
41 4
41 6
41 8
41 9
41 19
42 8
42 16
42 38
43 0
43 2
43 3
43 4
43 5
43 6
43 7
43 9
43 16
44 2
44 3
44 6
44 8
44 40
45 2
45 8
45 9
45 16
45 29
45 30
46 0
46 1
46 3
46 4
46 6
46 20
47 2
47 3
47 4
47 5
47 9
47 24
48 8
48 9
48 16
48 29
48 30
48 45
49 0
49 2
49 5
49 8
49 16
50 0
50 1
50 2
50 3
50 5
50 6
51 0
51 2
51 6
51 7
51 9
51 43
52 3
52 4
52 5
52 21
53 1
53 3
53 5
53 7
53 14
53 23
53 27
54 3
54 4
54 5
54 37
55 2
55 3
55 4
55 5
55 6
55 24
56 4
56 5
57 0
57 3
57 5
57 6
57 11
58 2
58 4
58 5
58 6
58 7
58 8
59 8
59 9
59 16
59 29
59 45
59 48
60 0
60 7
60 9
60 43
60 51
61 4
61 16
61 22
61 38
62 1
62 2
62 4
62 6
62 8
63 2
63 3
63 4
63 24
63 47
64 1
64 3
64 4
64 20
65 0
65 1
65 2
65 3
65 5
65 6
65 7
65 10
66 1
66 3
66 4
66 11
67 0
67 1
67 3
67 4
67 5
67 7
67 14
68 2
68 6
68 8
68 40
68 44
69 1
69 3
69 4
69 11
69 20
70 0
70 1
70 5
70 23
71 8
71 16
71 45
71 48
71 59
72 4
72 6
72 7
72 8
72 58
73 0
73 2
73 3
73 4
73 5
73 7
73 8
73 16
74 0
74 1
74 2
74 4
74 5
74 7
75 8
75 16
75 30
75 45
76 0
76 1
76 2
76 3
76 50
77 1
77 11
78 0
78 1
78 5
78 7
78 14
79 2
79 4
79 6
79 24
79 55
80 0
80 1
80 3
80 4
80 5
80 14
81 2
81 6
81 7
81 51
82 4
82 11
82 66
83 0
83 1
83 2
83 50
83 76
84 16
84 30
84 75
85 2
85 3
85 6
85 8
85 40
85 44
86 0
86 1
86 3
86 7
86 14
87 0
87 2
87 3
87 5
87 7
87 10
87 65
88 0
88 2
88 4
88 74
89 6
89 7
89 8
89 9
89 16
89 26
90 4
90 9
90 24
90 47
91 3
91 4
91 69
92 1
92 77
93 7
93 8
93 9
93 16
93 89
94 1
94 4
94 5
94 7
94 14
94 23
94 27
95 0
95 1
95 2
95 3
95 5
95 7
95 10
96 0
96 1
96 2
96 3
96 4
96 6
97 4
97 6
97 8
97 58
97 72
98 0
98 1
98 2
99 0
99 4
100 1
100 2
100 4
100 5
100 6
100 9
101 1
101 2
101 4
101 6
101 96
102 1
102 3
102 5
102 23
103 0
103 16
103 49
104 0
104 1
104 2
104 3
104 5
104 7
104 10
105 0
105 3
105 5
105 10
105 65
105 87
106 2
106 3
106 4
106 5
106 9
106 47
107 4
107 9
107 24
107 90
108 0
108 1
108 3
108 4
108 5
108 7
108 14
108 67
109 2
109 3
109 63
110 2
110 3
110 6
110 40
110 44
110 85
111 0
111 2
111 5
111 7
111 10
111 65
111 87
112 1
112 3
112 4
112 5
112 6
112 11
113 1
113 3
113 4
113 5
113 7
113 14
113 23
113 27
114 1
114 3
114 4
114 5
114 14
114 23
115 3
115 4
115 54
116 4
116 5
116 6
116 8
116 16
116 30
117 4
117 6
117 8
117 58
117 97
118 4
118 5
118 56
119 0
119 2
119 4
119 5
119 6
119 24
120 2
120 3
120 4
120 6
120 8
120 9
120 19
121 6
121 7
121 8
121 58
121 72
122 4
122 6
122 8
122 58
122 97
123 4
123 5
123 8
123 29
123 40
124 0
124 2
124 3
124 5
124 10
124 65
124 87
125 0
125 5
125 7
125 10
125 65
125 87
126 0
126 43
126 60
127 20
127 64
128 0
128 11
128 28
129 8
129 9
129 30
129 45
130 8
130 9
130 16
130 45
130 48
130 59
131 4
131 11
131 20
131 69
132 1
132 3
132 5
132 11
132 112
133 1
133 7
133 14
133 86
134 5
134 8
134 29
134 40
134 123
135 0
135 2
135 4
135 74
135 88
136 0
136 1
136 5
136 23
136 70
137 1
137 4
137 5
137 6
137 11
138 2
138 8
138 16
138 29
138 30
138 45
139 3
139 5
139 14
139 27
139 113
140 4
140 5
140 118
141 0
141 1
141 2
141 3
141 7
141 10
142 0
142 1
142 3
142 5
142 80
143 0
143 1
143 4
143 7
143 67
143 108
144 1
144 2
144 3
145 1
145 4
146 2
146 3
146 6
146 8
146 9
146 19
146 120
147 2
147 4
147 5
147 9
147 24
147 47
148 4
148 5
148 7
148 8
148 9
148 16
148 29
149 4
149 6
149 8
149 58
149 117
150 5
150 8
150 29
150 40
150 123
150 134
151 2
151 6
151 40
151 44
151 68
152 2
152 3
152 6
152 7
152 9
152 16
153 5
153 29
153 40
153 123
154 0
154 1
154 3
154 4
154 6
154 20
155 4
155 14
155 23
155 33
156 0
156 2
156 7
156 9
156 43
156 51
157 1
157 2
157 3
157 5
157 10
157 95
158 0
158 2
158 4
158 5
158 6
158 7
158 8
158 9
159 4
159 6
159 11
159 20
160 23
160 155
161 0
161 2
161 4
161 5
161 6
161 24
162 2
162 6
162 40
162 44
162 68
163 0
163 5
163 7
163 10
163 65
163 87
163 125
164 0
164 2
164 4
164 5
164 7
164 8
164 73
165 24
165 90
166 0
166 2
166 6
167 4
167 5
167 8
167 58
168 0
168 1
168 3
168 4
168 5
168 80
169 0
169 2
169 3
169 5
169 6
169 10
169 65
170 2
170 4
170 5
170 6
170 7
170 8
170 9
170 29
170 30
171 2
171 8
171 9
171 16
171 29
171 30
172 1
172 3
172 4
172 11
172 20
172 69
173 5
173 7
173 14
173 78
174 1
174 3
174 4
174 6
174 20
174 154
175 2
175 3
175 4
175 63
176 1
176 2
176 4
176 5
176 6
177 0
177 2
177 3
177 5
177 7
177 10
177 65
177 87
178 3
178 5
178 14
178 27
178 113
179 0
179 5
179 7
179 8
179 73
179 164
180 0
180 3
180 5
180 7
180 65
180 87
181 1
181 3
181 5
181 7
181 14
181 23
181 27
182 2
182 4
182 5
182 6
182 7
182 8
182 29
182 30
183 4
183 8
183 22
184 1
184 3
184 4
184 5
184 7
184 14
184 23
184 27
184 113
185 0
185 1
185 4
185 6
185 20
185 154
186 2
186 8
186 16
186 138
187 1
187 5
187 14
187 23
187 27
188 2
188 3
188 5
188 6
188 9
188 29
188 40
189 1
189 2
189 6
189 9
189 100
190 2
190 3
190 5
190 6
190 7
190 10
191 0
191 2
191 3
191 4
191 5
191 6
191 7
191 8
191 16
192 0
192 2
192 4
192 5
192 7
192 8
192 164
193 2
193 4
193 5
193 6
193 24
193 119
194 0
194 3
194 4
194 5
194 7
194 67
195 2
195 3
195 4
195 12
196 0
196 1
196 3
196 7
196 10
197 2
197 5
197 10
197 65
197 87
198 0
198 1
198 3
198 5
198 14
198 80
199 8
199 9
199 16
199 29
199 48
200 3
200 5
200 6
200 8
200 9
200 29
200 40
201 2
201 4
201 5
201 9
201 47
201 106
202 1
202 2
202 3
202 5
202 6
202 7
203 4
203 6
203 8
203 97
203 122
204 0
204 2
204 3
204 7
204 16
204 43
205 0
205 4
205 5
205 119
206 3
206 5
206 23
206 102
207 5
207 65
207 87
207 125
207 163
208 3
208 6
208 8
208 9
208 19
208 146
209 2
209 3
209 5
209 9
209 24
210 0
210 2
210 3
210 4
210 6
210 7
210 8
210 16
210 191
211 2
211 5
211 24
211 209
212 2
212 4
212 5
212 6
212 7
212 8
212 9
212 29
212 170
213 1
213 2
213 3
213 5
213 7
213 95
214 0
214 2
214 3
214 4
214 5
214 6
214 13
215 2
215 4
215 5
215 6
215 7
215 8
215 9
215 29
215 170
216 2
216 5
216 65
216 87
217 4
217 7
217 8
217 9
217 16
217 29
217 148
218 0
218 2
218 3
218 5
218 7
218 10
218 104
219 2
219 3
219 5
219 7
219 65
220 2
220 4
220 5
220 6
220 7
220 8
220 9
220 29
220 170
220 215
221 2
221 5
221 6
221 119
222 2
222 8
222 9
222 16
222 29
222 30
222 45
223 3
223 4
223 5
223 7
223 9
223 16
223 43
224 0
224 1
224 2
224 3
224 5
224 6
224 7
224 8
225 2
225 3
225 6
225 110
226 8
226 16
226 45
226 48
226 130
227 3
227 6
227 9
227 19
227 146
227 208
228 2
228 3
228 6
228 110
228 225
229 0
229 3
229 4
229 32
230 1
230 3
230 4
230 11
231 2
231 4
231 5
231 9
231 106
231 201
232 2
232 3
232 4
232 5
232 6
232 8
232 9
232 40
233 2
233 6
233 7
233 26
234 1
234 6
234 20
234 154
235 3
235 115
236 0
236 2
236 3
236 5
236 8
236 16
236 35
237 6
237 44
237 68
237 162
238 0
238 2
238 4
238 5
238 7
238 8
238 192
239 8
239 29
239 123
239 134
239 150
240 0
240 2
240 3
240 5
240 6
240 8
240 224
241 0
241 1
241 3
241 8
241 224
242 1
242 3
242 4
242 230
243 1
243 2
243 3
243 5
244 3
244 5
244 14
244 23
244 114
245 3
245 4
245 11
245 230
246 3
246 91
247 0
247 5
247 7
247 65
247 87
247 180
248 0
248 3
248 50
248 76
249 0
249 2
249 4
249 5
249 6
249 7
249 9
250 0
250 2
250 4
250 5
250 6
250 24
250 119
251 2
251 3
251 7
251 8
251 9
251 16
251 26
252 0
252 3
252 4
252 5
252 7
252 14
252 23
253 0
253 2
253 3
253 6
253 10
253 65
253 169
254 0
254 1
254 3
254 4
254 5
254 7
255 0
255 1
255 2
255 3
255 7
255 10
255 141
256 0
256 2
256 4
256 6
256 7
256 8
256 9
256 16
257 2
257 3
257 6
257 8
257 9
257 120
258 8
258 48
258 130
258 226
259 0
259 2
259 4
259 74
259 88
260 3
260 4
260 8
260 191
261 0
261 4
261 5
261 6
261 13
262 0
262 2
262 3
262 4
263 2
263 3
263 7
263 8
263 9
263 16
263 26
263 251
264 0
264 4
264 5
264 261
265 0
265 3
265 8
265 224
265 241
266 1
266 4
266 7
266 67
266 108
266 143
267 0
267 3
267 5
267 6
267 11
267 57
268 1
268 4
268 11
268 20
268 69
269 0
269 1
269 3
269 4
269 7
269 67
270 0
270 1
270 3
270 5
270 10
270 95
271 0
271 5
271 7
271 10
271 87
271 111
272 1
272 2
272 6
272 8
272 9
272 19
273 0
273 2
273 5
273 7
273 9
273 43
274 0
274 3
274 4
274 5
274 14
274 17
275 2
275 3
275 5
275 6
275 8
275 16
275 35
276 0
276 2
276 3
276 6
276 10
276 65
276 169
276 253
277 45
277 75
278 2
278 3
278 5
278 8
278 16
279 1
279 3
279 4
280 0
280 2
280 5
280 10
280 65
280 87
280 111
281 2
281 9
281 16
281 29
281 30
281 171
282 5
282 14
282 23
282 33
283 8
283 9
283 16
283 29
283 30
283 45
283 222
284 1
284 3
284 4
284 5
285 3
285 4
285 230
285 242
286 4
286 6
286 8
286 58
286 122
287 4
287 6
287 8
287 58
288 0
288 2
288 5
288 6
288 7
288 9
288 249
289 2
289 4
289 6
289 119
289 193
290 1
290 23
290 136
291 0
291 1
291 3
291 5
291 7
291 254
292 8
292 130
292 226
292 258
293 0
293 2
293 3
293 6
293 240
294 0
294 1
294 3
294 8
294 224
295 4
295 6
295 7
295 8
295 9
295 16
295 26
296 2
296 3
296 4
296 8
297 0
297 1
297 2
297 7
297 10
297 95
298 1
298 3
298 230
299 8
299 130
299 226
299 292
300 1
300 2
300 3
300 5
300 10
300 157
301 2
301 6
301 202
302 1
302 3
302 4
302 6
302 154
302 174
303 0
303 1
303 3
303 7
303 14
303 86
304 2
304 3
304 4
304 195
305 1
305 2
305 5
305 243
306 3
306 27
306 139
307 0
307 5
307 7
307 65
307 87
307 125
308 0
308 3
308 6
308 11
308 57
308 267
309 0
309 2
309 3
309 4
309 6
309 214
310 0
310 3
310 6
310 11
310 267
311 1
311 3
311 11
311 20
311 69
312 0
312 3
312 5
312 65
312 87
312 105
313 0
313 1
313 3
313 4
313 5
313 14
313 80
314 2
314 3
314 6
314 8
314 16
314 35
315 7
315 8
315 9
315 89
315 93
316 0
316 1
316 2
316 5
316 7
316 10
316 95
317 7
317 8
317 58
317 72
318 1
318 230
318 298
319 9
319 24
319 47
319 90
320 0
320 1
320 3
320 4
320 5
320 168
321 0
321 5
321 7
321 65
321 87
321 125
321 163
322 0
322 5
322 6
322 7
322 9
322 249
322 288
323 0
323 3
324 0
324 2
324 3
324 5
324 6
324 7
324 8
324 191
325 0
325 2
325 3
325 262
326 2
326 3
326 9
326 16
326 152
327 0
327 50
327 248
328 2
328 3
328 6
328 8
328 34
329 2
329 3
329 6
329 10
329 190
330 2
330 9
330 16
330 29
330 171
330 281
331 1
331 3
331 5
331 31
332 2
332 9
332 29
332 171
332 281
332 330
333 1
333 2
333 3
333 5
333 7
333 10
333 65
334 6
334 119
334 193
335 1
335 2
335 3
335 7
335 10
335 65
335 333
336 0
336 1
336 3
336 10
336 270
337 0
337 2
337 76
338 2
338 5
338 7
338 10
338 95
338 316
339 3
339 4
339 5
339 7
339 8
339 9
339 16
339 29
340 5
340 8
340 40
340 123
340 134
341 2
341 6
341 7
341 9
341 249
341 288
342 0
342 5
342 10
342 65
342 125
342 163
343 2
343 3
343 4
343 24
343 47
344 1
344 3
344 4
344 5
344 14
344 114
345 1
345 7
345 14
345 86
346 0
346 4
346 6
346 24
346 119
347 1
347 3
347 6
347 11
348 2
348 3
348 24
348 47
348 343
349 0
350 3
350 4
350 154
350 174
350 302
351 0
351 2
351 3
351 4
351 6
351 7
351 16
351 210
352 0
352 2
352 4
352 6
352 7
352 8
352 16
352 191
353 0
353 1
353 3
353 4
353 23
353 27
354 0
354 2
354 4
354 6
354 8
354 9
354 16
354 256
355 2
355 3
355 6
355 240
355 293
356 2
356 4
356 6
356 24
356 79
357 8
357 29
357 40
357 123
358 2
358 3
358 8
358 9
358 120
358 257
359 7
359 8
359 16
359 89
359 93
360 4
360 6
360 8
360 58
360 117
361 0
361 3
361 6
361 10
361 65
361 169
361 253
362 0
362 2
362 3
362 4
362 5
362 6
362 7
362 9
362 43
363 5
363 87
363 125
363 207
364 0
364 2
364 3
364 8
364 35
364 236
365 14
365 113
365 178
366 0
366 2
366 6
366 240
367 1
367 4
367 5
367 6
367 112
368 2
368 6
368 7
368 9
368 43
368 51
369 0
369 2
369 4
369 6
369 7
369 9
369 249
370 0
370 2
370 5
370 6
370 7
370 9
370 43
370 362
371 8
371 9
371 16
371 29
371 48
371 199
372 0
372 3
372 4
372 14
372 17
372 274
373 0
373 2
373 4
373 5
373 7
373 8
373 164
374 5
374 207
375 0
375 2
375 4
375 5
375 8
375 16
375 191
376 4
376 6
376 7
376 8
376 16
376 26
376 295
377 5
377 29
377 40
377 123
377 153
378 2
378 16
378 29
378 171
378 281
378 330
379 1
379 4
379 5
379 112
379 367
380 0
380 5
380 87
380 312
381 0
381 4
381 5
381 14
381 23
382 0
382 4
382 7
382 8
382 9
382 256
383 1
383 3
383 5
383 23
383 102
384 0
384 4
384 6
384 8
384 256
384 354
385 1
385 3
385 4
385 174
385 302
386 16
386 22
386 38
387 5
387 29
387 40
387 153
387 377
388 0
388 2
388 3
388 325
389 5
389 7
389 8
389 73
389 164
389 179
390 1
390 5
390 14
390 23
390 53
391 1
391 3
391 7
391 10
391 196
392 0
392 2
392 5
392 6
392 8
392 324
393 4
393 6
393 7
393 8
393 58
393 72
394 0
394 2
394 3
394 4
394 6
394 214
395 4
395 7
395 16
395 26
395 295
395 376
396 9
396 29
396 281
396 330
396 332
397 8
397 9
397 16
397 45
397 48
397 59
397 130
398 3
398 5
398 6
398 11
398 57
398 267
399 2
399 29
399 332
400 0
400 4
400 5
400 119
400 205
401 0
401 4
401 7
401 9
401 256
402 0
402 2
402 4
402 6
402 119
403 2
403 4
403 5
403 7
403 8
403 164
404 2
404 5
404 6
404 7
404 10
404 190
405 0
405 2
405 3
405 5
405 6
405 10
405 169
406 0
406 4
406 9
406 256
406 401
407 3
407 6
407 8
407 9
407 146
407 208
408 3
408 343
409 3
409 6
409 110
409 228
410 2
410 3
410 8
410 9
410 16
410 26
410 251
410 263
411 1
411 10
411 95
411 157
412 3
412 47
412 343
412 348
413 0
413 2
413 4
413 96
414 2
414 4
414 8
414 9
414 16
414 256
414 354
415 0
415 2
415 5
415 10
415 111
415 280
416 5
416 29
416 40
416 123
416 134
417 2
417 3
417 4
417 5
417 6
417 9
417 29
417 40
418 0
418 1
418 2
418 3
419 1
419 3
419 4
419 20
420 3
420 6
420 240
420 293
420 355
421 1
421 3
421 11
421 66
422 1
422 3
422 7
422 86
422 303
423 2
423 6
423 7
423 8
423 9
423 158
424 3
424 154
424 302
424 350
425 3
425 4
425 6
425 20
425 154
425 174
426 29
426 48
426 199
427 2
427 3
427 4
427 5
427 6
427 29
427 40
427 417
428 0
428 3
428 32
428 229
429 7
429 65
429 87
429 125
429 307
430 0
430 2
430 4
430 5
430 6
430 7
430 8
430 9
430 158
431 0
431 5
431 10
431 87
431 125
431 163
432 1
432 2
432 98
433 3
433 6
433 40
433 44
433 85
433 110
434 2
434 6
434 7
434 9
434 249
434 288
435 3
435 11
435 69
436 2
436 5
436 6
436 24
437 0
438 4
438 11
438 69
439 5
439 206
440 4
440 9
440 47
440 106
440 201
441 0
441 2
441 4
441 5
441 6
441 13
441 214
442 1
442 3
442 4
442 5
442 7
442 14
442 23
442 27
443 2
443 3
443 5
443 9
443 209
444 4
444 9
445 0
445 4
445 6
445 8
445 256
445 354
445 384
446 1
446 6
446 20
446 234
447 0
447 1
447 2
447 3
447 6
448 0
448 2
448 4
448 5
448 7
448 164
448 373
449 4
449 6
449 13
449 441
450 5
450 24
450 209
451 0
451 2
451 4
451 7
451 8
451 164
451 373
452 4
452 6
452 8
452 58
452 97
453 0
453 1
453 3
453 4
453 6
453 20
453 46
454 2
454 3
454 5
454 6
454 7
454 10
455 1
455 4
455 145
456 3
456 10
456 157
456 300
457 4
457 6
457 58
457 117
457 149
458 1
458 3
458 4
458 5
458 14
458 23
458 114
459 8
459 9
459 16
459 30
459 45
460 2
460 3
460 4
460 6
460 7
460 8
460 191
460 210
461 2
461 6
461 24
461 55
462 0
462 5
462 7
462 10
462 87
462 271
463 2
463 332
463 399
464 3
464 7
464 9
464 16
464 251
464 263
465 3
465 44
465 85
465 110
465 433
466 2
466 6
466 7
466 16
466 191
466 210
467 29
467 332
467 399
468 1
468 5
468 11
468 112
468 132
469 2
469 8
469 9
469 16
469 29
469 30
469 45
470 2
470 6
470 7
470 9
470 288
470 341
471 2
471 4
471 5
471 6
471 8
471 9
471 16
471 29
471 30
472 1
472 5
472 112
472 132
473 8
473 9
473 16
473 45
473 469
474 8
474 29
474 40
474 123
474 134
474 150
475 1
475 5
475 7
475 78
476 4
476 6
476 8
476 256
476 354
476 384
477 1
477 2
477 5
477 243
478 1
478 2
479 0
479 10
479 65
479 125
479 163
480 3
480 5
480 9
480 29
480 339
481 0
481 76
481 248
482 87
482 125
482 363
483 0
483 6
483 11
483 267
483 308
484 3
484 5
484 7
484 65
484 180
485 0
485 1
485 2
486 0
486 2
486 3
486 4
486 5
486 8
486 16
486 73
487 5
487 8
487 9
487 16
487 30
487 471
488 0
488 2
488 4
488 6
488 402
489 2
489 8
489 9
489 16
489 29
489 45
489 222
490 1
490 3
490 4
490 419
491 5
491 6
491 7
491 249
491 288
491 322
492 4
492 6
492 7
492 8
492 16
492 26
492 295
493 16
493 29
493 30
493 45
493 222
493 283
494 4
494 6
494 8
494 58
494 149
495 0
495 2
495 4
495 5
495 6
495 161
496 0
496 5
496 380
497 2
497 4
497 5
497 6
497 7
497 8
497 16
497 29
497 30
498 2
498 6
498 40
498 44
498 68
499 3
499 6
499 7
499 9
499 16
499 152
500 2
500 8
500 62
501 8
501 29
501 40
501 123
501 134
502 1
502 5
502 137
503 0
503 7
503 9
503 401
504 4
504 6
504 7
504 8
504 16
504 492
505 2
505 3
505 5
505 6
505 7
505 202
506 2
506 4
506 6
506 24
506 79
507 3
507 4
508 1
508 2
508 6
508 7
508 10
509 0
509 1
509 3
509 4
509 5
509 6
510 4
510 9
510 24
510 47
510 90
511 6
511 55
511 461
512 3
512 7
512 8
512 9
512 263
513 0
513 2
513 5
513 10
513 95
513 316
514 8
514 9
514 16
514 29
514 48
514 199
515 0
515 1
515 2
516 4
516 8
516 58
516 167
517 4
517 11
517 66
518 1
518 3
518 4
518 5
518 7
518 14
518 23
519 5
519 10
519 87
519 125
519 163
519 431
520 0
520 28
520 128
521 0
521 3
521 6
521 267
521 310
522 0
522 5
522 8
522 73
522 164
522 179
523 5
523 7
523 14
523 173
524 8
524 42
525 3
525 5
525 6
525 7
525 8
525 191
525 324
526 0
526 2
526 3
526 5
526 8
526 16
526 35
526 236
527 6
527 7
527 8
527 9
527 26
527 89
528 3
528 4
528 6
528 20
528 174
529 4
529 6
529 7
529 8
529 29
530 2
530 5
530 6
530 7
530 8
530 9
530 29
530 30
530 170
531 2
531 3
531 4
531 5
531 6
531 7
531 8
531 9
531 16
531 29
532 0
532 5
532 65
532 87
532 105
533 0
533 2
533 4
533 6
533 8
533 16
533 354
534 2
534 3
534 10
534 87
535 3
535 336
536 2
536 3
536 7
536 9
536 16
536 26
537 0
537 2
537 5
537 7
537 65
537 87
538 4
538 5
538 6
538 7
538 8
538 9
538 29
538 170
538 215
538 220
539 1
539 4
539 5
539 379
540 0
540 2
540 3
540 5
540 7
540 65
540 87
541 3
541 298
542 1
542 2
542 3
542 4
542 5
542 31
543 2
543 8
543 256
543 354
544 0
544 496
545 2
545 4
545 5
545 6
545 8
545 9
545 16
545 29
545 30
545 471
546 2
546 4
546 5
546 6
546 29
546 40
546 417
547 2
547 50
547 76
548 3
548 50
548 76
548 248
549 9
549 90
549 319
550 0
550 3
550 4
550 5
550 6
550 13
551 3
551 4
551 174
551 302
551 385
552 0
552 2
552 5
552 10
552 65
552 87
553 6
553 8
553 40
553 44
554 5
554 65
554 125
554 163
555 2
555 9
555 16
555 29
555 281
556 8
556 16
556 138
556 186
557 0
557 2
557 7
557 9
557 43
558 0
558 2
558 3
558 4
558 6
558 214
559 5
559 8
559 134
559 340
560 1
560 3
560 4
560 7
560 14
561 8
561 16
561 29
561 48
561 199
562 0
562 3
562 4
562 14
562 274
563 2
563 4
563 5
563 55
564 5
564 14
564 23
564 282
565 3
565 8
565 9
565 16
565 26
565 251
566 4
566 5
566 9
566 24
566 47
566 147
567 7
567 9
567 43
568 2
568 6
568 7
568 43
569 8
569 9
570 3
570 6
570 11
570 347
571 6
571 9
571 249
571 288
572 4
572 6
572 58
572 452
573 0
573 3
573 4
573 14
573 562
574 2
574 3
574 6
574 110
574 225
575 8
575 9
575 45
575 48
576 0
576 5
576 6
576 9
576 288
577 0
577 2
577 3
577 6
577 214
577 394
578 0
578 1
578 2
578 3
578 5
578 7
579 0
579 2
579 3
579 6
579 293
580 2
580 3
580 5
580 8
580 35
581 2
581 9
581 29
581 281
581 332
582 8
582 58
582 317
583 5
583 6
583 7
583 8
583 9
583 29
583 30
583 170
583 530
584 2
584 24
585 0
585 1
585 78
586 5
586 24
586 436
587 6
587 110
587 225
588 7
588 65
588 87
588 125
589 2
589 4
589 5
589 6
589 7
589 8
589 9
589 16
589 29
589 30
590 2
590 3
590 9
590 24
591 2
591 3
591 5
591 7
591 8
591 16
591 73
592 0
592 1
592 3
592 14
593 1
593 4
593 5
593 14
593 23
593 114
594 2
594 4
594 5
594 6
594 8
594 9
594 29
594 30
594 170
595 0
595 4
595 14
595 562
595 573
596 2
596 3
596 6
596 214
596 394
596 577
597 2
597 4
597 5
597 6
597 7
597 8
597 9
597 16
597 30
598 0
598 2
598 7
598 9
598 249
599 0
599 3
599 5
599 6
599 11
599 57
600 2
600 6
600 7
600 9
600 51
600 368
601 8
601 29
601 30
601 45
601 283
602 1
602 4
602 419
603 4
603 7
603 29
603 529
604 50
604 248
604 327
605 9
605 281
605 330
605 332
605 396
606 1
606 5
606 14
606 53
606 390
607 2
607 3
607 4
607 6
607 9
607 19
607 120
608 2
608 5
608 6
608 176
609 2
609 40
609 85
609 110
610 8
610 9
610 29
610 30
610 45
610 222
610 283
611 2
611 3
611 6
611 240
611 293
611 355
612 0
612 65
613 0
613 1
613 3
613 4
613 5
613 6
613 11
614 2
614 9
614 16
614 29
614 30
615 2
615 3
615 4
615 5
615 6
615 7
615 9
615 16
615 29
616 5
616 209
616 211
617 0
617 2
617 3
617 6
617 7
618 0
618 5
618 164
618 373
618 448
619 2
619 6
619 44
619 68
620 0
620 2
620 515
621 92
622 2
622 4
622 6
622 8
622 62
623 2
623 4
623 5
623 55
623 563
624 2
624 9
624 171
624 281
624 330
624 332
625 2
625 6
625 8
625 257
626 2
626 4
626 6
626 119
626 250
627 2
627 3
627 24
627 590
628 5
628 6
628 119
628 193
629 1
629 3
629 4
629 5
629 14
630 2
630 4
630 5
630 25
631 2
631 8
631 9
631 16
631 45
631 489
632 5
632 6
632 7
632 8
632 191
632 324
632 525
633 5
633 288
633 322
633 491
634 2
634 4
634 5
634 25
634 630
635 0
635 1
635 3
635 4
635 5
635 7
635 14
635 23
636 2
636 16
636 29
636 171
636 330
637 1
637 2
637 98
637 432
638 8
638 9
638 45
638 48
639 2
639 3
639 4
639 5
639 31
639 542
640 0
640 1
640 3
640 10
640 270
640 336
641 0
641 5
641 65
641 87
641 532
642 0
642 4
642 5
642 7
642 254
643 0
643 4
643 6
643 7
643 8
643 352
644 7
644 8
644 9
644 89
644 93
645 4
645 6
645 8
645 354
645 384
645 476
646 1
646 3
646 4
646 6
646 8
646 9
647 0
647 6
647 7
647 8
647 352
647 643
648 5
648 29
648 123
648 150
649 2
649 4
649 24
649 79
650 3
650 5
650 6
650 29
650 40
650 188
651 8
651 16
651 29
651 45
651 222
651 489
652 3
652 5
652 39
653 7
653 14
653 86
654 4
654 96
654 101
655 0
655 28
655 128
655 520
656 2
656 3
656 5
656 7
656 8
656 16
656 73
657 6
657 7
657 9
657 16
657 26
657 89
658 3
658 6
658 394
659 0
659 2
659 9
659 43
659 51
660 0
660 5
660 65
660 125
660 342
661 0
661 2
661 4
661 5
661 6
661 7
661 8
661 158
661 430
662 0
662 5
662 7
662 10
663 2
663 4
663 6
663 9
663 256
663 354
664 0
664 83
665 0
665 2
665 3
665 5
665 6
665 10
665 65
666 0
666 2
666 3
666 4
666 6
666 214
666 309
667 1
667 2
667 6
667 9
667 189
668 3
668 306
669 2
669 3
669 7
669 8
669 9
669 16
669 263
670 0
670 2
670 3
670 5
670 6
670 10
670 169
671 2
671 4
671 5
671 7
671 8
671 9
671 170
671 215
671 220
672 0
672 2
672 4
672 6
672 7
672 9
672 16
672 256
673 8
673 9
673 29
673 59
674 0
674 1
674 4
674 7
674 67
674 143
675 0
675 3
675 5
675 6
675 11
675 57
675 599
676 1
676 2
676 5
676 95
676 213
677 0
677 2
677 3
677 5
677 8
677 16
677 236
677 526
678 2
678 6
678 7
678 233
679 0
679 2
679 5
679 7
679 164
679 373
679 448
680 4
680 8
680 58
680 286
681 0
681 3
681 4
681 14
681 274
682 8
682 16
682 45
682 48
682 59
682 130
682 397
683 0
683 2
683 5
683 8
683 16
683 35
683 236
684 3
684 174
684 302
684 385
685 0
685 5
685 7
685 9
685 273
686 0
686 7
686 9
686 60
687 0
687 5
687 7
687 10
687 662
688 0
688 2
688 4
688 6
688 8
688 16
688 191
688 210
689 1
689 3
689 5
689 80
689 142
690 2
690 6
690 608
691 0
691 2
691 4
691 7
691 9
691 249
692 3
692 20
692 174
693 2
693 4
693 5
693 6
693 7
693 8
693 16
693 29
693 497
694 3
694 4
694 5
694 6
694 7
695 1
695 2
695 3
695 5
695 157
695 300
696 0
696 4
696 6
696 256
696 354
696 445
697 16
697 29
697 30
697 222
697 283
698 2
698 3
698 4
698 6
698 7
698 8
698 9
698 16
698 29
698 531
699 0
699 2
699 3
699 4
699 5
699 6
699 7
699 8
699 16
700 6
700 8
700 16
700 35
700 275
701 4
701 56
702 0
702 3
702 5
702 6
702 7
702 9
702 16
702 43
703 3
703 20
703 174
703 692
704 0
704 1
704 3
704 4
704 6
704 11
704 20
705 0
705 3
705 4
705 5
705 7
705 14
705 252
706 8
706 40
706 134
706 340
707 5
707 9
707 288
707 576
708 0
708 1
708 2
708 4
708 5
708 6
708 7
708 8
708 9
709 0
709 2
709 5
709 8
709 224
709 240
710 0
710 3
710 4
710 5
710 80
710 168
711 5
711 39
711 652
712 0
712 2
712 3
712 4
712 5
712 6
712 8
712 9
712 16
713 8
713 123
714 5
714 6
714 7
714 9
714 249
714 288
714 322
715 2
715 16
715 29
715 171
715 281
715 378
716 50
716 327
716 604
717 2
717 4
717 24
717 47
717 343
718 1
718 5
718 6
718 9
718 100
719 2
719 24
719 79
719 649
720 2
720 4
720 9
720 19
720 120
720 607
721 0
721 2
721 3
721 4
721 8
721 16
721 73
721 486
722 3
722 9
722 251
722 464
723 2
723 5
723 10
724 10
724 157
724 300
724 456
725 5
725 70
726 4
726 6
726 7
726 16
726 492
727 1
727 2
727 3
727 5
727 6
727 224
728 2
728 8
728 256
729 2
729 4
729 74
729 88
730 2
730 3
730 8
730 40
730 85
731 3
731 5
731 6
731 8
731 9
731 29
731 40
732 4
732 11
732 69
732 131
733 0
733 5
733 7
733 10
733 111
733 271
734 0
734 3
734 4
734 550
735 5
735 40
735 123
735 153
736 128
736 520
737 0
737 5
737 11
737 57
737 599
738 1
738 3
738 10
738 270
738 336
738 640
739 0
739 4
739 5
739 80
739 168
740 0
740 2
740 3
740 5
740 6
740 7
740 10
741 2
741 4
741 8
741 192
741 238
742 0
742 5
742 8
742 16
742 35
742 236
742 526
743 1
743 3
743 11
743 230
744 3
744 4
744 11
745 3
745 5
745 10
745 87
745 105
746 2
746 9
746 16
746 29
746 30
747 9
747 281
747 330
747 332
747 396
747 605
748 0
748 14
748 252
748 705
749 2
749 74
749 88
749 729
750 0
750 28
750 128
750 520
750 655
751 10
751 95
751 157
751 411
752 16
752 22
752 38
752 386
753 4
753 6
753 8
753 452
754 3
754 10
754 157
754 300
754 456
755 0
755 1
755 4
755 7
755 108
755 143
756 3
756 20
756 174
756 692
757 1
757 3
757 10
757 270
757 336
758 1
758 3
758 5
758 14
758 23
758 114
758 458
759 0
759 3
759 14
759 274
759 681
760 2
760 3
760 4
760 6
760 7
760 8
760 9
760 16
760 26
761 3
761 8
761 191
761 260
762 2
762 7
762 9
762 341
762 470
763 2
763 8
763 16
763 256
763 354
763 414
764 0
764 2
764 9
764 249
764 598
765 3
765 11
766 6
766 8
766 9
766 26
766 89
767 2
767 3
767 5
767 157
767 300
767 695
768 1
768 3
768 4
768 6
769 0
769 3
769 4
769 5
769 32
770 4
770 5
770 7
770 8
770 9
770 29
770 148
771 3
771 5
772 2
772 8
772 40
772 85
772 730
773 2
773 4
773 19
773 120
773 607
773 720
774 4
774 5
774 6
774 7
774 8
774 9
774 29
774 215
775 8
775 29
775 40
775 123
775 134
775 150
776 0
776 4
776 6
776 8
776 16
776 354
776 533
777 0
777 6
777 9
777 288
778 2
778 6
778 26
778 233
779 1
779 2
779 3
779 6
779 9
779 19
779 41
780 2
780 16
780 73
781 3
781 5
781 9
781 29
781 40
781 200
782 1
782 4
782 11
782 20
782 69
782 172
783 3
783 8
783 9
783 16
783 26
783 251
784 4
784 9
784 47
784 106
784 201
784 440
785 0
785 1
785 3
785 4
785 6
785 7
785 8
785 9
786 4
786 9
786 24
786 47
786 147
787 3
787 4
787 6
787 154
787 174
787 302
788 4
788 5
788 7
788 8
788 16
788 148
789 1
789 4
789 5
789 114
789 458
790 29
790 123
790 150
790 648
791 3
791 8
791 328
792 3
793 0
793 11
793 57
793 737
794 2
794 6
794 40
794 85
794 110
795 1
795 3
795 5
795 14
795 23
795 518
796 3
796 240
796 355
796 420
797 5
797 11
797 112
797 132
797 468
798 3
798 6
798 7
798 9
798 16
798 152
799 2
799 3
799 5
799 7
799 10
799 65
799 87
800 5
800 87
800 312
800 380
801 0
801 5
801 23
801 136
802 0
802 5
802 7
802 8
802 9
803 2
803 3
803 63
804 0
804 1
804 2
804 4
804 5
804 6
804 7
804 8
804 9
804 708
805 0
805 2
805 5
805 7
805 10
805 87
805 111
806 22
806 38
806 386
806 752
807 0
807 2
807 5
807 7
807 43
808 2
808 4
808 19
808 120
808 607
808 773
809 5
809 288
809 322
810 0
810 576
811 1
811 2
811 3
811 6
811 19
811 41
811 779
812 3
812 5
812 7
812 8
812 16
813 0
813 2
813 3
813 4
813 5
813 7
813 8
813 16
813 699
814 2
814 5
814 10
814 95
814 316
814 338
815 0
815 1
815 3
815 6
815 11
815 613
816 1
816 4
816 6
816 11
816 137
817 0
817 2
817 10
817 111
817 280
817 415
818 0
818 1
818 70
819 5
819 11
819 57
819 599
819 737
820 3
820 4
820 32
820 229
821 5
821 87
821 312
821 380
821 800
822 1
822 2
822 3
822 6
822 9
822 19
822 41
823 8
823 40
823 123
823 134
823 150
823 775
824 2
824 6
824 24
824 461
825 2
825 4
825 6
825 24
825 119
825 193
826 0
826 2
826 3
826 4
826 7
826 8
826 16
826 191
826 210
827 8
827 29
827 199
827 371
828 4
828 7
828 8
828 9
828 215
828 220
829 281
829 330
829 332
829 396
830 0
830 1
830 3
830 4
830 6
831 0
831 10
831 65
831 125
831 163
831 479
832 20
832 174
832 692
832 756
833 0
833 5
833 7
833 10
833 87
833 125
834 8
834 9
834 16
834 26
835 5
835 6
835 191
835 324
836 0
836 2
836 337
837 0
837 1
837 3
837 7
837 14
837 86
838 0
838 1
838 3
838 7
838 14
839 0
839 7
839 9
839 249
839 288
839 322
840 2
840 16
840 29
840 171
840 281
840 378
840 715
841 8
841 16
841 30
841 45
842 1
842 4
842 5
842 114
842 458
842 789
843 5
843 6
843 9
843 576
844 1
844 3
844 4
844 5
844 14
844 23
844 113
844 184
845 0
845 2
845 3
845 4
845 6
845 394
846 2
846 4
846 6
846 8
846 9
846 26
847 1
847 2
847 65
847 333
847 335
848 1
848 2
848 10
848 95
849 0
849 4
849 5
849 25
850 7
850 8
850 9
850 644
851 4
851 5
851 6
851 13
852 1
852 4
852 7
852 67
852 143
852 674
853 8
853 16
853 45
853 48
853 59
853 130
854 0
854 1
854 2
854 3
854 5
854 7
854 104
855 6
855 7
855 9
855 16
855 29
855 30
856 4
856 114
856 458
857 2
857 4
857 5
857 8
857 9
857 29
857 30
857 170
858 0
858 2
858 4
858 5
858 8
858 191
859 8
859 9
859 16
859 29
859 48
859 199
860 0
860 1
860 3
860 270
860 336
861 2
861 3
861 4
861 6
861 8
861 9
861 19
861 120
862 0
862 3
862 5
862 10
863 0
863 2
863 5
863 164
863 373
863 448
863 679
864 0
864 1
864 7
864 86
864 837
865 1
865 3
865 7
865 14
865 27
865 181
866 4
866 5
866 6
866 8
866 9
866 16
866 29
866 30
866 471
867 2
867 8
867 9
867 16
867 489
867 631
868 1
868 2
868 3
868 6
868 19
868 41
868 822
869 0
869 6
869 119
870 0
870 5
870 9
870 576
871 3
871 157
871 300
871 456
871 754
872 0
872 3
872 5
872 10
872 65
872 105
873 0
873 3
873 11
873 57
873 267
873 308
874 6
874 8
874 16
874 35
874 314
875 0
875 1
875 4
875 5
875 80
876 4
876 6
876 256
876 354
876 696
877 0
877 2
877 4
877 6
877 24
877 119
877 250
878 7
878 65
878 87
878 125
878 307
879 1
879 3
879 279
880 1
880 3
880 4
880 11
880 20
880 69
881 1
881 3
882 0
882 2
882 3
882 6
882 10
882 65
882 253
883 3
883 57
883 267
883 308
883 873
884 6
884 8
884 40
884 68
885 4
885 5
885 7
885 8
885 170
885 215
885 220
885 538
886 3
886 8
886 9
886 263
886 512
887 7
887 9
887 43
887 51
887 156
888 8
888 40
888 123
888 134
889 5
889 14
889 23
889 114
889 458
889 758
890 5
890 312
890 380
891 2
891 5
891 6
891 7
891 190
891 404
892 8
892 130
892 226
892 292
893 0
893 1
893 3
893 5
893 80
893 142
894 2
894 9
894 100
894 189
895 0
895 4
895 5
895 7
895 642
896 2
896 4
896 120
896 607
896 720
897 1
897 2
897 6
897 19
897 41
897 779
898 5
898 6
898 8
898 9
898 30
898 530
898 583
899 0
899 3
899 5
899 80
899 142
900 2
900 3
900 6
901 5
901 6
901 8
901 40
901 731
902 3
902 4
903 0
903 1
903 4
903 6
903 20
903 46
903 453
904 2
904 8
904 45
904 489
905 2
905 5
905 8
906 2
906 76
906 337
907 0
907 3
907 57
907 267
907 308
908 0
908 5
908 6
908 7
908 9
908 16
908 43
908 702
909 0
909 3
909 4
909 14
909 274
909 681
910 0
910 2
910 5
910 7
910 65
911 1
911 4
911 5
911 14
911 114
912 5
912 8
912 29
912 40
912 123
913 2
913 3
913 7
913 8
913 9
913 16
913 26
913 251
914 10
914 157
914 300
915 0
915 5
915 10
915 65
915 125
915 163
915 342
916 0
916 2
916 5
916 6
916 10
916 65
917 0
917 4
917 5
917 7
917 254
917 642
918 3
918 6
918 11
918 347
919 2
919 281
919 378
919 715
920 0
920 3
920 4
920 5
920 7
920 14
920 252
921 1
921 3
921 7
921 14
921 86
922 0
922 2
922 6
922 8
922 16
922 352
923 3
923 8
923 9
923 16
923 26
923 251
923 783
924 7
924 8
924 89
924 93
924 644
925 2
925 9
925 16
925 29
925 30
925 222
926 1
926 2
926 5
926 7
926 104
926 854
927 1
927 3
927 5
927 23
927 383
928 3
928 4
928 5
928 13
928 550
929 1
929 5
929 23
929 27
929 187
930 0
930 2
930 3
930 5
930 6
930 10
930 65
931 327
931 604
931 716
932 0
932 1
932 3
932 270
932 640
933 668
934 2
934 5
934 6
934 10
934 190
935 8
935 130
935 226
936 0
936 1
936 818
937 0
937 267
937 310
937 521
938 1
938 3
938 7
938 10
938 196
939 5
939 6
939 8
939 9
939 40
939 200
940 3
940 5
940 6
940 8
940 9
940 200
941 1
941 137
942 0
942 2
942 4
942 5
942 6
942 119
943 2
943 4
943 5
943 6
943 7
943 8
943 29
943 30
943 182
944 4
944 8
944 58
944 286
944 680
945 2
945 3
945 4
945 29
945 40
945 417
945 427
946 2
946 6
946 40
946 44
946 68
946 498
947 1
947 83
948 1
948 3
948 270
948 336
948 640
949 1
949 2
949 6
949 19
949 41
949 822
950 5
950 6
950 7
950 191
950 324
951 2
951 3
951 5
951 7
951 65
951 87
952 0
952 3
952 14
952 17
953 3
953 5
953 9
953 40
953 200
953 781
954 2
954 3
954 5
954 209
954 443
955 5
955 56
955 118
956 0
956 3
956 6
956 11
956 57
956 267
957 2
957 3
957 7
957 8
957 9
957 16
957 26
957 251
957 913
958 1
958 3
958 5
958 14
958 23
958 518
958 795
959 5
959 6
959 16
959 30
959 116
960 0
960 5
960 6
960 10
960 916
961 5
961 8
961 29
961 40
961 912
962 0
962 3
962 4
962 5
962 14
963 0
963 2
963 3
963 4
963 214
963 394
964 0
964 1
964 2
964 4
964 5
964 6
964 7
964 8
964 708
965 5
965 6
965 7
965 9
965 249
965 322
965 714
966 9
966 45
966 469
966 473
967 3
967 11
967 230
968 0
968 2
968 9
968 43
968 557
969 3
969 5
969 14
969 23
969 114
969 244
970 2
970 6
970 19
970 41
970 822
970 949
971 5
971 29
971 40
971 123
971 416
972 0
972 2
972 3
972 4
972 8
972 16
972 210
972 826
973 6
973 240
973 355
973 611
974 0
974 9
974 288
974 576
975 2
975 44
975 68
975 498
976 0
976 1
976 4
976 5
976 6
977 6
977 7
977 8
977 29
977 529
978 0
978 2
978 4
978 5
978 7
978 164
978 192
979 6
979 678
980 0
980 4
980 7
980 67
980 194
981 0
981 1
981 3
981 5
981 14
981 80
981 313
982 2
982 40
982 44
982 68
982 162
983 2
983 3
983 4
983 9
983 19
983 607
984 3
984 535
985 0
985 4
985 5
985 6
985 161
986 2
986 4
986 5
986 47
987 5
987 8
987 340
988 3
988 4
988 174
988 302
988 385
988 551
989 4
989 6
989 8
989 354
989 384
989 476
989 645
990 1
990 7
990 67
990 674
990 852
991 39
991 652
992 281
992 330
992 332
992 605
993 0
993 2
993 5
993 7
993 104
993 854
994 3
994 6
994 16
994 152
995 1
995 2
995 98
996 0
996 1
996 3
996 5
996 14
996 23
996 27
997 2
997 4
997 6
997 8
998 40
998 134
998 706
999 3
999 768
