1 0
2 0
2 1
3 0
3 1
3 2
4 0
4 1
4 2
4 3
5 0
5 1
5 2
5 3
5 4
6 0
6 1
6 2
6 3
6 4
6 5
7 0
7 1
7 2
7 3
7 4
7 5
7 6
8 0
8 1
8 2
8 3
8 4
8 5
8 6
8 7
9 0
9 1
9 2
9 3
9 4
9 5
9 6
9 7
9 8
10 0
10 1
10 2
10 3
10 4
10 6
10 7
11 0
11 2
11 5
11 7
11 8
12 0
12 1
12 3
12 4
12 6
13 1
13 2
13 4
13 5
13 7
13 8
14 0
14 1
14 2
14 3
14 4
14 5
14 7
14 8
15 0
16 1
16 4
16 5
16 6
16 7
16 8
17 4
17 5
17 6
17 7
17 8
18 1
18 4
18 5
19 0
19 2
20 2
20 4
20 7
20 8
21 1
21 5
22 0
22 2
22 3
22 4
22 5
22 6
22 7
22 8
23 2
23 3
23 4
24 0
24 3
24 4
24 5
24 6
25 0
25 2
25 7
25 8
26 0
26 1
26 6
26 7
27 5
28 2
29 0
29 2
29 3
29 4
29 5
29 8
30 0
30 6
31 0
31 4
31 6
31 7
31 8
32 2
32 3
32 5
32 6
33 0
33 2
34 0
34 7
34 8
35 0
35 1
35 3
35 4
35 5
36 1
36 3
36 4
37 0
37 1
37 2
37 6
38 2
38 5
38 6
39 1
39 5
40 0
40 2
40 3
40 4
40 5
41 4
41 7
41 8
42 4
42 5
42 6
42 7
42 8
43 0
43 2
43 7
43 8
44 0
44 1
44 2
44 4
44 5
44 6
44 7
45 8
46 0
46 1
46 3
46 5
47 0
47 3
47 4
47 5
47 6
47 7
47 8
48 1
48 4
48 5
48 6
49 4
49 5
49 6
49 8
50 0
50 3
51 1
51 3
51 5
52 2
52 3
52 4
52 5
53 0
53 1
53 2
53 3
53 4
53 5
53 6
53 7
54 0
54 1
54 3
54 4
54 6
55 6
55 7
55 8
56 1
56 2
56 3
56 4
56 7
57 6
57 7
57 8
58 0
58 2
58 6
58 7
59 0
59 1
59 2
59 3
59 4
59 5
59 6
59 7
60 6
60 7
61 0
61 1
61 2
61 3
61 4
61 6
61 8
62 0
62 2
62 8
63 2
63 6
64 0
64 1
64 2
64 4
64 5
66 0
66 2
66 5
67 0
67 2
67 3
67 4
67 5
69 0
69 2
70 0
70 3
70 4
70 5
70 7
71 2
71 7
72 0
72 1
72 2
72 6
73 0
73 8
74 4
74 6
75 0
75 2
75 3
75 5
75 8
75 29
76 4
77 2
77 3
77 4
77 6
77 8
78 0
78 1
78 4
78 6
78 8
79 0
79 2
79 3
79 4
79 6
79 8
80 0
80 1
80 2
80 4
80 5
80 6
81 6
81 7
81 8
82 6
83 2
83 8
84 0
84 1
84 3
84 4
84 6
85 0
85 2
85 3
85 4
85 6
85 7
85 8
86 0
86 3
86 4
86 6
87 4
87 6
87 8
88 0
88 2
88 3
88 5
89 1
89 2
89 4
89 6
89 7
90 0
90 1
90 2
90 4
90 5
90 6
91 0
91 3
91 4
91 5
91 6
92 0
92 1
92 2
92 4
92 5
92 7
93 1
93 5
93 6
94 0
94 2
94 3
94 5
94 6
95 0
95 2
96 1
96 3
97 0
97 1
97 3
97 4
97 5
97 8
98 0
98 1
98 2
98 3
98 4
99 0
99 2
99 3
99 4
99 6
99 7
100 1
101 6
102 0
102 8
103 1
103 3
103 4
103 5
103 8
104 0
104 3
104 4
104 5
105 0
105 7
105 8
106 0
106 1
106 2
106 3
106 4
106 7
107 3
107 4
108 0
108 2
108 4
108 6
108 7
108 8
109 5
109 7
110 0
110 3
110 8
111 0
111 3
111 4
111 8
112 2
112 83
113 0
113 1
113 2
113 3
113 7
114 1
114 3
114 4
115 0
115 2
115 6
115 7
116 2
116 3
116 4
116 5
116 6
116 7
116 8
117 3
117 5
117 6
118 1
118 2
118 4
118 7
119 0
119 6
120 3
120 4
120 6
121 1
121 3
121 5
122 1
122 5
122 6
123 6
123 7
123 8
124 2
125 0
125 3
125 4
125 5
125 6
125 7
126 0
126 3
126 4
126 5
126 7
127 1
127 4
127 6
128 4
128 5
128 6
128 8
129 6
130 7
130 8
131 0
132 0
132 1
132 2
132 3
132 7
133 0
133 2
133 5
136 2
136 4
136 6
136 8
137 0
137 1
137 2
137 4
137 5
138 2
138 5
138 7
139 2
139 3
139 5
140 1
141 0
141 3
142 0
142 3
142 4
142 5
142 6
142 7
142 8
143 1
143 5
143 6
144 0
144 3
144 4
145 0
145 2
145 6
145 7
146 1
146 3
146 5
146 51
147 0
147 3
147 6
148 2
149 0
149 5
149 7
149 8
150 0
150 3
150 6
151 0
151 2
151 3
151 6
151 8
152 4
153 6
154 2
155 0
155 3
155 5
155 8
156 1
156 2
156 3
156 4
157 0
157 2
157 3
157 4
157 6
157 7
158 0
158 3
158 4
158 5
158 6
158 8
159 0
159 2
159 4
159 5
159 7
160 1
160 4
160 5
160 6
160 7
160 8
161 0
161 2
161 3
161 5
161 29
162 1
162 5
162 7
162 8
163 0
163 1
163 6
164 3
164 4
165 0
165 2
165 4
165 7
166 0
166 1
166 2
166 7
167 6
167 7
168 4
168 6
168 8
169 1
169 4
170 4
171 2
171 3
171 5
171 6
171 8
172 2
172 3
172 4
172 5
173 2
173 6
173 8
174 0
174 4
174 5
174 6
175 0
175 1
175 2
175 72
176 0
176 2
177 0
177 1
177 2
177 3
178 0
178 3
178 5
178 7
179 0
179 1
179 2
179 4
179 6
179 7
179 8
180 0
180 8
181 6
181 7
182 1
182 3
182 4
182 156
183 2
183 5
183 6
184 3
184 6
185 0
185 3
185 5
186 0
186 4
186 5
186 7
187 7
188 3
188 5
188 6
188 8
189 1
189 3
189 4
189 7
190 0
190 3
190 8
191 2
191 3
191 6
191 7
192 3
192 4
192 6
193 1
193 6
194 2
194 4
194 7
195 0
195 2
195 3
195 7
195 8
196 0
196 5
196 7
197 1
197 3
197 7
198 1
198 3
198 5
198 8
199 4
199 5
199 7
200 2
200 3
200 5
200 6
201 2
201 5
203 7
205 4
206 1
206 2
206 4
206 7
207 1
207 5
207 162
208 0
208 2
209 0
209 3
209 4
210 0
210 2
210 8
211 1
211 4
211 5
211 7
211 8
212 0
212 4
212 6
213 0
213 1
213 3
213 4
213 8
214 2
214 5
214 6
215 2
215 3
216 0
216 3
216 4
216 6
217 2
217 3
217 4
218 0
218 1
218 2
218 3
218 6
218 7
219 0
219 1
219 26
220 1
220 5
221 1
221 2
221 3
221 4
221 5
222 3
223 1
223 2
223 3
223 4
223 6
224 3
224 5
224 7
225 0
225 4
225 6
225 8
226 2
226 3
226 4
226 5
227 3
227 5
228 1
228 2
228 4
228 7
229 1
229 3
229 5
229 8
230 0
230 2
230 3
231 1
231 2
231 3
231 4
231 6
232 2
232 3
232 6
232 7
233 2
233 6
234 1
234 4
234 6
234 8
235 0
235 2
235 6
235 7
236 0
236 26
237 0
237 6
237 8
238 0
238 2
238 3
238 4
239 5
239 7
240 2
240 3
240 5
241 0
241 1
241 7
241 26
242 2
242 3
242 4
242 6
243 0
243 3
243 4
244 1
244 2
244 4
245 0
245 1
245 7
246 0
247 4
247 5
247 6
247 7
247 8
248 0
248 3
248 7
249 5
249 6
250 0
250 2
250 3
251 1
251 3
251 4
252 1
252 2
252 7
253 0
253 1
253 3
253 4
253 5
253 6
253 7
253 8
254 0
254 3
254 4
254 5
255 1
255 2
255 4
255 6
256 4
256 5
256 6
257 0
257 3
257 6
257 7
259 0
259 3
259 4
259 5
259 8
260 1
260 3
261 5
262 0
262 1
262 2
262 4
263 0
263 1
264 0
264 1
264 3
264 4
264 5
265 0
265 5
266 2
267 1
267 3
267 4
267 5
267 8
268 0
268 1
268 6
269 1
269 2
269 4
269 6
269 7
270 5
270 109
271 1
271 2
272 5
272 6
272 7
272 8
273 2
273 3
273 4
273 5
273 8
274 0
274 4
274 6
274 8
275 1
275 5
275 6
276 0
276 1
276 2
276 6
277 2
277 4
278 3
278 5
278 6
279 2
279 4
280 0
280 2
280 5
281 2
281 4
281 5
282 0
282 1
282 2
282 6
283 0
283 3
283 4
283 5
283 6
283 8
284 4
285 0
285 1
285 4
285 6
285 8
286 0
286 2
286 3
286 5
286 6
287 0
287 1
287 3
287 4
287 5
287 6
288 0
288 4
288 5
288 254
289 0
289 3
290 0
290 2
290 3
290 53
291 5
292 0
292 7
292 8
295 4
295 6
296 2
296 5
296 7
296 8
298 3
298 8
299 0
299 2
299 29
300 2
300 3
300 5
301 3
301 5
301 6
301 8
302 5
303 0
303 3
303 4
303 84
304 6
304 8
305 0
305 2
306 7
307 3
307 4
307 6
308 0
308 1
308 2
308 6
308 7
308 8
309 4
309 6
309 8
310 0
310 1
310 7
311 0
311 1
311 2
311 6
312 0
312 1
312 3
312 5
312 6
312 7
313 0
313 8
314 2
314 4
315 0
315 2
315 3
316 5
316 6
316 8
316 49
317 0
317 1
317 2
317 6
317 7
318 0
318 26
319 6
320 0
320 5
321 1
321 7
321 26
322 5
322 8
324 0
324 1
324 3
324 4
324 5
324 6
324 7
324 8
325 1
325 5
325 6
326 1
326 5
326 162
327 5
327 6
328 6
329 1
329 3
330 0
330 1
330 2
330 4
330 5
330 6
331 0
331 2
332 0
332 6
333 0
333 7
334 3
334 6
334 7
335 0
335 2
335 3
335 4
336 4
336 5
336 6
336 8
337 3
337 5
337 6
337 8
338 3
338 5
338 8
339 0
339 5
339 7
340 0
340 6
340 147
341 0
342 2
343 0
343 3
343 4
343 6
344 0
344 2
344 3
344 4
344 5
344 7
344 8
345 3
345 4
345 5
346 3
346 7
347 5
347 162
349 5
349 6
349 7
350 0
350 1
350 2
350 3
350 6
350 7
351 0
351 1
351 3
351 4
351 5
351 6
352 2
352 3
352 6
353 8
354 3
354 4
354 5
354 6
355 6
356 0
356 1
356 2
357 0
357 6
358 1
358 3
358 4
358 156
359 1
359 3
359 4
359 5
359 6
359 7
359 8
360 1
360 2
360 5
360 6
361 0
361 8
362 0
362 2
362 3
362 4
363 0
364 3
364 4
365 6
366 5
367 8
368 0
368 6
368 7
368 8
369 4
369 6
369 8
370 0
370 3
370 4
371 0
371 4
371 8
372 0
372 1
372 3
372 5
373 0
373 2
373 3
373 4
373 5
373 7
373 8
374 0
374 2
374 4
374 8
375 7
376 0
376 2
376 4
376 5
377 0
378 4
378 5
379 0
379 3
379 5
379 6
379 8
380 4
380 8
381 0
382 2
382 3
382 4
382 6
382 7
382 8
383 2
383 3
383 5
383 6
384 2
384 112
385 5
385 7
385 8
386 1
386 2
386 5
386 7
387 0
387 2
387 3
387 5
388 1
388 6
389 0
389 3
389 5
389 8
390 5
391 1
391 2
391 4
391 6
392 3
392 6
392 8
392 337
393 2
393 4
393 5
394 5
394 6
395 0
395 4
395 6
395 8
396 0
396 4
397 0
397 1
397 3
397 4
397 5
397 351
398 0
398 3
399 4
399 5
400 5
400 6
400 7
401 6
402 0
402 3
402 4
403 4
403 5
403 6
404 0
404 5
404 7
405 0
405 5
406 2
406 6
407 1
407 3
407 4
407 5
408 5
408 6
409 0
409 3
409 8
410 6
410 7
410 8
411 4
411 5
411 7
412 1
412 4
413 0
414 6
414 7
415 0
415 2
415 4
415 6
415 8
416 0
416 1
416 3
416 4
416 6
417 0
417 1
417 3
417 351
418 8
419 2
420 0
420 4
420 6
420 7
420 8
421 1
422 0
422 1
422 3
422 5
422 6
423 1
423 2
423 4
423 5
423 7
424 3
424 4
425 3
425 4
426 0
426 2
427 3
427 8
429 0
429 4
429 7
429 8
430 0
430 8
431 0
431 5
431 6
432 1
432 6
432 268
433 1
433 2
433 4
433 5
434 1
434 2
434 4
434 5
434 6
434 7
435 0
435 5
435 7
436 0
436 1
436 3
436 4
436 351
437 0
437 1
437 4
437 6
437 7
437 8
438 3
439 4
439 6
440 4
440 6
440 8
441 0
441 2
441 7
442 7
442 8
443 2
443 8
444 4
444 7
444 8
445 0
445 5
445 7
446 5
446 8
447 1
447 72
448 1
448 2
448 4
448 6
448 7
448 8
449 0
449 3
449 4
449 5
449 6
450 5
450 254
451 0
451 2
451 4
451 7
451 8
452 0
452 1
452 6
452 7
452 8
453 4
453 6
454 0
454 3
454 8
456 3
457 0
457 4
457 254
458 1
458 5
459 0
459 1
459 3
459 4
459 351
460 5
461 0
461 4
461 5
462 0
463 0
463 1
463 2
463 4
463 7
464 0
464 1
464 2
464 4
464 7
465 0
465 1
465 2
465 3
465 4
465 5
465 6
465 7
465 8
466 0
466 2
466 4
466 7
466 8
467 0
467 3
468 3
469 2
469 5
470 2
470 3
471 0
471 1
471 2
471 4
471 5
471 6
471 7
471 8
472 8
474 6
475 1
475 4
475 7
476 0
476 4
476 5
476 7
477 3
477 5
477 8
479 7
479 8
481 4
481 5
482 3
482 5
482 6
483 1
483 96
484 1
485 1
486 0
486 1
486 2
486 5
486 6
486 7
486 8
487 0
487 1
487 3
487 4
487 7
488 8
489 1
489 3
489 4
489 5
489 6
490 0
490 2
490 4
490 7
491 4
491 5
491 6
491 8
492 1
492 2
492 7
493 0
493 5
493 7
494 1
494 2
494 3
494 4
494 223
495 2
495 4
495 6
495 8
496 6
497 1
497 2
497 4
497 7
498 2
499 4
499 7
499 8
500 0
500 2
500 3
500 5
500 7
500 8
502 0
502 2
502 7
503 8
504 0
504 1
504 5
504 6
504 8
506 0
506 2
506 3
506 4
507 0
507 1
507 2
507 3
507 7
508 3
508 6
508 337
509 0
509 4
510 2
512 1
512 6
512 268
513 0
513 2
513 4
513 6
514 2
514 6
515 0
515 4
515 6
516 0
516 2
516 3
517 0
517 4
517 5
518 0
518 4
519 0
519 2
519 3
519 5
519 8
519 29
520 0
520 5
520 6
521 2
521 6
521 7
522 1
522 3
523 0
523 1
523 2
523 4
523 5
523 7
524 0
524 7
524 8
525 6
525 7
526 2
526 3
526 4
526 7
526 8
527 0
527 2
527 5
528 3
528 4
528 6
529 4
529 5
530 0
530 3
530 4
530 5
531 0
531 1
531 3
531 5
531 6
531 7
531 8
532 5
532 6
533 0
533 1
533 2
533 4
533 5
533 6
533 7
534 3
534 4
534 6
535 4
535 7
536 0
536 3
537 2
537 8
538 0
538 5
538 7
539 0
539 2
540 6
540 7
541 0
541 6
541 7
542 1
542 3
542 4
542 5
542 6
542 7
543 1
543 2
543 4
543 5
543 8
544 5
544 6
545 268
546 1
546 7
547 1
548 1
548 3
549 0
550 3
550 4
550 5
551 0
552 0
552 3
552 4
552 5
552 7
554 0
554 3
554 5
554 29
555 0
555 6
555 7
556 3
556 5
557 2
557 3
557 4
558 0
558 2
558 8
559 0
559 5
559 8
560 1
560 2
560 4
561 0
561 1
561 4
561 5
561 7
562 0
562 3
562 4
562 6
563 6
563 7
564 0
564 2
564 7
565 26
566 0
566 2
566 3
566 4
566 6
567 0
567 1
567 2
567 4
567 6
568 0
568 2
568 3
568 7
569 0
570 0
570 5
571 0
571 2
571 3
571 4
572 0
572 2
572 4
572 5
573 1
574 0
574 2
574 5
574 7
575 0
575 3
575 4
575 6
575 84
576 5
577 6
578 4
578 8
579 0
579 3
579 4
579 6
580 0
580 2
580 4
581 3
581 4
581 5
581 7
582 0
582 3
582 4
582 5
582 7
583 4
583 8
584 7
585 1
585 4
585 5
585 6
586 0
586 2
586 5
587 0
587 1
587 3
587 4
588 1
588 2
588 5
589 3
589 4
589 5
590 0
590 2
590 3
590 5
590 8
591 3
591 5
591 8
592 3
592 4
592 5
592 351
592 397
593 1
593 2
593 4
593 5
594 1
594 2
594 4
594 5
595 3
595 5
595 6
595 8
596 0
596 6
596 7
597 0
597 3
597 5
597 8
598 3
598 6
598 7
599 6
600 1
600 4
600 156
601 0
601 5
602 0
602 2
602 3
602 5
602 29
603 3
603 4
603 5
604 5
605 0
605 2
605 3
605 5
605 7
605 8
606 2
606 6
606 7
607 3
607 5
608 0
608 1
608 5
609 4
609 5
609 6
609 8
610 0
611 0
612 1
612 7
613 1
613 4
613 5
613 6
613 7
613 8
614 0
614 3
614 4
614 6
615 0
615 1
615 2
615 4
615 5
615 7
616 0
616 4
616 6
616 8
617 0
617 2
618 1
618 2
618 3
618 4
619 0
619 2
619 3
619 4
619 5
620 6
620 8
621 0
621 1
621 3
621 4
622 8
623 0
623 6
624 1
624 4
624 8
625 5
625 7
626 0
626 1
626 3
626 46
627 5
628 0
628 8
629 1
629 3
630 0
630 1
630 3
630 4
632 3
633 0
633 2
633 3
633 4
633 6
634 1
634 2
634 4
634 5
634 6
635 2
635 3
635 4
635 566
636 3
637 2
637 6
637 8
638 2
638 5
639 1
639 3
639 5
640 0
640 6
640 8
641 1
641 2
641 3
641 4
641 5
641 6
641 7
642 0
643 0
643 1
643 3
643 4
645 0
645 1
645 3
645 46
646 4
647 6
648 1
648 2
648 7
649 0
649 7
650 1
650 4
650 5
650 6
650 7
650 8
651 0
652 0
652 1
652 2
652 3
653 0
653 2
653 3
653 4
653 5
653 7
653 8
654 4
654 7
656 0
656 3
656 4
656 5
656 8
657 8
658 0
658 2
658 3
658 4
658 5
658 7
658 8
659 0
659 3
659 4
659 79
660 2
661 0
661 3
661 6
661 8
661 151
662 0
662 4
662 7
663 0
663 1
663 3
663 6
664 1
664 2
664 4
665 0
665 7
665 8
666 1
666 5
667 3
668 0
668 3
668 5
668 8
669 1
669 4
669 7
670 3
670 5
670 7
671 1
671 4
671 6
671 7
671 269
672 0
673 5
674 1
674 2
674 3
674 4
674 7
675 4
675 5
675 7
676 3
676 4
676 5
677 6
677 8
679 3
680 0
681 0
681 3
681 5
682 1
682 7
682 269
683 3
684 1
684 2
684 3
684 4
684 5
684 6
684 7
685 2
685 3
685 4
685 5
686 0
686 1
686 2
686 3
687 0
688 3
688 5
688 8
689 0
689 4
689 6
689 8
689 274
690 5
690 254
691 0
691 1
691 3
691 4
692 0
692 3
692 4
692 5
692 8
692 29
693 0
693 4
693 8
694 0
694 2
694 4
694 6
695 2
695 4
696 0
697 1
698 0
698 2
698 4
698 6
699 1
700 0
700 3
700 4
700 5
701 0
701 7
701 8
702 3
702 251
703 0
703 3
703 4
703 6
703 7
703 8
703 253
704 0
704 3
704 4
704 6
704 8
704 253
705 3
705 5
705 6
706 0
706 1
706 3
706 6
707 0
707 3
707 4
707 5
707 8
707 29
708 0
708 4
708 8
709 0
709 3
709 4
710 5
710 7
711 1
711 3
711 4
711 5
712 4
712 5
713 0
713 3
713 5
713 8
714 1
714 3
714 5
714 7
715 3
715 4
715 6
716 1
716 2
716 4
716 5
717 2
717 5
717 8
719 1
719 3
719 5
720 5
720 6
722 6
722 7
723 3
724 3
725 4
725 5
725 6
726 2
726 83
727 0
727 5
728 6
729 3
729 8
730 0
730 3
730 4
730 5
730 7
731 0
731 1
731 4
731 6
731 8
732 4
732 5
732 6
732 7
733 8
734 0
734 1
734 2
735 0
735 4
735 5
735 8
736 6
737 0
737 4
737 6
737 274
738 6
739 0
739 4
739 7
740 0
740 4
740 6
740 7
740 8
741 0
741 3
741 4
741 6
741 7
742 0
743 1
743 4
744 2
744 5
745 5
745 7
746 4
746 6
746 8
747 0
747 2
747 29
748 0
748 7
749 0
749 3
749 8
750 0
750 4
751 0
751 3
751 4
751 8
752 4
752 7
753 4
753 371
754 1
754 7
755 0
755 1
755 2
756 0
756 2
756 3
756 4
756 8
757 0
757 3
757 4
757 6
758 8
759 0
759 5
759 8
760 254
762 0
762 2
762 3
762 5
762 7
762 8
763 8
764 1
764 5
764 6
764 93
765 2
765 4
766 4
766 6
766 8
767 0
767 1
767 2
768 1
768 4
769 0
769 2
769 5
769 6
770 0
770 3
770 5
770 597
771 0
771 3
771 4
771 5
771 7
771 8
772 0
772 4
773 1
773 6
773 8
774 6
775 5
775 6
775 8
776 1
776 4
776 5
776 6
776 7
777 0
777 1
777 3
777 4
777 5
777 7
777 8
778 3
778 4
779 0
779 7
781 0
781 6
782 0
782 7
782 8
783 0
783 4
783 5
783 6
784 2
784 3
784 4
784 566
785 4
786 1
786 8
787 1
787 3
788 0
788 3
788 4
788 8
790 0
790 3
790 4
790 6
790 8
790 253
790 704
791 6
791 8
792 0
792 3
792 4
792 7
792 8
793 1
793 5
794 0
794 3
794 5
794 8
795 6
795 7
796 0
796 5
796 7
797 0
797 3
797 4
797 5
797 6
798 4
799 0
800 5
801 1
801 3
802 6
802 7
802 8
803 4
804 0
804 2
804 5
804 6
805 3
805 6
805 151
806 0
806 3
806 4
806 8
807 0
807 6
807 7
807 8
808 1
808 3
808 4
808 6
809 3
809 5
810 0
810 2
810 3
810 4
810 5
811 0
811 3
811 4
812 0
812 3
812 6
813 0
813 1
813 3
813 4
813 5
813 6
813 7
814 4
814 6
814 8
815 1
815 2
815 4
815 5
815 6
815 8
816 4
816 5
817 0
817 3
817 4
817 6
817 8
817 253
818 0
818 1
818 2
818 3
819 4
819 5
819 6
819 7
819 8
820 7
821 1
821 3
821 4
822 0
822 2
822 3
822 5
822 29
823 0
823 5
824 1
824 2
824 3
824 5
825 8
826 0
826 2
826 3
826 6
826 7
827 4
827 8
827 395
829 0
829 1
829 3
829 4
829 8
829 61
830 0
830 6
830 7
831 1
831 3
831 6
832 0
832 274
833 0
834 5
834 6
835 1
835 2
835 4
835 7
836 2
836 3
836 4
836 5
837 1
837 2
837 5
839 2
839 5
841 2
841 6
842 4
843 0
843 1
843 2
843 4
843 5
844 1
845 2
845 3
845 7
846 3
847 7
848 6
848 8
849 2
849 6
850 0
850 1
850 5
851 0
851 6
851 8
852 0
852 4
852 5
853 3
853 5
854 5
854 7
855 0
855 1
856 1
856 2
856 5
856 6
857 4
857 6
857 8
858 1
858 96
859 0
859 1
859 8
860 5
860 6
861 1
861 3
861 5
862 1
862 2
862 4
862 5
863 3
863 4
863 5
863 7
864 1
864 2
864 6
865 2
866 0
866 1
867 2
867 3
867 6
867 7
868 0
868 1
868 6
869 2
869 6
869 8
870 0
870 1
870 2
870 3
870 4
870 5
871 0
871 2
871 3
871 5
871 29
872 0
872 3
872 4
872 6
872 8
872 253
873 0
873 5
873 8
874 5
874 6
874 8
875 3
875 4
875 5
875 6
876 4
876 5
876 351
877 5
877 7
878 3
878 4
878 6
879 1
879 2
879 3
880 0
880 1
880 5
880 6
880 8
881 3
881 5
881 6
881 8
882 1
882 3
882 4
882 8
883 4
883 5
884 4
884 6
884 7
885 0
885 1
885 3
885 4
885 5
885 7
885 8
886 0
886 4
886 6
886 8
888 1
888 7
889 4
889 6
890 4
891 3
891 8
892 1
892 2
892 3
892 4
893 1
893 6
893 268
894 1
894 5
895 0
895 1
895 3
896 6
898 3
898 6
899 5
899 6
899 8
900 0
900 1
900 3
900 4
900 5
900 7
901 1
902 3
902 4
902 6
902 8
902 253
903 0
903 4
903 6
904 0
904 5
904 6
905 0
905 5
905 8
905 29
906 0
906 1
906 2
906 4
907 2
907 3
907 4
907 6
908 3
909 0
909 4
909 6
910 2
911 2
911 4
911 5
912 0
912 3
912 4
912 8
913 2
913 3
913 4
913 5
914 0
914 3
914 4
914 6
915 5
915 6
916 2
916 3
916 6
917 0
917 254
918 4
918 6
919 6
920 4
920 6
920 8
921 1
921 3
921 4
921 8
922 1
922 2
922 3
922 4
922 223
923 0
923 1
923 3
923 4
923 5
923 8
924 7
925 0
925 8
926 4
926 7
926 8
927 0
927 1
927 2
927 7
928 0
928 6
928 8
928 151
929 6
929 534
930 0
930 1
930 3
930 5
931 1
931 2
931 3
931 4
932 2
932 7
933 4
933 307
934 0
934 1
934 3
934 4
934 351
935 3
935 7
936 0
936 3
936 4
936 6
937 4
937 6
937 8
938 3
938 4
938 6
938 8
938 253
939 0
939 3
939 4
939 6
939 8
939 253
939 704
941 0
941 3
942 1
942 3
945 0
945 2
945 3
945 4
945 5
945 7
946 5
947 7
948 0
949 4
949 6
949 8
950 0
950 6
951 8
952 0
952 5
953 3
953 4
953 5
954 0
954 1
954 2
954 4
954 5
954 6
954 7
955 1
955 3
955 5
956 5
956 6
957 0
957 4
957 5
957 6
957 7
958 1
958 4
958 5
959 1
959 8
960 0
960 1
960 2
960 4
960 5
960 7
961 1
961 2
961 3
962 2
962 7
963 0
963 3
963 5
964 3
964 5
964 6
964 8
965 4
965 8
966 3
967 0
967 3
967 4
968 5
968 6
968 8
970 0
970 3
970 5
970 6
971 0
971 1
971 5
971 312
972 1
972 4
972 5
973 1
973 2
973 5
974 0
974 29
975 0
975 2
975 4
975 7
975 8
976 0
976 1
976 5
976 6
976 504
977 1
977 6
977 7
978 0
979 0
979 2
979 4
980 4
980 6
981 7
982 5
982 6
982 8
983 1
983 2
983 6
984 0
984 3
985 0
986 1
986 3
986 4
987 3
987 7
988 1
988 5
988 6
989 4
989 5
989 7
990 3
991 3
991 6
991 8
991 253
991 704
992 1
992 4
992 244
993 2
993 7
994 1
994 3
994 4
995 1
995 4
995 6
995 7
995 8
996 0
996 1
996 5
996 6
997 4
997 5
997 7
998 4
999 0
999 4
999 6
999 8
