1 0
2 0
2 1
3 0
3 1
3 2
4 0
4 1
4 2
4 3
5 0
5 1
5 2
5 3
5 4
6 0
6 1
6 2
6 3
6 4
6 5
7 0
7 1
7 2
7 3
7 4
7 5
7 6
8 0
8 1
8 2
8 3
8 4
8 5
8 6
8 7
9 0
9 1
9 2
9 3
9 4
9 5
9 6
9 7
9 8
10 0
10 1
10 2
10 3
10 4
10 6
11 0
11 1
11 4
12 0
12 1
12 2
12 4
13 0
13 1
13 2
13 3
13 5
14 0
14 1
14 2
14 4
14 5
14 6
14 7
14 8
15 0
15 1
16 1
16 2
16 5
16 13
17 1
17 4
17 11
18 1
18 2
18 3
18 4
18 6
18 8
18 9
19 0
19 3
19 4
19 5
19 6
20 0
20 1
20 2
20 3
20 5
20 6
20 7
20 9
21 1
21 2
21 3
21 18
22 4
22 6
22 9
22 18
23 0
23 3
23 4
23 7
23 8
24 0
24 1
24 4
25 0
25 3
25 4
25 6
25 19
26 0
26 2
26 3
26 4
26 6
27 1
27 5
27 16
28 1
28 11
28 17
29 2
29 4
29 8
29 9
30 0
30 1
30 2
30 3
30 4
30 6
31 1
31 2
31 3
31 4
31 6
31 7
31 8
31 9
32 0
32 1
32 3
32 6
33 0
33 1
33 3
33 5
33 6
34 1
34 4
34 6
34 8
35 3
35 4
35 5
35 7
36 1
36 2
36 3
36 5
36 6
36 7
37 0
37 2
37 4
38 1
38 3
38 5
38 6
38 7
38 36
39 0
39 1
39 2
39 12
40 0
40 3
41 1
41 2
41 16
42 0
42 1
42 2
42 3
42 5
42 7
43 3
43 7
43 36
43 38
44 0
44 3
44 4
44 7
44 8
44 23
45 0
45 1
45 3
45 5
46 0
46 5
46 7
47 0
47 4
47 37
48 4
48 6
48 7
48 31
49 0
49 1
49 2
49 3
49 4
49 6
49 8
50 1
50 11
50 17
51 0
51 2
51 12
52 0
52 1
53 5
53 13
53 16
54 0
54 3
54 4
54 7
54 8
54 23
54 44
55 0
55 4
55 5
55 19
56 1
56 3
56 32
57 4
57 7
58 0
58 1
58 3
58 5
58 42
59 0
59 3
59 25
60 4
60 47
61 11
61 17
61 50
62 0
62 3
62 4
62 7
63 1
63 4
63 6
63 8
64 7
64 31
65 0
65 5
65 14
66 0
66 4
66 47
67 1
67 11
67 17
68 0
68 3
68 4
68 8
68 23
68 44
68 54
69 5
69 6
69 7
70 1
70 4
70 6
70 9
71 0
71 1
71 3
71 42
71 58
72 1
72 6
73 0
73 2
73 4
73 6
73 30
74 0
74 1
74 2
74 3
74 4
74 6
74 10
75 0
75 3
75 4
75 44
76 0
77 7
77 23
77 44
77 54
78 0
78 3
78 4
78 6
78 9
79 1
79 2
79 3
79 4
79 5
79 6
79 7
79 8
80 1
80 17
80 67
81 1
81 2
81 3
81 18
81 21
82 0
82 1
82 2
82 4
82 5
82 6
82 7
82 8
83 3
83 4
83 6
84 0
84 3
84 4
84 6
85 4
85 6
86 3
86 7
86 36
86 43
87 0
87 4
87 8
89 0
89 3
89 4
89 68
90 6
90 9
90 78
91 0
91 3
91 42
91 58
92 0
92 3
92 44
93 5
93 65
94 0
94 4
94 5
94 6
95 1
95 41
96 0
96 1
96 2
97 1
97 3
97 6
97 7
97 36
97 38
98 0
98 1
98 32
99 3
99 6
99 10
100 78
100 90
101 7
101 23
102 80
103 8
103 23
103 44
103 68
104 0
104 8
104 87
105 4
105 7
106 0
106 12
107 0
107 59
108 90
108 100
109 8
109 23
109 68
109 103
110 1
111 13
111 53
112 70
113 4
113 5
113 6
113 7
113 8
113 79
114 1
114 3
114 6
114 36
114 38
116 0
116 98
118 4
118 7
119 3
119 4
119 8
119 23
120 4
120 5
120 7
121 78
121 90
122 0
122 1
122 12
123 4
123 7
123 8
123 23
124 0
124 12
124 106
126 2
126 3
126 6
126 7
126 36
127 0
128 0
128 3
128 89
129 1
129 6
129 72
130 6
130 72
131 6
131 8
131 18
132 3
132 6
132 36
132 38
133 1
133 32
133 98
134 0
134 3
134 4
135 6
136 0
136 7
136 44
137 3
137 134
138 2
138 3
138 4
138 6
138 7
138 8
139 4
140 0
140 1
140 3
140 30
141 6
141 72
142 3
142 5
142 6
142 7
142 20
143 11
144 3
144 4
144 6
144 9
144 18
145 0
145 3
145 5
146 0
146 1
147 1
147 3
147 4
147 8
147 9
147 18
148 1
148 5
148 16
148 27
149 1
149 16
149 41
150 1
150 42
151 1
151 3
151 4
151 5
151 6
152 0
152 5
153 7
153 23
153 54
154 0
154 4
154 5
155 6
155 7
155 20
156 0
156 1
156 3
156 5
156 13
157 7
157 23
157 153
158 3
158 6
158 10
158 99
159 7
159 44
159 77
160 0
160 1
160 2
160 4
160 12
161 0
161 3
161 4
161 5
161 6
161 7
162 1
162 110
163 6
163 9
164 8
164 23
164 44
164 68
164 103
165 0
165 6
165 26
166 2
166 4
166 5
166 6
166 7
167 5
167 6
168 6
168 135
169 2
169 4
169 5
169 166
170 4
170 7
170 23
170 123
171 4
171 5
171 6
171 7
171 166
172 0
172 4
172 6
172 30
172 73
173 3
173 6
173 10
173 158
174 5
174 7
174 35
175 8
175 68
175 109
176 0
176 2
176 4
177 6
177 72
177 141
178 0
178 1
178 2
178 6
178 7
179 6
179 9
179 18
180 90
180 121
181 4
181 5
181 6
181 151
182 90
182 100
184 3
184 4
184 5
185 7
185 43
186 1
187 0
187 4
187 6
187 73
188 0
188 1
189 3
189 5
189 6
189 7
190 1
190 5
190 6
190 38
191 0
191 2
191 3
191 4
192 2
192 3
192 4
192 6
192 7
192 8
193 2
193 3
193 6
193 7
193 8
193 192
194 6
194 26
195 0
195 1
195 3
195 5
195 7
195 42
196 184
197 0
197 1
197 2
197 30
198 1
198 30
199 0
199 2
199 3
199 13
200 3
200 6
200 19
201 32
201 98
202 0
202 2
202 6
202 178
203 2
203 4
203 26
204 2
204 166
204 169
205 0
207 1
207 2
207 3
207 4
207 5
207 6
207 7
208 4
208 6
208 187
209 4
209 18
211 4
211 5
211 184
212 3
212 4
213 3
213 8
213 23
213 44
213 54
214 1
215 1
215 11
215 28
216 4
216 8
216 79
216 113
217 4
217 209
218 0
218 6
218 161
219 6
219 9
219 18
219 179
220 3
220 5
220 6
220 7
220 36
220 38
221 30
221 198
222 14
222 65
223 8
223 109
223 175
224 1
224 3
224 6
224 7
224 38
224 97
225 0
225 42
225 58
225 91
226 3
226 36
227 7
228 1
228 11
228 215
229 4
229 5
229 171
230 2
230 6
230 7
231 3
231 36
231 43
231 86
232 4
232 23
232 123
233 0
233 6
233 218
234 11
234 50
234 61
235 59
235 107
236 1
236 4
236 5
236 6
236 151
237 0
237 2
237 12
239 0
239 4
239 37
240 0
240 3
240 4
240 8
240 68
241 6
242 1
242 6
242 7
242 38
242 97
242 224
243 0
243 1
243 4
243 5
243 6
243 7
244 0
244 5
244 6
244 9
244 20
245 1
245 5
245 13
246 0
246 4
247 1
247 13
247 16
248 3
248 42
248 58
249 1
249 3
249 6
249 7
249 36
250 1
250 3
250 5
250 7
250 9
250 20
251 43
251 185
252 4
252 6
252 7
252 166
253 0
253 4
253 6
254 0
254 2
255 36
255 43
255 86
255 231
256 3
256 36
256 43
256 86
257 0
257 2
257 3
257 4
257 10
258 0
258 2
258 3
258 6
258 7
259 3
259 4
259 75
260 0
260 1
260 32
261 1
261 3
261 5
261 45
262 1
262 5
262 16
262 27
263 1
263 11
263 17
264 111
265 0
265 6
265 9
265 20
265 244
267 0
267 3
267 7
268 5
268 6
268 20
268 244
269 1
269 50
270 1
270 3
270 7
270 207
271 7
271 44
272 2
272 6
272 178
273 1
273 6
273 97
273 242
274 0
274 3
274 4
274 44
275 6
275 233
276 3
276 4
276 8
276 23
276 44
277 0
277 5
277 6
277 7
277 14
278 1
278 2
278 3
278 18
278 21
279 4
279 5
279 6
279 151
280 2
280 4
280 203
281 4
281 120
282 2
282 18
283 0
283 6
283 7
283 277
284 7
284 271
285 4
285 5
286 3
286 6
286 19
287 6
287 32
288 1
288 2
288 3
288 4
288 6
289 1
289 6
289 7
289 36
289 38
289 97
290 1
290 2
290 3
290 10
291 6
292 1
293 4
293 6
293 7
294 3
294 4
294 6
294 18
294 144
295 2
296 6
296 155
297 3
297 226
298 17
299 2
299 3
299 4
299 6
300 0
300 1
300 3
300 7
300 42
301 6
301 189
302 139
303 1
303 42
303 58
304 0
304 3
305 1
305 150
306 1
306 2
306 4
306 74
307 3
307 7
307 43
308 1
308 41
309 1
309 50
309 269
310 4
311 1
311 16
311 247
312 0
312 3
312 4
312 6
312 161
313 0
313 1
313 122
314 7
314 23
314 123
315 4
315 113
315 216
316 3
316 4
316 151
317 23
317 68
317 103
318 4
318 30
318 73
319 122
319 313
320 6
320 7
320 36
320 38
320 97
320 289
321 11
321 17
322 3
322 10
322 99
323 3
323 4
323 5
323 184
324 3
324 6
324 36
325 177
326 3
326 8
326 9
326 147
327 4
327 123
327 232
328 2
328 3
328 4
328 8
328 49
329 6
329 18
329 131
330 5
330 167
331 6
331 10
332 2
332 3
332 4
332 328
333 18
334 6
334 9
334 18
334 179
334 219
335 6
335 9
335 20
335 265
336 2
336 3
336 4
336 7
336 8
336 192
337 1
337 2
337 4
337 74
337 306
338 3
338 8
338 23
338 44
339 0
339 4
339 5
340 2
340 7
340 8
340 336
341 1
341 16
341 247
342 166
343 1
343 58
344 3
345 1
345 3
345 7
345 38
345 224
346 2
346 26
347 3
347 40
348 3
348 158
348 173
349 1
349 3
349 5
349 7
349 36
350 3
350 4
351 4
351 44
351 274
353 2
353 3
353 5
353 7
353 36
354 2
354 26
355 1
355 42
355 58
356 8
356 44
356 68
356 164
357 4
357 9
358 3
358 4
358 49
358 328
359 18
359 179
359 334
360 6
360 7
360 8
361 6
361 144
362 1
362 2
362 4
362 8
362 9
362 18
363 203
364 11
364 67
365 10
365 331
366 0
366 274
367 6
367 277
367 283
368 167
369 1
369 3
369 5
369 58
370 0
370 14
371 4
371 5
371 6
371 166
371 171
372 3
372 4
372 7
372 62
373 180
374 2
374 7
374 8
374 336
374 340
375 10
375 331
376 3
376 6
376 7
376 8
377 11
377 17
377 50
377 61
378 0
378 6
379 3
379 36
379 43
379 86
379 256
380 1
380 3
380 7
380 42
380 300
381 4
381 6
382 0
382 2
382 5
382 6
382 7
382 9
383 1
383 28
383 215
384 0
384 4
384 37
385 78
385 121
386 242
386 273
388 184
388 196
389 6
389 38
389 97
389 289
389 320
390 8
390 23
390 44
390 54
390 68
392 16
392 149
393 5
393 45
393 261
394 0
394 187
395 0
395 4
395 6
395 253
396 12
397 62
398 196
398 388
399 1
400 0
400 4
400 44
401 4
401 5
401 6
401 171
402 1
402 2
402 4
402 5
402 7
402 8
403 0
403 37
404 4
404 12
405 18
405 282
406 3
406 6
406 7
406 138
407 0
407 4
407 6
408 3
408 8
408 44
408 338
409 3
409 19
409 286
410 0
410 1
410 122
411 2
411 4
411 169
413 3
413 36
414 0
414 2
414 6
414 178
415 4
415 6
415 8
416 4
417 1
417 72
418 4
418 6
418 8
418 63
419 2
420 1
420 4
420 7
420 8
420 402
421 3
422 6
423 326
424 4
424 8
424 23
424 44
425 2
425 8
425 192
425 193
426 5
426 151
427 5
427 45
427 393
428 44
428 136
429 5
429 55
430 0
431 6
431 10
431 158
431 173
432 90
432 121
432 180
433 0
433 3
433 4
433 8
434 6
434 8
434 193
435 1
435 3
435 8
436 3
436 99
437 7
437 189
438 3
438 89
438 128
439 1
439 2
439 4
440 2
440 5
440 6
440 166
441 0
442 7
442 44
442 159
443 339
444 0
444 2
445 7
445 43
446 10
447 0
447 3
448 6
448 10
448 99
449 18
450 3
450 4
450 75
451 10
451 365
452 0
452 4
453 50
453 61
455 3
455 348
456 23
457 0
457 5
457 42
458 30
459 44
461 0
461 5
461 65
462 3
462 7
462 43
462 86
463 0
463 1
463 2
463 3
463 7
464 203
465 1
465 16
465 41
467 0
467 1
467 2
467 4
467 6
467 7
467 8
468 1
468 262
469 1
469 2
469 3
469 4
469 5
470 17
470 61
470 377
471 0
471 5
471 65
472 4
472 5
472 211
473 1
473 2
473 10
473 290
474 0
474 2
474 12
475 43
476 1
476 3
476 5
476 7
476 36
477 6
477 38
478 1
478 8
479 36
479 43
479 231
479 255
480 0
480 42
480 225
481 0
481 1
481 2
481 3
482 5
482 6
482 20
482 244
482 268
483 449
484 110
485 1
485 5
485 13
485 245
486 5
486 6
487 42
487 58
488 0
488 4
488 37
489 3
489 4
489 44
489 276
490 6
490 130
491 1
491 2
491 3
491 288
492 0
492 205
493 4
493 123
493 232
493 327
494 1
494 5
494 27
494 148
495 6
495 7
495 31
496 3
496 5
496 7
496 189
497 1
497 150
498 1
498 3
498 4
498 8
498 31
499 0
499 4
499 6
499 78
500 7
500 252
501 7
501 123
502 3
502 4
502 44
502 276
503 1
503 2
503 3
503 4
503 9
503 18
504 1
504 4
504 469
505 3
505 6
506 11
506 50
506 61
507 0
507 5
507 6
507 14
508 1
508 3
508 5
508 8
508 79
509 494
510 0
510 1
510 3
512 0
512 4
512 37
512 239
513 0
513 59
513 107
514 3
514 5
514 19
517 6
517 20
517 244
517 482
518 1
518 4
518 5
518 6
519 196
519 388
519 398
520 78
520 385
521 4
521 6
521 31
522 2
522 290
523 1
523 5
523 148
523 494
524 116
525 196
525 388
526 1
526 3
526 7
527 2
527 3
527 7
528 0
528 12
528 51
529 3
529 338
529 408
530 86
531 6
531 244
531 268
532 0
532 1
532 2
532 12
532 39
533 43
533 256
534 0
534 1
534 7
534 300
535 151
535 426
536 4
536 216
537 1
537 3
537 6
537 7
538 11
538 17
539 1
539 5
539 148
540 32
541 0
541 5
541 6
541 14
542 1
542 3
542 6
542 36
543 4
543 6
544 5
544 457
545 4
545 5
546 1
546 6
546 7
546 38
546 97
546 242
547 1
547 2
547 21
547 81
548 6
548 7
549 3
549 36
549 43
549 231
550 1
550 7
551 61
552 4
552 351
553 6
553 301
554 4
555 0
555 65
556 2
556 199
557 4
557 7
557 8
557 123
558 6
558 72
559 0
559 2
559 4
559 160
560 0
560 3
560 4
560 7
560 8
560 23
560 44
561 89
561 128
561 438
562 1
562 303
563 0
563 1
563 3
563 42
564 17
564 61
564 470
565 0
565 4
565 5
565 6
566 5
567 1
567 4
567 5
567 7
568 1
568 3
568 4
568 498
569 7
570 1
570 6
570 97
570 242
572 4
572 12
572 404
573 8
573 109
574 1
574 3
574 491
575 3
575 413
576 388
577 104
578 3
578 36
578 38
579 0
579 2
579 3
579 7
579 463
580 3
580 7
581 7
581 44
581 159
582 1
582 16
582 27
582 262
583 1
583 2
583 4
583 5
584 42
584 58
584 248
585 1
585 5
586 6
587 0
587 122
588 373
589 3
589 7
589 8
589 23
589 44
589 560
590 233
590 275
591 1
591 2
591 3
591 8
592 6
592 9
592 90
593 1
593 6
593 38
593 114
594 3
594 5
594 250
595 151
595 426
596 6
596 193
597 0
598 1
598 7
598 9
598 20
598 250
599 1
599 3
599 5
599 508
600 1
600 3
600 5
600 8
600 508
601 5
601 151
602 18
602 333
603 10
604 5
604 6
604 20
605 2
605 3
605 4
605 6
605 9
605 18
606 6
606 7
606 36
606 38
606 97
607 134
608 1
608 3
608 10
608 290
609 1
609 2
609 9
609 503
610 50
610 61
611 2
611 3
612 72
612 130
613 3
613 49
613 358
614 38
614 132
615 4
615 5
615 7
616 3
616 6
616 7
617 18
618 196
618 388
618 525
619 3
619 7
619 580
620 6
620 7
620 36
620 249
621 1
621 11
621 17
622 131
623 2
623 6
623 7
623 258
624 4
624 6
624 9
624 18
625 6
626 3
626 4
627 4
627 123
628 4
628 5
628 6
628 7
628 166
629 4
629 504
630 6
630 9
630 219
630 334
631 2
631 3
631 13
632 422
633 2
633 4
633 166
633 169
634 7
634 35
634 174
635 6
635 10
635 158
635 173
635 431
636 0
636 4
636 7
636 8
636 23
636 44
637 0
637 26
637 165
638 4
638 7
638 31
638 48
639 1
639 4
639 8
639 362
640 1
640 50
640 269
641 5
642 0
642 8
642 87
643 3
643 8
643 44
644 3
644 5
644 7
644 36
644 220
645 1
645 3
645 6
645 7
646 6
646 553
647 4
647 5
647 166
648 1
648 2
648 4
648 5
648 8
649 1
649 6
649 7
649 242
649 546
650 4
650 7
650 8
651 23
651 317
652 4
652 7
652 166
652 171
653 36
653 43
653 86
654 1
654 122
655 508
656 618
658 2
658 26
658 203
659 274
659 366
660 1
660 11
660 17
660 50
661 5
662 3
662 7
662 126
663 0
663 7
663 300
663 534
664 1
664 11
664 67
665 3
665 4
665 7
665 372
666 153
666 157
667 0
667 225
667 480
668 2
668 4
669 2
669 4
669 10
670 11
670 621
671 4
671 6
671 8
671 34
672 6
672 531
673 1
674 3
675 129
676 0
676 2
677 2
677 18
677 21
677 278
678 3
678 8
678 591
679 3
679 4
679 8
679 560
680 2
680 3
681 90
681 121
682 50
682 269
683 2
683 6
683 36
684 1
684 3
684 58
684 369
685 2
685 4
685 8
685 9
685 18
686 7
686 43
686 86
687 1
687 3
687 6
687 7
687 537
688 2
688 6
688 178
689 0
689 2
689 3
689 6
689 7
690 2
690 26
690 203
691 0
691 1
691 2
691 4
691 7
691 82
692 1
692 8
692 49
693 1
693 4
693 8
693 18
694 166
694 171
694 652
696 3
696 6
696 138
697 1
697 3
697 5
697 7
697 349
698 68
698 103
699 0
699 6
699 161
699 218
700 3
700 4
701 0
701 42
701 91
702 0
702 2
702 3
702 6
702 10
703 90
703 182
704 4
704 120
704 281
705 7
705 64
706 43
706 251
707 6
707 173
708 5
708 148
708 523
710 23
710 77
711 10
711 158
712 2
712 18
712 81
713 1
713 122
713 410
714 1
714 7
714 36
714 349
715 0
715 30
715 172
716 73
716 318
717 1
717 2
717 3
717 5
717 6
718 0
718 3
718 8
719 3
719 44
719 54
720 9
720 78
720 90
721 0
721 1
721 2
721 12
721 39
722 0
722 3
722 4
722 23
722 44
723 5
723 6
723 33
724 3
724 36
724 324
725 4
725 351
726 6
726 219
727 0
727 3
727 75
728 491
729 6
729 699
730 1
730 3
730 42
730 563
731 4
731 62
732 10
732 635
734 6
734 10
734 331
735 0
735 3
735 4
735 6
735 19
735 25
736 5
736 6
736 7
736 9
737 2
737 3
737 6
737 207
738 5
738 171
738 401
739 0
739 1
739 2
740 2
740 3
740 6
741 1
741 2
741 3
741 4
741 6
741 30
742 3
742 322
743 7
743 166
743 171
744 0
744 444
745 0
745 1
745 4
745 7
745 82
745 691
746 5
746 6
746 14
748 4
748 6
748 8
748 34
748 671
749 4
749 23
749 170
750 43
751 3
751 36
751 86
751 231
752 46
753 508
753 600
754 10
754 158
754 173
754 431
755 4
755 6
755 8
755 9
756 4
756 7
757 0
757 4
757 5
758 11
758 61
759 0
759 1
759 3
759 6
761 0
761 26
762 1
762 8
762 402
763 2
763 7
763 336
763 340
764 8
764 23
764 44
764 164
765 9
765 18
766 6
766 73
767 61
768 23
769 2
769 4
769 9
769 18
770 4
770 572
771 331
771 734
772 5
772 13
772 53
773 3
774 1
774 6
774 542
775 1
775 3
776 135
777 73
777 318
777 716
778 3
778 184
778 323
779 3
779 7
779 207
779 270
780 3
781 3
781 30
781 140
782 3
782 8
782 9
782 326
783 106
783 124
785 1
785 32
785 98
785 133
786 3
786 7
786 580
786 619
787 351
787 725
788 561
789 134
789 137
790 1
790 2
790 3
790 21
791 0
791 37
791 403
792 1
792 2
792 3
792 4
792 5
792 6
792 7
793 791
794 3
794 6
794 696
795 0
795 7
795 534
795 663
796 7
796 36
796 249
797 211
797 472
799 75
800 3
800 580
801 1
801 504
802 4
802 73
803 3
803 560
803 679
804 4
805 316
806 282
806 405
807 36
807 43
807 86
807 653
808 2
808 6
809 7
809 36
810 4
810 411
811 2
811 26
811 203
811 658
812 4
812 7
812 8
812 336
813 327
813 493
814 3
814 184
814 323
814 778
815 7
815 44
815 54
815 77
816 8
817 1
817 2
817 3
817 4
817 6
817 792
819 0
819 89
820 2
821 106
821 124
821 783
822 6
822 9
822 90
823 1
823 402
823 762
824 7
824 126
824 662
825 4
825 9
825 18
827 1
827 4
827 6
827 7
827 9
827 31
828 2
828 8
828 9
828 29
829 6
829 97
830 3
830 36
830 43
830 231
831 7
831 43
831 86
831 462
832 1
832 79
832 508
833 2
833 18
833 21
833 81
834 2
834 4
834 6
834 7
834 8
834 192
835 1
835 4
835 8
835 31
835 498
836 211
836 797
837 1
837 3
837 7
837 537
838 4
838 6
838 171
839 220
840 2
841 8
841 415
842 0
842 1
842 5
842 6
843 90
843 100
844 61
845 2
845 5
845 7
845 382
846 2
847 3
847 4
847 18
847 144
848 7
848 171
848 743
849 0
849 1
849 2
849 3
849 4
850 1
850 2
850 8
850 9
850 18
851 0
851 2
851 199
852 78
852 90
853 138
854 4
854 7
854 336
855 3
855 6
855 207
855 737
856 4
857 0
857 205
858 3
858 6
858 740
859 348
859 455
860 6
860 19
861 0
861 42
862 0
862 403
863 3
863 4
863 7
863 665
864 2
864 3
864 6
865 0
866 1
866 3
866 151
867 6
868 3
868 23
868 44
868 54
868 213
869 1
869 2
869 3
869 4
869 849
870 0
871 4
871 7
871 652
872 1
872 5
872 148
873 10
873 158
873 173
873 635
874 6
874 7
874 360
875 1
875 3
875 684
876 1
876 3
876 510
877 3
877 4
877 75
878 5
878 7
878 14
878 277
879 3
879 6
879 7
879 20
880 3
880 36
880 86
880 231
881 5
881 8
881 508
881 600
882 2
882 3
883 230
884 299
885 4
885 6
885 7
886 0
886 2
886 6
886 7
886 258
887 0
887 4
887 7
887 691
887 745
888 331
888 375
889 1
889 2
889 4
889 5
889 6
889 7
889 8
889 9
890 1
890 6
890 36
890 114
891 7
891 616
892 0
892 5
892 6
892 9
892 244
894 5
894 494
894 523
895 6
895 158
895 173
895 431
896 3
896 4
896 6
896 288
897 8
898 2
898 503
899 36
899 231
899 751
900 3
900 36
901 6
901 9
903 455
903 859
905 6
906 1
906 8
906 402
906 762
907 6
907 7
908 0
908 6
908 7
908 283
909 0
909 3
909 4
909 44
909 274
910 0
910 1
910 3
911 218
911 233
912 373
912 588
913 1
913 7
913 402
913 420
915 4
915 5
916 6
916 219
917 2
917 340
918 0
918 1
918 3
918 7
918 300
919 1
919 739
920 3
920 4
921 0
921 4
921 6
921 7
922 522
923 1
923 2
923 18
924 4
924 26
925 38
926 0
926 3
926 23
926 54
926 68
927 0
927 3
927 6
928 4
928 34
928 671
929 6
929 18
929 131
930 16
930 262
931 50
931 61
932 5
932 7
932 36
932 38
933 5
933 472
934 36
934 38
934 97
934 289
935 4
935 8
935 79
935 216
936 4
936 5
936 472
937 3
937 8
937 192
938 4
938 5
938 7
939 4
939 8
939 415
940 2
940 3
940 631
941 292
942 1
942 50
942 269
942 640
943 6
943 7
943 20
943 879
944 205
945 3
945 7
945 23
945 44
945 560
946 6
946 7
946 8
946 360
947 6
948 6
948 20
948 482
948 517
949 23
949 153
950 3
950 4
950 44
950 276
950 502
951 2
951 74
951 306
952 9
953 3
953 433
954 3
954 36
954 86
954 231
955 1
955 7
955 537
956 4
956 154
957 8
957 336
957 374
958 1
958 417
959 6
959 10
959 158
959 431
960 130
961 8
961 131
962 168
963 1
963 32
963 56
964 4
964 8
964 650
965 3
965 38
965 97
965 224
966 36
966 255
966 479
967 2
967 74
968 0
968 1
968 2
968 3
968 6
968 8
968 49
969 1
969 5
969 6
969 36
970 0
970 1
970 2
970 3
970 5
970 7
970 8
971 7
972 4
972 6
972 9
973 8
974 219
975 298
977 1
977 6
977 7
977 36
977 97
977 289
978 6
978 97
978 320
978 389
979 4
979 5
979 6
979 94
980 0
980 4
980 6
980 30
980 172
981 1
981 2
982 1
982 3
982 5
983 0
983 2
983 3
983 4
983 6
983 10
984 1
984 16
984 27
984 262
985 1
985 4
986 7
987 44
987 136
987 428
988 135
989 50
990 0
990 3
990 433
991 3
991 200
992 6
992 168
993 1
993 21
993 278
994 2
994 5
994 6
994 166
994 440
995 6
996 9
996 334
997 6
998 23
998 44
998 54
998 390
999 1
999 7
999 36
