1 0
2 0
2 1
3 0
3 1
3 2
4 0
4 1
4 2
4 3
5 0
5 1
5 2
5 3
5 4
6 0
6 1
6 2
6 3
6 4
6 5
7 0
7 1
7 2
7 3
7 4
7 5
7 6
8 0
8 1
8 2
8 3
8 4
8 5
8 6
8 7
9 0
9 1
9 2
9 3
9 4
9 5
9 6
9 7
9 8
10 0
10 1
10 3
10 6
11 0
11 1
11 6
11 10
12 0
12 6
13 1
13 2
13 3
13 4
13 5
13 6
13 7
13 9
14 0
14 1
14 2
14 4
15 0
15 1
15 2
15 4
15 5
15 7
15 8
16 0
16 1
16 3
16 5
16 6
18 0
18 1
18 5
18 6
19 0
19 6
19 12
20 0
20 1
20 6
20 16
21 6
21 16
22 2
22 3
22 4
22 5
23 4
23 6
23 7
23 9
24 6
24 7
24 9
24 23
25 1
25 2
25 3
25 4
25 8
25 9
26 0
26 1
26 3
26 6
26 10
27 0
27 1
27 16
28 0
28 2
28 4
28 7
28 8
28 15
29 0
29 1
29 3
29 5
29 6
29 16
30 3
30 5
30 6
30 7
30 9
30 13
31 6
31 7
31 9
31 24
32 0
32 5
32 8
32 15
33 1
33 2
33 4
33 14
34 1
34 2
34 5
34 7
35 6
35 16
35 29
36 0
36 8
37 6
37 24
37 31
38 5
38 15
38 32
39 6
39 24
39 37
40 0
40 2
40 7
40 8
40 28
41 6
41 9
41 24
42 5
43 1
43 2
43 3
43 4
43 8
43 9
43 25
44 3
44 4
44 8
44 9
44 25
44 43
45 1
45 2
45 4
45 14
46 0
46 2
46 7
46 15
46 28
47 0
47 3
48 3
48 5
48 6
48 9
48 13
49 2
50 5
50 7
50 34
51 5
51 32
52 0
52 1
52 3
52 5
52 8
53 6
53 16
54 1
54 2
54 5
55 4
55 9
55 23
56 6
56 26
57 1
57 3
57 4
57 9
57 25
57 43
58 0
58 1
58 6
58 16
58 20
59 3
59 4
59 8
59 25
60 1
60 2
60 3
60 5
60 6
61 3
61 4
61 8
61 9
61 25
61 43
62 2
62 5
62 7
62 8
62 15
63 2
63 3
63 5
64 0
64 1
64 6
64 10
64 26
65 0
65 4
65 5
65 6
66 1
66 3
66 6
67 2
67 4
67 8
67 9
68 66
69 3
69 9
70 1
70 4
70 8
70 25
71 3
71 6
71 9
72 9
72 71
73 3
73 5
73 6
73 60
74 0
74 1
74 2
74 3
74 8
75 1
75 6
76 0
76 1
76 3
76 5
76 7
76 8
76 9
77 2
77 5
77 63
78 8
78 25
79 35
81 64
82 8
82 40
83 46
84 2
84 3
85 1
85 2
85 4
85 8
85 25
86 0
86 5
86 7
86 9
86 76
87 6
87 53
88 0
88 2
88 4
88 7
89 0
89 1
89 6
89 10
89 26
90 0
90 7
90 8
90 15
91 23
92 0
92 3
92 5
92 6
93 5
93 15
93 32
93 38
94 1
94 3
94 6
95 1
95 6
95 10
95 26
95 89
96 0
96 1
96 2
96 3
97 1
97 2
97 6
98 0
98 1
98 5
98 6
99 5
99 13
99 30
100 8
100 90
101 0
101 1
102 0
102 1
102 6
102 18
103 0
103 1
103 6
103 16
103 29
104 6
104 10
104 26
104 89
105 0
105 3
105 4
105 7
106 0
107 97
108 5
108 32
109 1
109 3
109 4
109 5
109 7
110 0
110 3
111 1
111 3
111 16
112 6
112 30
113 1
113 3
113 4
113 7
113 109
114 0
114 1
114 29
114 103
115 10
116 1
116 6
116 75
117 0
117 1
117 114
118 10
119 1
119 6
119 26
119 89
120 0
120 1
120 5
120 6
120 16
121 6
121 16
122 2
122 3
122 4
122 5
122 6
122 9
122 13
123 1
123 6
123 66
124 32
124 93
125 1
125 85
126 1
126 26
126 89
126 95
127 5
127 7
127 9
128 6
128 58
129 9
130 0
130 1
130 5
130 98
131 6
131 26
132 10
132 26
132 104
133 1
133 6
133 75
134 1
134 10
134 89
135 6
136 2
136 3
136 5
136 6
136 8
137 0
137 4
138 0
138 2
138 4
138 88
139 0
139 5
139 7
139 9
140 0
140 3
140 92
141 103
142 5
142 8
142 9
142 76
143 3
143 4
143 8
144 0
144 3
144 5
144 6
145 0
145 6
145 8
146 2
146 5
146 8
146 15
147 1
147 2
147 5
147 54
148 1
148 6
148 94
149 2
149 5
149 6
149 122
150 3
150 5
150 7
150 9
150 76
151 0
151 1
151 5
152 5
152 7
152 76
152 150
153 0
153 2
153 4
153 138
154 0
154 3
154 8
154 9
154 76
155 2
156 1
156 6
156 26
156 119
157 0
157 3
157 5
157 8
158 16
158 20
159 6
159 26
159 89
159 119
160 8
161 2
161 3
162 2
162 5
162 77
163 3
163 4
163 9
163 25
163 43
163 44
164 116
165 6
165 26
165 119
166 0
166 3
166 5
166 7
167 0
167 5
168 3
168 8
168 52
169 0
169 1
169 4
169 5
169 7
169 8
169 15
170 0
170 1
171 5
171 142
172 85
173 6
173 10
173 26
173 89
173 104
174 0
174 92
174 140
175 2
175 153
176 3
176 4
176 8
176 25
176 59
177 0
177 5
177 6
178 0
178 1
178 2
178 4
178 5
178 6
180 2
180 3
181 1
181 4
181 5
181 7
181 169
182 6
183 0
183 3
183 4
183 7
184 1
184 133
186 0
186 3
186 29
187 1
187 2
187 3
187 6
187 8
188 0
188 2
188 6
189 0
189 3
189 105
190 0
190 2
190 28
191 0
192 5
192 8
192 157
193 5
193 142
193 171
194 1
194 4
194 70
195 3
195 4
195 59
196 6
196 26
196 89
196 159
197 2
198 6
198 156
199 1
199 5
199 8
199 52
200 6
200 7
200 24
200 31
201 131
202 140
203 26
203 104
203 173
204 3
204 4
204 59
205 6
205 89
205 119
206 7
206 109
207 6
207 26
207 165
208 1
208 5
208 8
208 9
208 76
209 3
210 2
210 6
210 60
211 0
211 3
211 5
211 8
212 0
212 1
212 3
212 8
212 52
213 1
213 2
213 7
213 15
214 1
214 4
214 14
215 0
215 6
215 16
216 3
216 7
216 8
216 9
216 76
217 5
217 6
217 7
217 9
217 13
217 30
218 1
218 4
219 14
219 33
220 7
220 206
221 0
221 7
221 46
222 5
222 7
222 15
223 2
223 63
224 2
224 5
224 22
225 0
225 7
225 8
225 15
226 6
227 158
228 2
228 3
228 5
228 7
228 8
228 9
229 2
229 4
229 9
229 25
230 1
230 3
230 5
230 7
230 9
230 76
231 0
231 5
231 8
231 9
232 5
232 48
233 1
233 75
234 1
235 0
235 5
235 7
235 76
236 6
236 121
237 1
237 2
237 3
237 6
237 8
237 187
238 2
239 3
239 4
239 59
239 195
240 32
240 93
240 124
241 0
241 2
241 4
241 7
241 88
242 0
242 138
242 153
243 2
243 54
243 147
244 0
244 1
244 3
244 5
244 7
244 76
245 6
245 75
246 2
246 4
247 0
247 7
247 166
248 25
248 43
248 61
249 2
249 88
249 241
250 5
250 8
250 9
251 4
251 14
251 45
252 3
252 5
253 233
254 121
255 224
256 0
256 1
256 4
257 2
257 5
257 77
258 140
258 202
259 6
259 75
260 0
260 9
260 154
261 6
261 10
261 26
261 89
262 4
262 246
263 8
264 2
264 5
264 6
264 149
265 6
265 58
265 128
266 0
266 2
266 3
266 4
266 8
267 3
267 8
267 43
268 1
268 75
269 0
269 18
269 102
270 1
270 2
270 3
270 4
270 7
270 8
270 9
271 1
271 2
271 8
272 1
272 2
272 3
272 4
272 9
272 13
273 3
273 6
273 66
274 3
274 8
274 9
274 216
275 2
275 67
276 4
276 25
277 2
277 4
277 8
278 10
278 26
278 104
279 5
279 7
280 121
281 10
281 26
281 89
282 6
282 66
282 273
283 1
283 4
283 5
283 15
284 0
284 19
285 6
285 7
285 24
285 31
285 200
286 227
287 4
287 8
287 67
288 108
289 6
289 9
289 48
290 1
290 3
290 4
290 109
291 1
291 4
291 7
291 8
291 270
292 67
292 287
293 6
293 26
293 89
293 104
294 1
294 94
295 3
295 9
295 30
296 3
296 9
296 150
297 6
297 236
298 3
299 63
300 2
300 3
300 8
300 25
301 6
301 66
301 273
302 260
303 4
303 25
304 2
304 7
304 15
306 6
306 210
307 133
307 184
308 1
308 54
308 147
309 1
309 3
309 5
309 7
309 9
309 76
309 230
310 0
310 1
310 5
310 8
310 52
311 0
311 1
311 4
311 7
312 5
312 8
313 0
313 167
314 1
314 4
314 25
315 6
315 145
316 90
316 100
317 282
318 3
318 9
319 1
319 4
319 7
319 169
320 24
320 200
320 285
321 1
321 4
321 7
322 0
322 8
322 52
322 310
323 3
323 6
323 122
324 10
324 26
325 3
325 66
326 8
326 25
326 176
327 4
327 8
327 25
327 59
328 2
328 5
328 8
328 15
329 6
329 9
329 31
330 4
331 2
331 15
331 28
332 0
332 3
332 4
332 7
332 105
333 7
333 220
334 3
334 6
335 2
335 4
335 8
336 3
336 4
336 13
337 5
337 312
338 94
338 148
339 25
339 70
340 0
340 6
340 12
341 0
341 5
342 7
342 333
343 0
343 5
343 7
344 1
344 20
345 3
347 66
347 273
347 282
348 6
349 10
349 26
349 104
349 132
350 0
350 19
351 6
351 7
351 31
352 4
353 2
353 5
353 8
353 146
354 2
354 3
354 5
354 22
355 0
355 186
356 66
357 0
357 2
357 5
357 6
358 0
358 5
358 310
359 0
359 5
359 9
359 86
360 1
361 2
361 5
361 9
361 228
362 74
363 263
364 7
364 13
364 30
364 217
365 249
366 0
366 110
367 1
367 3
367 5
368 1
368 4
368 15
368 283
369 3
369 5
369 6
369 60
370 2
370 3
370 5
370 8
371 26
371 89
371 159
372 1
372 271
373 1
373 6
373 60
374 5
374 42
376 1
376 2
376 3
376 4
376 13
376 272
377 0
377 3
378 2
378 3
378 8
378 9
378 43
379 0
379 7
379 235
380 6
381 2
381 175
382 78
383 5
383 157
384 4
384 8
384 15
385 1
385 4
386 4
386 25
386 70
387 8
387 271
388 100
390 161
391 3
391 4
391 5
391 6
392 2
392 5
392 361
393 2
393 5
393 264
394 3
394 9
394 71
395 6
395 24
395 37
395 39
396 0
397 3
397 7
397 9
397 13
398 2
398 4
398 14
398 33
399 4
400 1
401 2
401 3
401 84
402 0
402 153
402 242
403 2
403 5
403 328
404 5
404 6
404 30
405 3
405 5
405 8
405 370
406 5
406 392
407 10
407 26
407 132
407 349
408 1
408 2
408 3
408 4
408 5
408 6
408 13
409 7
409 333
410 10
410 89
410 104
410 173
411 331
412 1
412 2
412 408
413 2
413 8
413 271
414 2
414 4
414 7
414 9
415 315
416 2
416 138
416 153
417 32
417 93
417 240
418 3
418 370
418 405
419 1
419 70
419 194
420 6
420 26
420 89
420 159
420 196
421 0
422 133
422 184
422 307
423 1
423 10
424 9
424 414
425 0
425 2
425 178
426 0
426 7
426 241
427 153
427 242
428 4
428 9
428 25
428 43
428 163
429 0
429 9
429 260
430 6
430 75
431 2
431 8
432 2
432 8
432 378
433 54
433 308
434 1
434 4
434 5
434 15
435 26
435 89
435 119
435 159
436 6
436 7
436 24
436 31
436 200
436 285
437 0
437 5
437 6
437 16
437 120
438 0
438 5
438 7
438 8
438 76
439 1
439 4
440 1
440 109
441 6
441 9
441 71
442 6
442 7
442 9
442 13
442 217
443 2
443 9
443 25
443 229
444 2
444 243
445 0
445 2
445 28
446 1
446 423
447 1
447 3
447 7
447 8
448 1
448 7
448 8
449 5
449 13
449 30
449 99
450 384
451 241
452 6
452 12
452 340
453 5
453 15
453 32
454 1
454 4
455 0
455 6
456 9
456 13
456 217
456 442
457 246
458 3
458 4
458 105
459 0
459 1
459 6
459 16
459 20
460 0
460 8
460 74
461 0
462 0
462 3
462 5
462 7
462 244
463 1
463 368
464 0
464 9
465 3
465 110
466 0
466 1
466 26
467 0
467 105
468 8
469 1
469 8
469 237
471 9
471 23
471 24
472 238
473 5
474 6
474 10
474 26
474 89
474 261
475 5
475 7
476 6
476 10
476 26
476 89
477 1
477 20
477 344
478 7
478 24
478 285
478 436
479 48
479 232
480 26
480 89
480 104
480 293
481 8
481 176
481 326
482 347
483 2
483 3
483 13
483 272
484 1
484 7
484 34
485 1
485 4
485 314
486 1
486 3
486 7
486 8
486 9
486 270
487 145
487 315
488 7
488 30
488 364
489 3
489 5
489 9
489 122
490 276
492 307
492 422
493 5
493 15
493 32
493 453
494 492
495 2
495 249
496 10
496 26
497 6
497 16
497 215
498 26
498 349
498 407
499 6
499 7
499 24
499 200
500 0
500 3
501 5
501 7
501 13
501 30
502 8
502 100
503 0
503 1
503 6
503 20
503 58
504 139
505 4
505 25
505 276
506 210
506 306
507 25
507 43
507 44
507 163
508 99
509 5
509 357
510 0
510 4
510 137
511 119
511 435
512 1
512 2
512 4
512 5
512 13
513 1
513 4
513 5
513 15
513 434
514 2
514 3
514 8
514 187
515 3
515 7
515 9
515 76
516 477
517 79
518 0
518 7
519 6
519 24
519 31
520 0
520 1
520 20
520 58
520 503
521 2
521 49
523 3
524 0
524 5
524 8
524 169
525 3
525 4
525 6
525 7
526 2
526 4
526 9
526 13
526 272
527 258
528 23
529 0
529 6
530 473
531 5
531 341
532 8
532 176
532 481
533 9
533 122
533 489
534 0
534 5
534 16
534 120
535 5
535 7
536 112
537 5
538 3
538 4
538 8
538 9
538 43
538 61
539 6
539 12
539 340
540 2
540 3
540 5
540 6
540 13
540 408
541 1
541 6
541 95
542 243
542 444
543 312
543 337
544 371
545 1
545 4
545 214
546 6
546 75
547 6
547 24
547 31
549 1
549 4
549 6
549 7
550 481
550 532
551 4
551 25
551 229
552 2
552 4
552 9
552 25
553 2
553 9
553 414
555 1
555 2
555 3
555 6
555 187
555 237
556 2
556 9
556 25
556 443
557 104
557 278
558 2
558 9
558 25
558 229
559 3
559 401
560 2
560 5
560 149
560 264
561 504
562 89
562 95
562 126
563 5
563 453
564 7
564 30
564 364
565 0
565 2
566 8
566 157
567 1
567 4
567 169
568 30
568 449
569 1
569 6
569 97
570 6
571 8
571 263
572 4
572 7
572 319
573 5
573 8
573 146
573 353
574 196
575 1
575 454
576 241
578 0
578 5
578 177
579 1
579 6
579 16
579 20
579 58
580 8
580 9
580 25
580 44
581 169
582 3
582 66
583 310
584 124
585 3
585 180
586 9
586 25
586 43
586 44
586 163
587 3
587 6
588 26
588 119
588 156
589 6
589 10
589 26
589 173
590 26
590 173
590 589
591 5
591 7
591 230
591 309
592 5
592 139
593 4
594 103
594 141
595 241
595 426
596 3
596 4
596 59
596 204
597 7
597 30
597 217
597 364
598 207
599 2
599 161
600 0
600 6
600 102
601 10
601 278
602 140
602 258
603 75
603 233
604 6
604 10
604 26
604 89
604 261
605 89
605 104
605 480
606 3
606 6
606 273
607 6
607 7
607 9
607 24
607 31
608 4
608 8
609 2
609 249
610 4
610 15
610 384
611 0
611 1
611 3
611 5
611 7
611 76
611 244
612 1
612 2
612 4
612 8
612 25
613 32
613 453
613 493
614 1
615 2
615 3
615 5
615 6
615 13
616 9
616 122
616 489
616 533
617 393
618 9
618 71
619 345
620 3
620 5
620 6
621 1
621 2
621 412
622 26
622 496
623 1
623 2
623 4
623 13
623 272
624 8
624 312
625 3
625 5
625 6
625 16
625 29
626 1
626 4
626 8
626 270
626 291
627 0
627 1
627 6
627 10
628 4
628 13
628 408
629 1
629 8
629 469
630 9
630 442
631 6
631 236
632 1
632 3
632 13
632 272
633 176
633 481
634 0
634 20
635 1
635 16
635 111
636 1
637 469
638 1
638 6
639 2
639 15
639 28
639 46
640 0
640 6
640 18
641 2
641 138
641 153
642 33
643 5
643 8
644 32
644 613
645 314
646 3
646 7
646 9
646 515
647 0
647 627
649 4
649 610
650 10
650 410
651 2
652 6
652 285
653 2
653 4
653 9
653 13
653 272
654 4
654 5
654 7
654 8
654 169
655 1
655 2
655 6
655 97
656 3
656 84
657 5
657 370
657 405
658 7
658 76
658 152
659 1
660 453
660 493
660 613
661 0
661 2
661 6
661 357
662 4
662 303
663 5
663 264
664 94
664 148
664 338
665 133
665 422
666 29
666 35
667 3
667 6
667 60
668 5
668 7
668 13
668 501
669 133
669 422
670 0
670 1
670 151
671 454
672 8
672 169
672 524
673 6
673 92
675 6
675 26
675 104
676 6
676 285
677 6
677 24
677 499
678 1
678 367
679 1
679 2
679 4
679 7
679 13
680 0
680 12
681 598
682 0
682 1
682 3
682 76
683 7
683 24
683 285
683 436
683 478
684 5
684 7
684 169
684 654
685 312
685 543
686 2
686 5
686 60
687 0
687 2
687 4
687 138
687 153
688 14
688 45
689 340
689 539
690 30
690 568
691 1
691 6
691 178
692 5
692 8
692 573
693 2
693 46
693 639
694 1
694 8
694 486
695 0
695 1
695 7
695 8
695 15
695 169
696 10
696 26
696 89
696 604
697 6
697 26
697 159
697 196
697 420
698 9
698 122
698 489
699 1
699 2
699 6
699 97
700 0
700 6
700 16
700 29
700 103
701 9
701 25
701 552
703 3
703 6
703 667
704 0
704 3
704 9
704 154
705 2
705 412
705 621
707 249
709 3
709 71
711 0
711 3
711 186
712 0
712 5
712 7
712 8
712 15
713 10
713 26
713 281
714 544
715 3
715 267
716 207
717 12
718 0
718 8
718 157
719 323
720 0
720 3
720 5
720 6
720 92
722 453
722 493
722 660
723 2
723 3
725 2
726 6
726 92
727 1
727 97
728 1
728 6
728 26
728 89
728 95
729 399
730 2
730 3
730 5
730 6
730 8
730 136
731 1
731 4
731 454
732 59
733 6
733 119
733 165
734 6
734 282
735 1
735 463
736 2
736 5
737 6
737 10
737 26
737 89
738 7
738 9
738 24
738 31
739 70
739 194
739 419
740 5
740 453
741 0
741 7
741 9
742 3
743 5
743 13
743 501
743 668
744 296
746 8
746 146
747 2
747 88
747 241
747 249
748 8
748 146
748 746
749 0
749 7
749 241
750 4
750 6
750 7
750 9
750 23
751 1
751 7
751 34
751 484
752 171
753 178
753 691
754 0
755 32
756 3
756 8
756 52
756 212
757 3
758 0
758 6
758 16
759 484
759 751
760 5
760 250
761 2
761 4
761 9
761 25
761 552
762 2
762 4
762 7
762 13
762 679
763 5
763 7
764 7
765 0
765 313
766 453
766 660
768 8
768 291
769 6
770 1
770 2
770 7
771 7
771 24
771 478
772 1
772 3
772 7
772 9
772 13
773 2
773 271
773 413
774 1
774 7
774 8
774 486
775 214
776 5
776 92
777 7
778 1
778 3
778 5
778 9
778 76
779 2
779 60
779 686
780 6
780 89
780 476
781 4
781 14
781 398
782 9
782 31
783 486
784 3
784 180
785 627
785 647
786 3
786 9
786 397
787 100
788 202
788 258
789 5
789 15
789 93
790 756
791 8
791 300
792 3
792 4
792 8
792 59
793 6
793 8
793 187
794 4
794 8
794 25
794 59
794 327
795 2
795 249
796 140
796 258
796 602
797 25
798 1
798 117
799 5
799 453
799 563
800 5
801 0
801 9
801 260
802 6
802 16
802 58
802 579
803 31
804 0
804 1
804 29
804 114
805 241
807 5
807 6
807 122
807 149
808 9
808 13
808 217
810 13
810 30
811 0
811 6
811 10
812 436
812 478
813 5
813 7
813 76
813 244
813 611
814 4
814 6
814 750
815 4
815 109
815 113
818 1
818 3
818 5
818 7
818 9
818 76
818 230
819 556
820 93
821 2
822 4
822 8
822 25
822 794
823 4
823 8
823 822
824 8
824 524
824 672
825 1
825 4
825 270
825 626
826 6
826 640
827 748
828 206
829 0
829 466
830 5
830 6
830 60
831 1
832 53
832 87
834 64
834 81
835 442
835 630
836 0
836 7
836 225
837 0
837 7
838 539
839 0
839 5
840 0
841 0
841 1
841 5
841 8
841 310
842 45
842 688
843 308
844 0
844 88
845 0
845 1
845 3
847 6
847 7
847 24
847 31
847 436
848 76
848 150
849 2
849 6
849 122
849 149
850 4
850 7
851 6
851 16
851 758
852 1
852 3
852 7
852 9
852 76
852 230
853 1
853 3
853 13
853 772
854 844
855 9
855 13
855 808
856 9
856 761
857 0
857 7
857 86
858 5
858 328
859 7
859 225
859 836
860 5
860 7
860 169
860 181
861 16
861 58
862 3
862 71
862 394
865 1
866 53
867 5
867 8
867 136
868 0
868 1
868 6
868 120
869 343
870 4
870 6
870 750
871 337
872 122
872 489
872 533
872 616
873 53
873 87
874 4
874 8
874 794
874 822
875 66
875 68
876 303
877 1
877 4
877 5
877 512
878 9
878 464
879 48
879 479
880 3
880 8
880 52
880 168
881 5
881 177
882 1
883 9
883 646
884 7
884 30
884 364
884 488
885 5
885 7
885 169
885 654
885 684
886 76
886 150
887 2
887 8
887 328
888 15
888 434
889 1
889 7
889 448
890 268
891 6
891 652
892 60
893 1
893 3
893 4
893 5
893 13
893 408
894 7
894 850
895 6
895 16
895 29
895 35
896 0
896 1
896 4
897 1
897 319
898 7
898 9
898 24
898 31
899 5
899 668
899 743
900 31
900 519
901 3
902 4
902 25
902 276
903 5
903 15
903 453
904 159
904 196
904 697
905 122
905 489
905 533
906 1
906 3
906 5
906 8
906 52
907 6
907 31
907 436
908 1
908 5
908 9
908 208
909 2
909 621
910 2
910 5
910 354
911 9
911 464
912 5
913 1
913 3
913 6
913 555
914 5
914 252
915 508
916 881
917 0
917 1
917 4
917 5
917 7
917 8
917 15
918 14
918 688
919 1
919 3
919 9
919 25
919 43
919 57
920 4
920 67
920 287
921 273
922 6
922 37
922 395
923 15
923 434
924 3
924 370
924 405
925 31
925 37
926 442
927 7
927 9
927 76
927 86
928 6
928 75
928 259
929 4
929 552
929 761
930 3
930 7
930 515
931 1
931 75
931 268
932 104
933 0
933 3
933 5
933 7
934 5
934 7
934 50
935 16
936 1
936 8
936 270
936 291
936 626
937 5
937 7
937 222
938 6
938 58
938 503
939 122
939 807
940 45
940 251
941 6
941 7
941 24
941 200
942 60
943 6
943 8
944 1
944 3
944 4
944 5
945 9
945 553
946 8
946 70
947 1
947 3
947 4
947 13
947 272
948 5
948 60
949 1
949 2
950 4
950 8
950 25
950 59
950 176
952 7
952 836
953 2
953 9
953 25
953 552
954 2
954 190
955 5
955 6
956 105
956 332
957 1
957 13
958 3
958 6
958 237
959 6
959 10
959 26
959 89
960 6
960 104
960 675
961 4
961 7
961 13
961 679
962 1
962 3
962 9
962 230
963 532
963 550
964 7
964 225
964 836
964 859
965 1
965 9
965 230
966 0
966 1
966 5
966 8
966 9
966 76
967 8
967 469
967 629
968 2
968 5
968 8
968 9
968 228
969 146
970 0
970 5
970 76
970 966
971 26
972 941
974 3
974 7
974 8
974 9
974 216
975 6
975 476
975 780
976 0
976 5
976 8
976 15
977 119
977 435
979 24
979 31
979 200
979 285
980 7
980 518
981 770
982 453
982 722
983 385
984 5
984 6
984 620
985 2
985 3
985 272
985 483
986 15
986 368
987 26
987 371
988 668
988 743
988 899
989 0
989 8
989 74
989 460
990 3
990 7
991 3
991 71
991 394
991 862
992 3
992 7
992 9
992 216
993 3
993 418
994 3
994 5
994 76
994 778
995 26
995 119
995 156
996 0
996 1
996 5
996 120
997 38
998 59
998 792
999 1
999 913
