1 0
2 0
2 1
3 0
3 1
3 2
4 0
4 1
4 2
4 3
5 0
5 1
5 2
5 3
5 4
6 0
6 1
6 2
6 3
6 4
6 5
7 0
7 1
7 2
7 3
7 4
7 5
7 6
8 0
8 1
8 2
8 3
8 4
8 5
8 6
8 7
9 0
9 1
9 2
9 3
9 4
9 5
9 6
9 7
9 8
10 0
10 2
10 8
11 0
11 6
12 5
14 10
15 9
16 1
16 2
18 5
19 0
19 1
19 4
20 1
20 2
20 4
21 7
22 4
23 0
23 1
24 2
24 8
25 0
25 7
27 1
28 0
28 25
29 7
30 4
31 0
31 7
32 30
33 8
34 1
34 5
36 24
37 0
38 7
39 10
41 30
42 3
43 19
44 28
45 2
46 3
46 4
47 0
47 9
48 1
48 3
49 1
49 6
49 7
50 28
51 2
52 0
53 24
53 36
54 3
55 38
56 2
57 20
58 53
59 9
59 15
60 1
60 5
61 5
61 7
63 8
64 1
66 28
67 19
67 43
68 7
68 38
69 24
70 53
72 5
72 18
73 1
74 0
74 1
75 8
76 1
76 4
77 1
77 7
78 67
79 4
80 4
81 1
81 2
82 72
83 59
84 1
84 5
85 1
85 48
88 58
89 48
90 25
90 28
91 25
91 28
92 0
93 0
93 5
94 5
94 6
94 7
97 2
98 19
99 7
99 8
100 1
100 5
100 84
101 0
101 25
102 3
102 42
103 2
103 81
105 5
106 7
106 25
107 0
107 2
107 4
108 8
109 106
110 24
110 53
111 0
111 6
113 23
114 4
115 61
116 78
118 2
118 97
120 84
120 100
121 1
121 84
122 46
123 1
123 4
123 5
123 6
124 84
125 101
127 7
127 99
128 1
129 1
130 28
131 0
131 8
132 25
132 28
133 27
134 93
135 97
136 67
137 1
137 34
138 101
138 125
141 72
142 22
143 55
144 5
144 60
145 8
145 75
146 2
146 9
147 30
147 41
148 2
149 0
149 9
150 28
150 91
151 8
151 24
152 1
152 6
153 5
153 105
154 61
154 115
155 30
156 59
157 7
157 38
159 0
159 2
159 3
160 0
161 5
162 37
163 8
163 131
164 5
165 3
165 8
165 9
166 121
167 0
167 1
168 135
169 1
169 27
170 9
172 25
173 110
174 110
174 173
175 9
175 146
177 81
177 103
178 85
180 153
181 37
181 162
182 10
182 39
183 4
183 76
184 28
184 130
185 64
186 9
186 47
187 4
188 23
188 113
189 52
190 0
191 150
192 24
192 36
193 54
194 2
194 7
195 160
196 36
197 61
198 94
200 94
201 5
202 6
203 61
204 2
205 3
206 113
207 4
208 0
208 74
209 0
209 167
210 61
211 59
211 83
212 99
213 105
214 4
215 6
215 8
216 0
216 107
217 38
217 157
218 1
218 121
219 1
220 28
220 184
221 75
221 145
222 74
223 220
224 223
225 0
225 28
226 215
227 37
227 181
228 159
229 1
229 4
229 8
230 0
230 47
231 3
231 4
232 47
233 159
235 149
238 225
239 9
240 118
242 157
243 191
244 75
246 28
246 184
247 150
247 191
248 25
250 28
250 130
251 2
251 97
252 28
253 1
255 61
255 197
256 75
256 244
257 2
257 24
258 175
259 1
259 19
260 220
260 223
262 46
263 32
264 6
264 11
265 6
265 49
266 32
266 263
267 8
267 99
268 100
268 120
269 5
269 18
270 4
270 22
271 84
271 120
272 156
274 91
274 150
276 178
277 7
277 127
279 100
279 268
281 101
282 276
283 2
283 24
284 184
285 5
286 103
287 49
288 9
289 53
289 58
291 188
292 61
292 154
294 3
294 5
295 198
297 189
298 2
299 93
300 110
300 173
300 174
301 101
302 7
302 31
303 28
303 44
304 8
304 63
305 4
305 114
307 0
308 227
310 101
310 281
311 298
312 0
312 2
312 107
313 25
313 90
314 4
314 231
315 25
315 90
315 313
317 218
319 214
320 1
321 57
322 2
322 6
323 0
323 2
324 5
324 294
325 0
325 216
326 3
327 25
327 106
328 59
328 211
329 259
330 1
330 219
331 113
331 188
332 5
332 105
333 162
334 218
334 317
335 41
336 8
336 24
337 166
338 5
339 174
339 300
340 9
342 41
343 127
344 15
344 59
345 24
346 4
347 90
348 80
349 321
351 150
351 191
352 6
352 49
354 301
355 173
355 174
357 102
358 9
359 53
360 1
360 320
361 94
361 200
362 106
363 24
363 192
364 1
364 8
366 363
367 1
367 360
368 162
369 15
369 59
370 8
370 364
372 2
373 110
373 173
374 2
375 1
377 3
377 326
378 317
379 0
380 121
380 166
381 332
382 257
383 320
384 53
384 58
386 18
386 269
388 8
389 81
390 276
391 110
391 173
392 4
393 101
394 129
397 49
397 265
398 8
398 215
399 3
399 294
400 332
401 7
401 194
402 229
403 363
404 1
404 253
405 9
405 175
406 399
407 1
407 84
408 5
409 160
410 197
411 2
412 4
412 30
414 91
414 150
417 5
417 8
419 173
419 355
420 344
421 9
421 358
422 339
423 99
424 407
426 0
426 8
426 9
427 191
428 174
429 305
431 364
431 370
433 2
433 81
434 276
434 390
435 332
437 1
437 81
438 1
438 330
439 5
440 191
440 427
441 440
442 48
444 53
444 110
445 7
446 0
446 31
447 6
448 100
449 1
449 4
449 8
450 64
453 1
453 167
454 314
455 4
455 46
456 19
456 43
457 1
458 153
459 100
460 5
461 124
462 298
462 311
464 301
466 24
467 244
468 103
469 291
470 41
470 147
471 294
472 9
474 424
475 442
477 28
478 242
479 8
481 100
481 459
482 2
483 133
484 90
484 315
485 55
486 337
487 218
488 386
489 404
490 2
490 298
491 1
491 375
492 2
494 322
495 6
495 7
495 9
496 9
496 239
497 8
497 163
498 5
498 84
499 1
499 3
503 307
506 120
506 268
508 1
510 283
511 19
512 168
513 7
513 77
514 446
516 209
517 165
518 466
519 221
520 0
520 2
520 323
521 9
521 472
522 189
522 297
523 4
523 455
524 149
524 235
526 491
527 0
528 169
529 2
529 312
530 97
530 118
532 343
533 154
534 397
537 225
537 238
538 61
538 292
539 3
539 4
540 0
540 216
541 461
542 202
543 2
545 64
546 461
547 173
547 373
548 7
548 445
549 212
550 5
550 161
551 36
552 147
552 470
553 458
554 317
555 301
555 354
556 28
556 246
557 462
558 144
559 303
560 49
561 5
561 105
562 522
563 352
564 5
564 60
566 1
566 5
567 11
568 439
569 8
569 33
570 83
572 344
574 225
575 4
575 214
576 2
577 53
578 5
578 439
579 457
580 3
581 1
581 5
581 6
583 498
584 357
585 0
586 37
586 227
587 453
588 274
589 9
590 6
591 362
592 197
593 2
593 107
594 83
594 211
595 433
596 133
597 81
599 8
599 99
600 466
603 3
603 377
604 9
605 53
605 359
606 0
606 9
608 3
609 36
609 551
610 28
611 595
612 94
612 361
613 401
614 468
615 0
615 2
618 1
618 218
619 173
619 419
620 124
620 461
621 36
622 25
622 28
623 1
624 193
625 4
626 2
627 609
628 93
628 299
629 120
629 506
630 5
631 38
631 217
633 7
633 401
634 4
634 80
635 287
636 38
637 403
638 0
638 208
639 84
640 330
641 403
641 637
642 4
642 575
644 105
645 489
647 182
648 49
649 498
649 583
650 303
650 559
651 218
651 618
652 251
653 81
653 433
655 512
656 63
657 2
657 107
658 125
659 8
659 304
661 547
662 38
663 9
664 34
664 137
665 61
666 518
667 149
668 2
668 4
668 5
669 5
670 190
671 292
672 506
673 547
674 298
675 1
675 566
676 8
676 364
677 469
678 512
679 110
679 444
680 25
680 106
681 230
683 74
684 34
684 664
685 113
685 331
686 7
686 633
688 229
688 402
689 661
690 36
690 609
691 512
691 655
692 37
692 181
693 595
693 611
694 289
695 28
696 1
697 257
698 3
698 102
700 537
702 84
703 99
703 599
704 19
705 696
707 289
708 297
708 522
709 75
709 256
710 659
711 2
711 4
711 107
713 4
713 412
714 288
715 529
716 36
717 360
718 402
719 289
721 163
722 7
722 94
724 61
725 105
726 75
727 9
730 3
730 102
732 5
732 324
733 370
734 91
734 414
735 298
736 157
738 43
739 211
740 364
740 431
741 631
742 59
744 9
744 606
745 566
746 2
746 433
747 615
749 59
749 344
750 677
751 120
753 53
753 605
754 223
755 7
755 106
759 24
759 36
760 9
760 358
762 466
763 0
764 46
764 455
765 27
765 169
766 6
767 579
768 28
769 0
769 8
769 9
770 3
770 4
770 6
771 3
771 770
772 256
772 709
773 8
773 769
775 82
776 61
777 1
777 5
779 27
779 765
781 28
781 246
782 466
782 518
783 6
783 202
784 253
784 404
785 770
787 265
787 397
788 2
791 125
792 4
792 346
793 343
794 109
795 182
796 297
798 320
798 383
799 370
800 150
800 191
800 247
801 762
802 2
802 492
804 24
805 2
806 30
806 32
807 2
808 322
809 294
810 46
810 455
811 779
812 727
813 288
814 522
815 4
816 182
817 787
818 722
819 61
819 538
820 453
821 223
823 106
823 680
824 5
824 332
827 313
828 4
828 6
829 8
832 2
832 97
833 7
833 157
834 656
835 1
836 9
836 405
837 50
838 1
839 12
840 8
840 829
841 70
843 195
844 456
845 1
845 27
846 792
847 392
848 9
849 144
849 558
850 6
850 590
851 287
851 635
852 8
852 75
853 225
853 537
854 358
855 120
856 481
857 76
858 124
859 691
860 664
860 684
861 191
861 351
863 174
863 428
864 246
864 556
865 90
865 484
866 270
867 28
867 50
868 461
869 114
870 659
870 710
871 311
872 596
873 311
874 2
874 492
875 474
876 455
877 433
877 595
879 169
880 19
880 43
881 3
881 165
882 81
883 512
884 5
884 8
885 94
886 777
887 486
888 770
889 370
889 431
890 268
890 506
891 5
891 269
892 110
892 173
893 3
893 730
894 120
894 271
895 198
895 295
896 110
897 378
898 867
900 693
901 453
901 820
902 829
904 301
904 354
905 256
905 772
906 297
907 9
908 722
909 606
910 895
911 373
911 547
912 3
912 5
913 304
914 6
915 157
916 380
917 360
917 367
918 274
919 101
922 564
923 106
924 106
924 823
925 377
927 702
929 3
929 48
930 114
930 869
931 106
931 109
932 19
933 3
933 698
934 912
935 638
936 100
938 9
939 30
939 412
940 4
940 22
941 9
942 113
943 858
944 30
944 41
945 330
946 288
949 484
950 4
950 207
951 408
952 360
953 43
953 880
954 343
955 781
956 361
957 107
958 2
959 118
959 240
960 848
961 909
964 287
965 3
965 912
966 287
967 103
968 3
968 42
969 63
970 462
971 83
971 594
972 389
973 120
973 271
974 586
975 123
976 721
977 595
977 611
978 4
979 3
979 54
980 585
982 165
983 28
984 453
985 9
985 744
986 58
987 1
987 330
988 110
988 679
989 1
990 0
990 111
991 5
992 496
993 332
995 564
995 922
996 25
996 101
997 218
998 110
999 192
999 363
