1 0
2 0
2 1
3 0
3 1
3 2
4 0
4 1
4 2
4 3
5 0
5 1
5 2
5 3
5 4
6 0
6 1
6 2
6 3
6 4
6 5
7 0
7 1
7 2
7 3
7 4
7 5
7 6
8 0
8 1
8 2
8 3
8 4
8 5
8 6
8 7
9 0
9 1
9 2
9 3
9 4
9 5
9 6
9 7
9 8
10 0
10 1
10 2
10 3
10 4
10 5
10 6
10 8
10 9
11 0
11 1
11 2
11 3
11 5
11 6
11 8
12 0
12 1
12 2
12 3
12 5
12 7
13 0
13 1
13 2
13 4
13 5
13 6
13 7
14 0
14 1
14 3
14 5
14 6
14 8
14 11
15 0
15 1
15 2
15 3
15 4
16 0
16 1
16 2
16 3
16 4
16 5
16 6
16 7
16 8
17 0
17 1
17 3
17 6
17 8
17 11
17 14
18 0
18 1
18 3
18 6
18 8
18 11
18 17
19 0
19 1
19 2
19 3
19 4
19 5
20 0
20 1
20 2
20 4
20 5
20 6
20 7
21 0
21 1
21 3
21 6
21 8
21 11
21 14
22 0
22 1
22 5
22 6
22 11
22 14
23 0
23 1
23 2
23 3
23 4
23 5
23 6
23 7
24 0
24 1
24 2
24 3
24 4
24 5
24 6
24 8
24 16
25 0
25 1
25 2
25 3
25 5
25 12
26 0
26 1
26 2
26 3
26 4
26 5
26 6
26 7
26 8
26 16
27 0
27 1
27 6
27 8
27 11
27 17
28 1
28 2
28 4
28 6
29 0
29 1
29 2
29 4
29 5
29 19
30 1
30 2
30 5
30 6
30 8
30 11
31 0
31 1
31 2
31 3
31 4
31 5
31 19
32 0
32 5
32 6
32 11
32 14
32 22
33 0
33 1
33 2
33 3
33 4
33 6
33 8
33 9
34 1
34 3
34 6
34 8
34 11
34 17
34 18
35 1
35 2
35 4
35 5
35 6
35 7
35 20
36 2
36 3
36 4
36 5
37 0
37 2
37 4
37 5
37 6
37 7
38 0
38 1
38 5
38 6
38 11
38 14
38 22
39 0
39 1
39 2
39 4
39 5
39 6
39 7
39 8
39 9
40 0
40 1
40 2
41 0
41 1
41 2
41 3
41 4
41 5
41 6
41 7
41 8
42 0
42 1
42 2
42 3
42 4
42 5
42 6
42 7
42 23
43 0
43 1
43 2
43 3
43 4
43 6
43 8
43 10
44 2
44 3
44 4
44 5
44 6
45 6
45 11
45 14
45 22
45 32
46 1
46 2
46 4
46 5
46 6
46 7
46 20
46 35
47 1
47 2
48 1
48 2
48 4
48 5
48 7
48 8
48 16
49 0
49 5
49 6
49 11
49 22
49 32
50 1
50 2
50 3
50 4
50 5
50 6
51 0
51 1
51 3
51 6
51 8
51 11
51 14
51 21
52 0
52 1
52 2
52 3
52 4
52 5
52 6
52 7
52 23
53 2
53 4
53 5
53 19
53 29
54 0
54 1
54 2
54 3
54 4
54 8
54 16
55 0
55 3
55 6
55 8
55 11
55 14
55 21
55 51
56 6
56 11
56 22
56 32
56 45
57 2
57 4
57 5
57 6
58 0
58 4
58 15
59 1
59 47
60 0
60 1
60 2
60 3
60 4
60 5
60 6
60 7
60 8
60 9
61 0
61 1
61 2
61 3
61 12
62 0
62 1
62 2
62 4
62 5
62 6
62 7
62 13
63 6
63 11
63 22
63 32
63 45
63 56
64 0
64 1
64 2
64 3
64 4
64 5
64 7
64 8
65 0
65 2
65 4
65 5
65 6
65 37
66 6
66 11
66 22
66 45
67 0
67 1
67 2
67 3
67 12
67 25
68 1
68 2
68 4
68 5
68 8
68 16
68 24
69 0
69 1
69 2
69 40
70 0
70 1
70 2
70 3
70 4
70 6
70 8
70 43
71 1
71 2
71 3
71 4
71 5
71 6
71 7
71 8
71 9
72 0
72 1
72 61
73 0
73 2
73 3
73 4
73 5
73 19
74 0
74 1
74 6
74 8
74 11
74 17
74 27
75 0
75 3
75 6
75 8
75 14
75 21
75 51
75 55
76 0
76 1
76 2
76 3
76 4
76 5
76 19
76 31
77 1
77 2
77 5
77 6
77 30
78 6
78 8
78 11
78 21
78 51
78 55
79 2
79 4
79 5
79 19
79 29
79 53
80 6
80 11
80 32
80 56
81 0
81 1
81 2
81 3
81 4
81 5
81 6
81 7
81 8
82 2
82 4
82 5
82 19
83 6
83 8
83 11
83 21
83 51
83 55
83 78
84 0
84 1
84 4
84 5
84 19
84 31
84 76
85 0
85 1
85 2
85 3
85 6
85 8
85 33
86 0
86 5
86 6
86 11
86 22
86 49
87 0
87 1
87 5
87 6
87 11
87 14
87 22
88 0
88 2
88 3
88 4
88 5
88 6
88 7
88 23
89 0
89 1
89 4
89 8
89 16
90 0
90 1
90 6
90 11
90 14
90 22
90 87
91 0
91 1
91 2
91 3
91 4
91 16
91 54
92 0
92 1
92 2
92 4
92 5
92 6
92 13
92 62
93 2
93 4
93 5
93 19
93 82
94 1
94 2
94 3
94 4
94 6
94 8
94 10
95 5
95 6
95 11
95 22
95 32
95 49
96 2
96 4
96 19
96 29
97 1
97 2
97 3
97 6
97 50
98 6
98 11
98 22
98 32
98 45
98 56
99 0
99 1
99 2
99 3
99 6
99 43
99 70
100 0
100 1
100 2
100 3
100 4
100 6
100 7
100 8
100 41
101 2
101 3
102 1
102 2
102 3
102 4
102 5
103 0
103 1
103 2
103 3
103 5
103 7
103 12
104 0
104 2
104 3
104 4
104 6
104 8
104 43
104 70
105 1
105 2
105 6
106 0
106 1
106 3
106 6
106 8
106 14
106 17
107 0
107 1
107 3
107 6
107 8
107 17
107 106
108 0
108 1
108 3
108 4
108 8
108 54
109 0
109 1
109 2
109 4
109 5
109 6
109 7
109 8
109 39
110 0
110 1
110 2
110 3
110 4
110 6
110 7
110 8
110 9
111 2
111 3
111 4
111 5
111 36
112 0
112 1
112 3
112 6
112 8
112 11
112 14
113 6
113 8
113 11
113 51
113 55
113 78
114 1
114 2
114 4
114 5
114 8
115 1
115 2
115 3
115 6
115 50
116 0
116 3
116 6
116 8
116 11
116 14
116 21
116 51
116 55
117 3
117 6
117 8
117 11
117 14
117 21
117 55
117 116
118 0
118 1
118 2
118 4
118 5
118 6
118 7
118 39
118 109
119 0
119 1
119 3
119 4
119 5
119 6
119 52
120 0
120 4
120 5
120 6
121 2
121 4
121 19
121 53
122 1
122 2
122 5
122 12
122 103
123 4
123 5
123 19
124 0
124 1
124 2
124 5
124 6
124 7
124 109
124 118
125 1
125 2
125 4
125 8
125 114
126 0
126 1
126 3
126 4
126 19
126 31
127 1
127 2
127 4
127 8
127 125
128 0
128 1
128 2
128 3
128 4
128 5
128 6
128 7
128 9
128 60
129 0
129 3
129 6
129 8
129 11
129 14
129 112
130 0
130 1
130 6
130 8
130 11
130 14
131 11
131 22
131 45
131 63
132 0
132 1
132 2
132 4
132 5
132 6
132 7
132 23
133 3
133 4
133 6
133 7
133 8
133 26
134 0
134 2
134 3
134 4
134 5
134 19
134 73
135 1
135 2
135 4
135 5
135 7
135 16
136 2
136 5
136 19
136 53
137 0
137 1
137 4
137 5
137 6
137 7
137 8
137 41
138 0
138 1
138 2
138 3
138 6
138 8
138 33
138 85
139 11
139 22
139 32
139 45
139 56
139 63
140 1
140 2
140 4
140 5
140 6
140 8
140 9
140 39
141 0
141 1
141 5
141 6
141 11
141 14
141 22
141 38
142 0
142 1
142 5
142 6
142 11
143 0
143 1
143 2
143 3
143 6
143 8
143 9
144 2
144 3
144 4
144 5
144 6
145 0
145 2
145 3
145 5
145 6
145 9
145 60
146 6
146 8
146 11
146 55
146 78
146 113
147 0
147 1
147 2
147 3
147 4
147 6
147 8
147 10
147 43
148 0
148 1
148 3
148 6
148 106
149 5
149 11
149 14
149 22
149 32
150 0
150 1
150 2
150 4
150 5
150 8
150 9
151 0
151 1
151 2
151 3
151 8
151 33
151 85
151 138
152 6
152 8
152 11
152 55
152 78
152 146
153 6
153 8
153 11
153 78
153 146
154 1
154 4
154 5
154 6
154 9
154 39
155 0
155 1
155 2
155 6
155 8
155 9
156 2
156 3
157 0
157 5
157 6
157 7
157 37
158 0
158 5
158 6
158 11
158 22
158 32
159 0
159 1
159 3
159 4
159 8
159 16
160 0
160 5
160 6
160 11
160 22
160 32
160 158
161 0
161 2
161 3
161 4
161 19
162 6
162 22
162 45
162 66
163 0
163 3
163 6
163 8
163 14
163 51
163 55
163 116
164 1
164 2
164 3
164 4
164 5
164 6
164 50
165 0
165 1
165 2
165 4
165 5
166 0
166 6
166 8
166 11
166 21
166 51
166 55
166 116
167 0
167 3
167 4
167 73
167 134
168 0
168 1
168 4
168 7
168 8
168 41
168 137
169 0
169 2
169 5
169 6
169 37
169 65
170 0
170 5
170 11
170 22
170 32
170 49
171 0
171 2
171 4
171 5
171 6
171 7
171 23
171 132
172 0
172 1
172 4
172 7
172 8
172 41
172 137
172 168
173 0
173 1
173 4
173 5
173 19
173 31
173 76
173 84
174 1
174 4
174 5
174 6
174 8
174 9
174 39
174 140
175 1
175 2
175 3
175 4
175 5
175 6
175 7
175 8
175 9
175 71
176 0
176 1
176 2
176 3
176 4
176 6
176 7
176 8
176 41
176 100
177 1
177 2
177 4
177 5
177 6
177 8
177 9
178 0
178 4
178 73
178 134
178 167
179 0
179 1
179 3
179 5
179 7
179 103
180 0
180 5
180 11
180 22
180 32
180 49
180 170
181 1
181 2
181 5
181 6
181 50
181 164
182 1
182 2
182 3
182 4
182 5
182 6
182 8
183 0
183 1
183 2
183 3
183 4
183 6
183 7
183 8
183 9
184 1
184 2
184 3
184 4
184 6
184 10
184 43
184 147
185 2
185 4
185 5
185 36
186 0
186 1
186 2
186 3
186 4
186 6
186 10
187 0
187 2
187 4
187 5
187 7
187 8
187 9
187 39
188 1
188 3
188 4
188 19
188 31
188 126
189 2
189 4
189 19
189 53
189 121
190 0
190 2
190 4
190 5
190 8
190 9
191 1
191 2
191 3
191 6
191 8
191 9
191 143
192 1
192 2
192 3
192 4
192 5
192 6
192 8
193 1
193 4
193 5
193 6
193 8
193 9
193 177
194 0
194 2
194 5
194 6
194 9
194 145
195 1
195 2
195 4
195 5
195 7
196 1
196 4
196 5
196 6
196 8
196 9
196 177
196 193
197 1
197 2
197 5
197 6
197 30
198 0
198 1
198 2
198 3
198 4
198 5
198 6
198 7
198 42
199 2
199 4
199 5
199 82
200 0
200 1
200 2
200 3
200 4
200 5
200 6
200 7
200 41
201 0
201 3
201 6
201 11
201 14
201 21
201 55
202 0
202 1
202 2
202 3
202 4
202 6
202 8
202 9
202 33
203 0
203 4
203 73
203 134
203 167
203 178
204 1
204 4
204 5
204 6
204 50
205 0
205 1
205 3
205 4
205 16
205 54
205 91
206 1
206 2
206 4
206 5
206 7
206 8
206 48
207 0
207 1
207 2
207 3
207 33
207 85
207 138
207 151
208 2
208 3
208 5
208 6
208 50
209 0
209 1
209 2
209 3
209 4
209 5
209 6
209 7
209 23
209 42
210 2
210 4
210 5
210 6
210 7
210 8
210 9
210 175
211 0
211 3
211 8
211 11
211 14
211 51
211 55
212 0
212 1
212 2
212 3
212 4
212 5
212 7
212 8
212 16
212 26
213 0
213 1
213 8
213 14
213 112
214 1
214 2
214 3
214 4
214 6
214 10
214 94
215 0
215 4
215 73
215 167
215 178
216 1
216 2
216 3
216 6
216 7
216 8
216 9
216 71
217 0
217 1
217 2
217 4
217 5
217 6
217 7
217 23
217 52
218 1
218 2
218 3
218 4
218 5
218 7
218 9
219 1
219 6
219 8
219 11
219 14
219 17
220 6
220 8
220 11
220 21
220 51
220 55
221 0
221 3
221 8
221 11
221 14
221 55
221 211
222 3
222 8
222 11
222 14
222 21
222 116
222 117
223 0
223 1
223 2
223 3
224 0
224 1
224 8
224 112
224 213
225 2
225 3
225 4
225 5
225 111
226 0
226 1
226 3
226 8
226 14
226 17
226 106
227 6
227 11
227 32
227 56
227 80
228 2
228 4
228 8
228 114
228 125
229 0
229 1
229 2
229 4
229 15
230 0
230 2
230 3
230 5
230 19
231 1
231 47
232 3
232 6
232 11
232 14
232 201
233 3
233 6
233 14
233 21
233 51
233 55
233 75
234 0
234 6
234 11
234 14
234 22
234 87
235 1
235 2
235 4
235 5
235 8
235 114
236 1
236 2
236 3
236 4
236 5
236 6
236 8
237 0
237 1
237 3
237 12
237 25
237 67
238 0
238 1
238 2
238 3
238 4
238 6
238 7
238 23
239 0
239 2
239 5
239 9
239 145
240 3
240 8
240 14
240 51
240 116
240 163
241 0
241 3
241 4
241 8
242 3
242 6
242 8
242 11
242 17
242 18
242 34
243 0
243 3
243 4
243 8
243 241
244 1
244 4
244 5
244 8
244 9
244 177
244 193
245 1
245 3
245 8
245 10
245 94
246 0
246 1
246 3
246 8
246 14
246 17
246 106
247 4
247 5
247 29
247 53
248 6
248 8
248 21
248 51
248 55
248 78
248 83
249 0
249 5
249 11
249 22
249 32
249 49
249 170
249 180
250 0
250 1
250 2
250 5
250 6
250 7
250 8
250 39
250 109
251 1
251 2
251 3
251 4
251 6
251 7
251 9
251 60
251 128
252 0
252 1
252 2
252 3
252 4
252 6
252 8
252 9
252 33
253 0
253 1
253 2
253 4
253 6
253 7
253 8
253 41
253 100
254 0
254 2
254 4
254 5
254 19
254 73
254 134
255 0
255 1
255 3
255 5
255 6
255 7
255 8
255 41
256 2
256 4
256 5
256 57
257 0
257 11
257 22
257 32
257 49
257 170
258 0
258 5
258 11
258 22
258 32
258 49
258 170
258 180
258 249
259 0
259 1
259 4
259 8
259 9
259 150
260 3
260 8
260 11
260 14
260 21
260 116
260 117
260 222
261 2
261 19
261 53
261 121
262 1
262 2
262 5
262 6
262 50
262 164
262 181
263 6
263 11
263 22
263 32
263 45
263 56
263 63
264 0
264 1
264 3
264 5
264 6
264 7
264 8
265 0
265 2
265 5
265 6
265 7
265 23
265 132
266 0
266 73
266 134
266 178
266 203
267 0
267 1
267 3
267 6
267 7
267 8
267 41
267 255
268 0
268 4
268 5
268 120
269 0
269 1
269 3
269 6
269 8
269 11
269 14
269 21
269 51
270 4
270 58
271 1
271 2
271 3
271 5
271 102
272 1
272 2
272 3
272 4
272 5
272 6
272 8
272 16
272 24
273 2
273 5
273 6
273 50
273 164
273 181
274 0
274 134
274 178
274 203
275 0
275 2
275 3
275 5
275 6
275 9
275 60
275 145
276 2
276 3
276 5
277 1
277 2
277 3
277 4
277 6
277 8
277 9
278 4
278 5
278 82
278 199
279 1
279 2
279 4
279 5
279 6
279 7
279 41
280 8
280 11
280 14
280 21
280 55
280 116
280 117
281 0
281 1
281 2
281 3
281 4
281 6
281 7
281 8
281 9
281 183
282 1
282 2
282 4
282 6
282 8
282 10
282 94
283 1
283 2
283 3
283 4
283 5
283 7
283 8
283 9
283 71
284 2
284 3
284 5
284 6
284 208
285 0
285 1
285 3
285 4
285 8
285 16
285 159
286 1
286 2
286 4
286 5
286 7
287 0
287 1
287 2
287 3
287 5
287 6
287 7
288 0
288 1
288 2
288 3
288 5
288 6
288 7
288 8
288 9
288 60
289 0
289 1
289 2
290 0
290 1
290 2
290 5
290 6
290 8
290 39
290 250
291 0
291 2
291 4
291 7
291 23
291 132
292 5
292 19
292 53
293 1
293 2
293 4
293 6
293 9
293 60
293 128
293 251
294 0
294 2
294 4
294 5
294 19
294 73
294 134
295 6
295 8
295 11
295 21
295 51
295 55
295 78
295 83
296 3
296 6
296 8
296 11
296 17
296 34
296 242
297 0
297 2
297 3
297 4
297 6
297 7
297 23
297 238
298 1
298 2
298 3
298 6
298 7
298 23
298 238
299 2
299 4
299 53
299 121
299 189
300 1
300 2
300 5
300 6
300 50
300 164
300 181
301 0
301 1
301 2
301 4
301 5
301 6
302 1
302 47
303 1
303 2
303 4
303 5
303 6
303 8
303 9
304 2
304 4
304 53
304 189
304 299
305 0
305 1
305 2
305 4
305 5
305 6
305 7
305 23
305 52
306 0
306 73
306 178
306 266
307 0
307 1
307 3
307 5
307 6
307 8
308 1
308 4
308 8
308 9
308 177
308 193
308 244
309 1
309 2
309 5
309 103
310 1
310 5
311 0
311 2
311 4
311 5
311 6
311 13
311 62
312 4
312 5
312 29
312 53
312 247
313 3
313 4
313 6
313 7
313 8
313 26
313 133
314 1
314 4
314 5
314 6
314 9
314 177
314 193
314 196
315 6
315 11
315 32
315 56
315 63
315 263
316 2
316 4
316 7
316 20
317 1
317 2
317 3
317 4
317 6
317 8
317 24
317 272
318 0
318 5
318 11
318 22
318 32
318 49
318 170
319 1
319 5
319 6
319 50
319 164
319 181
320 1
320 10
320 94
320 245
321 1
321 2
321 5
321 6
321 197
322 8
322 11
322 78
322 146
322 152
323 1
323 2
323 6
323 60
323 128
323 251
324 0
324 1
324 2
324 3
324 4
324 5
324 6
324 8
324 9
325 1
326 2
326 4
326 5
326 19
326 73
326 294
327 3
327 4
327 19
327 126
327 188
328 3
328 6
328 8
328 11
328 17
328 18
328 34
328 242
329 0
329 2
329 4
329 5
329 6
329 7
329 9
329 39
330 0
330 1
330 2
330 3
330 4
330 5
330 19
331 1
331 2
331 5
331 12
331 103
331 122
332 6
332 11
332 32
332 80
333 1
333 10
333 94
333 320
334 0
334 1
334 2
334 3
334 4
334 5
334 6
334 7
334 8
335 6
335 11
335 14
335 22
336 0
336 1
336 2
336 4
336 5
336 6
336 7
336 8
336 39
337 6
337 21
337 51
337 55
337 78
337 83
337 248
338 2
338 4
338 5
338 36
339 0
339 1
339 2
339 4
339 5
339 6
339 132
340 1
340 4
340 6
340 9
340 177
340 193
341 0
341 1
341 2
341 3
341 4
341 5
341 6
341 7
341 9
341 60
341 128
342 0
342 1
342 2
342 3
342 4
342 5
342 6
342 7
342 60
342 128
343 2
343 5
343 19
343 73
343 134
343 294
344 0
344 1
344 2
344 3
344 6
344 33
344 85
344 138
345 1
345 6
345 30
346 0
346 5
346 6
346 11
346 32
346 49
347 2
347 5
347 338
348 0
348 1
348 3
348 6
348 8
348 9
348 252
349 0
349 1
349 2
349 3
349 223
350 2
350 19
350 73
350 134
350 294
351 0
351 1
351 5
351 11
351 14
351 22
352 1
352 2
352 3
352 4
352 5
352 6
352 9
353 6
353 21
353 51
353 55
353 78
353 83
353 248
354 0
354 3
354 33
354 85
354 138
355 1
355 2
355 3
355 4
355 5
355 6
355 7
355 60
355 128
355 342
356 2
356 4
356 6
356 10
356 94
356 282
357 4
357 8
357 9
357 39
357 140
358 0
358 1
358 2
358 3
358 5
358 6
358 7
358 8
358 60
359 0
359 1
359 2
359 40
360 0
360 1
360 2
360 3
360 4
360 6
360 7
360 23
360 238
361 3
361 156
362 1
362 2
362 5
362 6
362 7
362 109
362 250
363 0
363 1
363 2
363 4
363 5
363 6
363 8
363 39
364 0
364 2
364 4
364 23
364 132
364 291
365 0
365 1
365 3
365 5
365 6
365 8
365 11
366 0
366 2
366 4
366 5
366 7
366 8
366 9
366 39
366 187
367 1
367 2
367 4
367 5
367 6
367 7
367 20
367 35
368 1
368 2
368 4
368 5
368 7
368 20
368 35
368 46
369 1
369 3
369 4
369 7
369 8
369 9
369 71
369 283
370 22
370 32
370 45
370 56
370 63
370 139
371 0
371 1
371 2
371 4
371 229
372 0
372 2
372 4
372 5
372 6
372 62
372 92
373 3
373 8
373 11
373 14
373 55
373 211
374 0
374 1
374 3
374 4
374 5
374 6
374 7
374 8
374 9
375 0
375 5
375 11
375 22
375 49
375 170
375 180
376 0
376 1
376 4
376 8
376 9
376 150
376 259
377 0
377 1
377 2
377 3
377 4
377 6
377 7
377 8
377 9
378 1
378 3
378 8
378 14
378 17
378 106
379 0
379 2
379 4
379 6
379 10
379 186
380 6
380 78
380 113
381 3
381 5
381 6
381 50
381 208
382 6
382 8
382 11
382 14
382 21
382 55
382 116
382 117
383 1
383 2
383 3
383 4
383 5
383 102
384 1
384 2
384 4
384 5
384 6
384 8
384 303
385 2
385 4
385 5
385 19
385 29
385 53
385 79
386 2
386 3
386 4
386 111
387 73
387 134
387 178
387 203
387 266
388 0
388 4
388 5
388 6
388 7
388 132
389 2
389 4
389 5
389 7
389 8
389 48
389 206
390 2
390 4
390 5
390 7
390 8
390 48
390 206
391 8
391 11
391 78
391 146
391 152
391 322
392 1
392 4
392 5
392 9
392 154
393 11
393 32
393 56
393 263
393 315
394 0
394 1
394 3
394 6
394 8
394 11
394 14
394 21
394 51
394 269
395 6
395 11
395 32
395 56
395 80
395 227
396 3
396 4
396 6
396 7
396 8
396 26
396 133
396 313
397 0
397 4
397 7
397 41
398 0
398 4
398 5
398 13
398 62
399 6
399 21
399 55
399 83
399 248
400 0
400 2
400 3
400 5
400 6
400 8
400 9
400 324
401 0
401 2
401 4
401 7
401 8
401 9
401 39
401 187
401 366
402 0
402 1
402 8
402 11
402 14
402 17
403 2
403 3
403 5
403 19
403 230
404 0
404 1
404 2
404 223
405 0
405 1
405 2
405 4
405 6
405 7
405 8
405 100
405 253
406 1
406 2
406 4
406 6
406 9
407 0
407 1
407 2
407 4
407 8
407 9
408 1
408 4
408 6
408 8
408 9
408 277
409 0
409 2
409 5
409 6
409 37
409 169
410 0
410 2
410 3
410 4
410 6
410 7
410 41
410 100
410 176
411 0
411 5
411 6
411 11
411 22
411 49
411 86
412 0
412 1
412 3
412 4
412 5
412 6
412 7
412 9
413 1
413 2
413 5
413 6
413 50
413 181
413 300
414 2
414 3
414 4
414 5
414 111
415 0
415 1
415 3
415 6
415 8
415 11
415 21
415 51
416 2
416 5
416 338
416 347
417 3
417 8
417 11
417 14
417 21
417 116
418 0
418 1
418 2
418 4
418 6
418 8
418 9
418 202
419 2
419 4
419 7
419 23
419 132
419 291
420 1
420 2
420 3
420 4
420 5
420 7
420 8
420 9
420 71
420 283
421 0
421 1
421 3
421 6
421 11
421 14
421 21
421 51
421 269
422 5
422 19
422 29
422 53
423 3
423 4
423 73
423 134
423 167
424 0
424 1
424 2
424 4
424 5
424 6
424 7
424 13
425 6
425 21
425 51
425 55
425 78
425 83
425 248
425 337
426 2
426 4
426 6
426 10
426 94
426 282
426 356
427 0
427 1
427 2
427 3
427 5
428 1
428 2
428 3
428 4
428 5
428 6
428 8
428 16
428 24
429 178
429 266
429 387
430 0
430 2
430 4
430 6
430 7
430 8
430 100
430 253
430 405
431 0
431 1
431 3
431 7
431 103
431 179
432 1
432 2
432 3
432 4
432 5
432 6
432 7
432 8
432 26
433 1
433 3
433 4
433 6
433 7
433 9
433 412
434 0
434 3
434 31
434 126
435 0
435 1
435 3
435 6
435 11
435 14
435 21
435 51
436 0
436 1
436 2
436 3
436 6
436 33
436 85
436 138
436 344
437 1
437 4
437 5
437 7
437 8
437 16
437 48
438 0
438 1
438 2
438 3
438 4
438 5
438 6
438 7
438 23
439 0
439 5
439 32
439 49
439 170
439 180
440 1
440 2
440 4
440 5
440 6
440 16
440 24
440 272
441 0
441 1
441 3
441 4
441 6
441 8
441 9
441 33
442 0
442 1
442 2
442 3
442 4
442 6
442 7
442 8
442 9
442 183
443 0
443 1
443 2
443 4
443 6
443 7
443 13
444 0
444 4
444 6
444 100
444 253
444 405
444 430
445 0
445 1
445 2
445 4
445 5
445 8
445 39
445 363
446 22
446 32
446 45
446 56
446 139
446 370
447 0
447 3
447 5
447 6
447 9
447 60
448 1
448 3
448 12
448 67
448 237
449 6
449 11
449 17
449 34
449 242
449 296
450 0
450 1
450 2
450 4
450 5
450 7
450 8
450 9
450 39
451 1
451 5
451 6
451 30
451 77
452 1
452 2
452 5
452 12
452 103
452 122
453 0
453 1
453 4
453 5
453 19
453 31
453 76
453 84
453 173
454 0
454 2
454 4
454 23
454 132
454 291
454 364
455 0
455 1
455 2
455 3
455 4
455 7
455 8
455 9
455 183
456 0
456 1
456 2
456 3
456 6
456 8
456 9
456 143
457 8
457 11
457 14
457 21
457 55
457 117
458 0
458 4
458 73
458 134
458 167
459 0
459 1
459 3
459 103
459 179
460 2
460 4
460 5
460 6
460 37
460 65
461 0
461 2
461 4
461 7
461 9
461 39
461 187
462 1
462 2
462 3
462 5
462 19
462 330
463 2
463 4
463 5
463 19
463 73
463 134
463 294
464 2
464 3
464 5
464 6
464 7
464 8
464 9
464 60
464 288
465 0
465 3
465 5
465 6
465 7
465 8
466 6
466 11
466 56
466 63
466 315
467 6
467 11
467 22
467 45
467 66
468 1
468 2
468 4
468 5
468 8
468 9
468 303
469 0
469 2
469 5
469 6
469 8
469 11
470 6
470 21
470 51
470 55
470 78
470 83
470 248
470 353
471 8
471 11
471 34
471 242
471 296
472 0
472 1
472 3
472 4
472 5
472 6
472 7
472 9
472 60
473 2
473 5
473 6
473 30
473 197
474 0
474 2
474 5
474 37
474 169
474 409
475 1
475 2
475 4
475 7
476 0
476 1
476 2
476 33
476 85
476 207
477 0
477 1
477 2
477 3
477 4
477 5
477 7
477 8
477 16
477 26
478 0
478 1
478 8
478 112
478 213
479 0
479 1
479 2
479 5
479 6
479 7
479 8
479 39
479 109
479 250
480 0
480 4
480 7
480 9
480 39
480 187
480 461
481 0
481 1
481 4
481 7
481 8
481 41
481 137
481 168
482 6
482 8
482 11
482 14
482 130
483 0
483 1
483 2
483 3
483 4
483 5
483 7
483 8
483 64
484 0
484 1
484 2
484 4
484 5
484 6
484 7
484 23
484 52
484 305
485 6
485 11
485 22
485 66
485 467
486 3
486 5
486 7
486 8
486 9
486 60
486 288
487 0
487 1
487 6
487 8
487 11
487 17
487 27
488 0
488 2
488 3
488 5
488 6
488 8
488 9
488 324
488 400
489 1
489 2
489 3
489 5
489 383
490 1
490 2
490 6
490 8
490 9
490 143
490 191
491 2
491 3
491 5
491 19
491 330
491 462
492 0
492 1
492 2
492 4
492 5
492 7
492 8
492 16
492 212
493 3
493 8
493 11
493 14
493 51
493 55
493 211
494 0
494 1
494 2
494 3
494 8
494 33
494 85
494 151
495 1
495 2
495 3
495 6
495 7
495 9
495 71
495 216
496 0
496 134
496 178
496 203
497 0
497 1
497 2
497 3
497 4
497 5
497 8
497 9
497 324
498 0
498 2
498 3
498 4
498 6
498 7
498 238
498 297
499 1
499 2
499 3
499 6
499 97
500 2
500 19
500 134
500 294
500 350
501 0
501 1
501 2
501 4
501 5
501 8
501 363
501 445
502 0
502 4
502 5
502 6
502 8
502 41
502 137
503 0
503 3
503 31
503 126
504 1
504 3
504 4
504 5
504 19
505 0
505 1
505 3
505 4
505 5
505 6
505 119
506 2
506 4
506 5
506 82
506 199
507 0
507 1
507 2
507 223
507 404
508 0
508 1
508 3
508 6
508 8
508 9
508 143
509 2
509 5
510 0
510 1
510 8
510 112
510 213
510 224
511 0
511 1
511 3
511 4
511 6
511 9
511 33
511 252
512 0
512 1
512 3
512 33
512 85
512 151
512 494
513 0
513 1
513 2
513 3
513 4
513 5
513 6
513 7
513 8
513 60
514 0
514 6
514 11
514 14
514 55
515 0
515 2
515 3
515 5
515 19
515 73
516 0
516 1
516 2
516 3
516 4
516 6
516 8
516 9
516 183
516 442
517 178
517 266
517 387
518 0
518 1
518 3
518 6
518 8
518 106
518 107
519 1
519 8
519 11
519 14
519 17
519 402
520 0
520 2
520 4
520 6
520 8
520 253
521 1
521 2
521 3
521 6
521 33
521 85
521 138
521 344
521 436
522 1
522 2
522 4
522 6
522 10
522 94
522 282
523 4
523 58
524 0
524 1
524 2
524 3
524 4
524 6
524 7
524 8
524 41
524 100
524 176
525 0
525 6
525 8
525 21
525 51
525 55
525 116
525 166
526 1
526 2
526 4
526 7
526 475
527 0
527 4
527 5
527 6
527 7
527 8
527 41
527 137
528 0
528 3
528 4
528 8
528 54
528 108
529 0
529 1
529 2
529 223
529 404
529 507
530 2
530 4
530 5
530 36
530 111
531 2
531 3
531 6
531 8
531 9
531 143
531 456
532 1
532 2
532 3
532 4
532 5
532 9
532 324
532 497
533 0
533 1
533 2
533 3
533 4
533 8
533 9
533 324
533 497
534 0
534 1
534 2
534 3
534 4
534 5
535 1
535 5
535 6
535 9
535 177
535 193
536 0
536 1
536 2
536 3
536 6
536 7
536 8
536 60
537 0
537 4
537 5
537 6
537 7
537 8
537 41
537 137
538 3
538 8
538 11
538 14
538 55
538 211
539 0
539 31
539 126
540 0
540 6
540 11
541 2
541 4
541 29
542 0
542 1
542 2
542 3
542 4
542 7
542 8
542 9
542 183
542 455
543 0
543 1
543 5
543 6
543 11
543 22
543 87
544 0
544 2
544 5
544 6
544 7
544 20
545 0
545 3
545 5
545 6
545 8
545 11
546 0
546 1
546 3
546 6
546 8
546 11
546 21
546 51
546 415
547 0
547 3
547 6
547 8
547 14
547 55
547 116
547 163
548 1
548 3
548 12
548 25
549 0
549 1
549 2
549 4
549 15
549 229
550 0
550 1
550 2
550 5
550 6
550 7
550 52
550 217
551 0
551 2
551 3
551 5
551 6
551 9
551 324
552 6
552 11
552 32
552 56
552 80
552 227
553 1
553 4
553 5
553 8
553 68
554 2
554 5
554 6
554 37
554 169
554 409
555 2
555 4
555 53
555 189
555 299
555 304
556 2
556 5
556 134
556 294
556 343
557 0
557 1
557 2
557 6
557 8
557 33
557 85
557 138
558 0
558 5
558 6
558 11
558 22
558 38
559 1
559 4
559 8
559 9
559 177
559 193
559 244
559 308
560 1
560 2
560 4
560 125
560 127
561 0
561 2
561 4
561 6
561 8
561 253
561 520
562 0
562 73
562 134
562 178
562 203
563 2
563 121
563 189
563 299
564 3
564 4
564 73
564 134
564 167
565 0
565 4
565 5
565 6
565 7
565 39
565 329
566 7
566 475
567 0
567 2
567 5
567 6
567 7
567 23
567 132
568 1
568 3
568 4
568 5
568 6
568 8
568 9
568 10
569 2
569 5
569 6
569 37
569 169
569 409
569 554
570 1
570 2
570 28
571 0
571 2
571 5
571 6
571 7
571 23
572 1
572 2
572 4
572 7
572 475
573 0
573 1
573 4
573 5
573 6
573 13
573 62
574 0
574 1
574 2
574 4
574 6
574 7
574 8
574 183
575 73
575 134
575 178
575 203
575 266
575 387
576 0
576 1
576 2
576 4
576 5
576 23
577 0
577 1
577 2
577 4
577 5
577 6
577 7
577 9
577 39
578 1
578 4
578 5
578 6
578 7
578 35
579 0
579 1
579 3
579 6
579 11
579 14
579 21
580 0
580 1
580 2
580 3
580 8
580 33
580 85
580 494
581 0
581 1
581 2
581 3
581 8
581 33
581 85
582 1
582 2
582 4
582 7
582 48
583 0
583 1
583 2
583 3
583 4
583 6
583 7
583 41
583 100
583 176
584 0
584 8
584 11
584 14
584 402
585 1
585 2
585 5
585 6
585 197
585 321
586 0
586 2
586 4
586 5
586 62
587 0
587 6
587 8
587 21
587 51
587 116
587 166
588 4
588 13
588 62
588 398
589 0
589 1
589 2
589 3
589 8
589 60
589 536
590 2
590 294
590 350
590 500
591 1
591 2
591 6
591 8
591 9
591 191
591 490
592 1
592 2
592 3
592 4
592 6
592 7
592 8
592 16
592 26
593 0
593 3
593 4
593 8
593 54
593 108
593 528
594 0
594 1
594 2
594 5
594 6
594 7
594 52
595 0
595 1
595 2
595 3
595 5
595 7
595 8
595 64
596 2
596 3
596 4
596 5
596 6
596 44
597 1
597 3
597 4
597 8
597 16
597 159
597 285
598 0
598 1
598 2
598 4
598 5
598 8
598 39
599 6
599 8
599 11
599 51
599 55
599 78
599 113
600 1
600 2
600 3
600 8
600 9
600 324
600 533
601 0
601 1
601 5
601 6
601 11
601 22
601 87
601 543
602 1
602 2
602 3
602 19
602 462
603 0
603 2
603 4
603 5
603 6
603 7
603 42
603 198
604 0
604 2
604 4
604 5
604 6
604 7
604 20
605 2
605 3
605 4
605 5
605 44
605 596
606 0
606 1
606 3
606 6
606 8
606 14
606 21
606 51
607 1
607 3
607 4
607 9
607 324
607 497
607 532
608 0
608 3
608 4
608 54
608 108
608 528
609 0
609 2
609 3
609 5
609 76
610 4
610 199
610 278
611 1
611 4
611 9
611 60
611 128
611 293
612 3
612 8
612 14
612 163
612 240
613 0
613 3
613 4
613 8
614 1
614 2
614 3
614 4
614 5
614 6
615 0
615 1
615 3
615 5
615 6
615 7
615 42
615 209
616 0
616 1
616 3
616 6
616 8
616 11
616 21
616 51
616 415
616 546
617 0
617 1
617 2
617 4
617 5
617 8
617 39
618 1
618 2
618 4
618 5
618 6
618 20
618 35
618 367
619 1
619 4
619 5
619 6
619 8
619 9
619 193
620 0
620 1
620 3
620 8
620 11
620 21
620 51
621 0
621 2
621 5
621 8
621 39
621 109
621 250
621 479
622 2
622 4
622 5
622 7
622 8
622 9
622 71
622 420
623 3
623 11
623 21
624 3
624 8
624 11
624 14
624 55
624 211
624 373
625 1
625 2
625 7
626 1
626 4
626 5
626 6
627 3
627 6
627 8
627 11
627 14
627 117
628 0
628 2
628 4
628 5
628 19
628 73
628 134
628 254
629 1
629 4
629 5
629 8
629 9
629 177
630 0
630 2
630 4
630 7
630 8
630 9
630 39
630 187
630 366
630 401
631 0
631 1
631 2
631 3
631 4
631 6
631 7
631 23
631 52
632 0
632 1
632 3
632 6
632 8
632 17
632 106
633 8
633 14
633 21
633 55
634 0
634 1
634 3
634 5
634 6
634 8
634 307
635 2
635 5
635 36
636 0
636 2
636 5
636 6
636 194
637 1
637 2
637 5
637 6
637 50
637 164
637 181
637 262
638 1
638 2
638 3
638 6
638 7
638 23
638 238
638 298
639 0
639 1
639 2
639 3
639 4
639 5
639 6
639 7
639 60
639 128
639 342
640 0
640 1
640 3
640 5
640 6
640 8
640 41
640 255
641 2
641 4
641 5
641 6
641 13
641 62
641 311
642 0
642 1
642 2
642 4
642 5
642 6
642 7
642 23
642 52
642 305
642 484
643 0
643 1
643 3
643 6
643 8
643 11
643 14
643 21
643 51
643 394
644 0
644 1
644 2
644 3
644 4
644 5
644 6
644 7
644 60
644 128
644 342
644 639
645 134
645 167
645 423
646 1
646 2
646 4
646 5
646 6
646 7
646 39
646 109
646 118
647 3
647 8
647 240
647 612
648 0
648 1
648 2
648 3
648 4
648 6
648 8
648 10
649 0
649 2
649 3
649 4
649 5
649 19
649 134
650 0
650 1
650 3
650 4
650 6
650 7
650 8
650 9
650 183
651 0
651 1
651 2
651 3
651 4
651 5
651 7
651 8
651 26
652 1
652 3
652 4
652 5
652 7
652 9
652 60
652 472
653 4
653 5
653 82
653 199
654 0
654 1
654 3
654 6
654 9
654 33
654 252
654 511
655 2
655 4
655 5
655 8
655 114
656 0
656 1
656 2
656 3
656 5
656 6
656 7
657 1
657 2
657 3
657 12
657 25
657 67
658 6
658 8
658 11
658 14
658 21
658 55
658 116
659 0
659 33
659 85
659 151
659 494
659 512
660 2
660 6
660 253
660 520
660 561
661 1
661 6
661 11
661 14
661 17
662 1
662 4
662 5
662 6
662 7
662 35
662 578
663 0
663 1
663 2
663 6
663 8
663 9
663 418
664 0
664 2
664 3
664 5
664 6
664 8
664 324
664 488
665 0
665 2
665 4
665 5
665 6
665 7
665 42
665 198
665 603
666 0
666 1
666 2
666 3
666 4
666 6
666 7
667 0
667 1
667 3
667 8
667 14
667 17
667 106
667 226
668 3
668 5
668 230
669 1
669 2
669 4
669 5
669 8
669 114
669 235
670 4
670 82
670 653
671 0
671 2
671 4
671 7
671 8
671 253
671 405
671 430
672 3
672 6
672 11
672 14
672 201
672 232
673 0
673 1
673 3
673 4
673 5
673 6
673 7
673 9
673 60
673 472
674 1
674 4
674 5
674 102
675 0
675 1
675 2
675 3
675 4
675 5
675 6
675 7
675 128
675 342
675 639
675 644
676 1
676 2
676 4
676 5
676 6
676 109
676 118
677 0
677 1
677 4
677 9
677 150
677 259
678 0
678 1
678 2
678 5
678 7
678 23
678 52
678 305
679 6
679 11
679 14
679 21
679 55
679 116
679 117
679 382
680 0
680 2
680 5
680 37
680 169
680 409
680 474
681 2
681 4
681 5
681 13
681 641
682 0
682 1
682 3
682 8
682 11
682 14
682 21
682 51
683 0
683 3
683 6
683 11
683 14
683 55
683 201
684 2
684 5
684 6
684 50
684 181
685 0
685 1
685 2
685 3
685 4
685 6
685 7
685 8
685 16
686 2
686 3
686 4
686 5
686 6
686 44
687 2
687 4
687 5
687 111
687 530
688 2
688 3
688 4
688 5
688 6
688 8
688 24
688 428
689 0
689 6
689 8
689 11
689 14
689 21
689 51
689 55
689 116
690 0
690 1
690 3
690 4
690 6
690 10
690 186
691 5
691 11
691 14
691 22
691 32
692 1
692 3
692 5
692 6
692 8
693 0
693 2
693 4
693 5
693 6
693 13
693 62
693 311
694 3
694 6
694 8
694 11
694 17
694 18
694 34
694 242
695 0
695 1
695 4
695 5
695 7
695 8
695 41
695 137
696 2
696 3
696 5
696 6
696 50
696 208
697 19
697 53
697 121
697 261
698 134
698 167
698 423
698 645
699 0
699 1
699 3
699 6
699 11
699 14
699 579
700 0
700 3
700 6
700 8
700 11
700 21
700 51
700 415
700 546
701 1
701 3
701 4
701 6
701 7
701 9
701 60
701 128
701 251
702 0
702 1
702 2
702 3
702 4
702 7
702 41
702 100
703 0
703 3
703 4
703 6
703 7
703 23
703 238
703 297
704 2
704 5
704 7
704 23
704 132
704 265
705 0
705 1
705 2
705 3
705 4
705 5
705 7
705 23
706 1
706 2
706 4
706 5
706 16
706 135
707 11
707 34
707 242
707 296
707 471
708 1
708 2
708 3
708 4
708 5
708 102
709 1
709 2
709 3
709 4
709 5
709 6
709 7
709 8
710 475
711 0
711 1
711 2
711 3
711 4
711 5
711 7
711 8
711 64
711 483
712 0
712 1
712 2
712 3
712 4
712 5
712 6
712 7
712 128
712 342
712 639
712 644
712 675
713 1
713 4
713 5
713 6
713 7
713 578
714 8
714 11
714 14
714 130
714 482
715 0
715 1
715 6
715 8
715 17
715 106
716 0
716 5
716 11
716 49
716 170
716 180
717 0
717 1
717 3
717 8
717 138
717 151
718 0
718 3
718 5
718 6
718 7
718 8
718 60
718 358
719 2
719 5
719 6
719 7
719 8
719 9
719 175
719 210
720 0
720 1
720 2
720 3
720 4
720 6
720 8
720 10
721 11
721 34
721 242
721 296
721 471
721 707
722 1
722 5
722 6
722 8
722 692
723 0
723 1
723 2
723 3
723 6
723 7
723 656
724 0
724 4
724 8
724 54
724 108
724 528
725 0
725 2
725 3
725 5
725 76
725 609
726 4
726 29
726 53
726 247
726 312
727 2
727 4
727 5
727 7
727 8
727 48
727 206
727 390
728 0
728 2
728 3
728 4
728 7
728 8
728 9
728 183
728 455
729 1
729 2
729 3
729 5
730 0
730 6
730 11
730 22
730 49
730 86
731 134
731 178
731 203
731 266
731 387
732 1
732 2
732 3
732 4
732 5
732 7
732 9
732 218
733 1
733 2
733 3
733 6
733 7
733 9
733 71
733 216
734 0
734 1
734 3
734 8
734 138
734 151
734 717
735 1
735 2
735 5
735 197
735 321
736 21
736 51
736 55
736 83
736 248
736 353
737 0
737 1
737 3
737 6
737 8
737 9
737 252
737 348
738 0
738 3
738 5
738 8
739 6
739 21
739 51
739 78
739 83
739 248
739 337
740 0
740 1
740 3
740 6
740 9
740 33
740 252
740 511
741 0
741 1
741 5
741 6
741 7
741 52
741 217
741 550
742 0
742 5
742 11
742 22
742 32
742 170
742 180
743 2
743 4
743 5
743 7
743 8
743 16
743 48
744 1
744 2
744 4
744 6
744 8
744 10
744 94
745 0
745 1
745 2
745 9
745 418
745 663
746 1
746 2
746 3
746 4
746 5
746 6
746 7
746 128
746 342
746 639
746 644
746 675
746 712
747 0
747 4
747 6
747 7
747 238
747 297
748 1
748 3
748 8
748 17
748 106
748 378
749 1
749 5
749 6
749 50
749 164
749 181
749 319
750 0
750 3
750 5
750 6
750 8
750 307
750 634
751 11
751 78
751 146
751 152
751 322
751 391
752 0
752 1
752 2
752 4
752 5
752 165
753 0
753 6
753 7
753 666
754 0
754 1
754 3
754 4
754 8
754 16
754 159
755 0
755 3
755 4
755 5
755 6
755 7
755 9
756 0
756 1
756 2
756 3
756 4
756 5
756 8
756 26
757 1
757 2
757 3
757 4
757 5
757 7
757 8
757 26
757 651
758 0
758 1
758 2
758 3
758 4
758 8
758 9
758 455
759 0
759 1
759 2
759 3
759 4
759 7
759 8
759 9
759 183
759 455
761 1
761 2
761 4
761 526
762 1
762 4
762 8
762 177
762 193
762 244
762 308
762 559
763 0
763 4
763 41
763 397
764 1
764 2
764 3
764 6
764 7
764 9
764 71
764 216
765 0
765 1
765 3
765 4
765 5
765 6
765 8
765 10
766 6
766 11
766 540
767 2
767 5
767 6
767 7
767 23
767 571
768 1
768 3
768 17
768 106
768 378
769 0
769 1
769 5
769 6
769 13
769 62
770 0
770 1
770 2
770 3
770 4
770 8
770 10
770 720
771 1
771 6
771 105
772 0
772 1
772 3
772 4
772 6
772 7
773 1
773 4
773 5
773 6
773 9
773 193
773 196
773 314
774 0
774 1
774 3
774 8
774 11
774 14
774 21
774 51
774 682
775 0
775 3
775 6
775 8
775 14
775 116
775 163
775 547
776 1
776 3
776 4
776 16
776 54
776 205
777 4
777 5
777 29
777 53
777 247
777 312
778 0
778 1
778 2
778 4
778 5
778 6
778 7
778 9
778 60
778 128
778 341
779 2
779 5
779 6
779 50
779 164
779 273
780 1
780 3
780 4
780 19
781 0
781 2
781 3
781 4
781 7
781 8
781 9
782 1
782 2
782 4
782 5
782 6
782 16
782 24
782 440
783 1
783 2
783 3
783 4
783 5
783 102
783 708
784 0
784 3
784 8
784 11
784 51
784 394
785 0
785 1
785 3
785 6
785 8
785 17
785 106
785 107
786 0
786 6
786 100
786 253
786 405
786 430
786 444
787 1
787 2
787 5
787 6
787 197
787 585
788 1
788 2
788 3
788 4
788 5
788 102
789 0
789 1
789 6
789 8
789 11
789 14
790 0
790 8
790 11
790 51
790 394
790 784
791 0
791 1
791 5
791 6
791 7
791 8
791 9
791 60
791 288
792 8
792 11
792 51
792 55
792 78
792 113
793 1
793 2
793 3
793 71
793 216
793 733
794 1
794 2
794 5
794 197
795 0
795 1
795 8
795 17
795 106
796 4
796 5
796 29
796 53
796 247
797 8
797 11
797 14
797 21
797 55
797 116
797 280
798 0
798 2
798 4
798 5
798 6
798 13
798 693
799 0
799 1
799 2
799 7
799 118
799 124
800 0
800 1
800 3
800 6
800 8
800 11
800 21
800 51
800 415
800 546
800 616
801 0
801 2
801 4
801 7
801 8
801 405
801 430
802 0
802 1
802 5
802 11
802 14
802 22
802 38
802 141
803 2
803 4
803 5
803 16
803 743
804 0
804 6
804 7
804 666
804 753
805 2
805 5
805 6
805 50
805 164
805 181
805 262
806 0
806 1
806 4
806 5
806 6
806 7
806 23
806 52
806 305
806 484
806 642
807 0
807 1
807 5
807 6
807 11
807 14
807 22
807 38
807 141
808 1
808 2
808 6
808 8
808 9
808 143
808 191
808 490
809 0
809 2
809 4
809 5
809 6
809 13
809 62
809 311
810 1
810 4
810 5
810 6
810 7
810 8
810 41
810 137
811 0
811 5
811 6
811 11
811 22
811 411
812 0
812 2
812 5
812 6
812 7
812 8
812 39
812 109
812 250
812 479
813 0
813 3
813 5
813 7
813 103
813 179
814 0
814 1
814 3
814 8
814 14
814 106
814 246
815 0
815 2
815 4
815 5
815 7
815 8
815 9
815 39
815 187
816 2
816 4
816 5
816 57
816 256
817 3
817 5
817 7
817 9
817 288
817 464
818 0
818 5
818 6
818 22
818 49
818 86
818 411
819 1
819 6
819 11
819 14
819 17
820 0
820 1
820 3
820 6
820 9
820 348
821 2
821 3
821 4
821 5
821 8
821 9
821 71
821 283
822 2
822 5
822 8
822 206
822 390
823 1
823 2
823 4
823 526
823 761
824 0
824 1
824 2
824 5
824 6
824 7
824 52
824 594
825 3
825 11
825 14
825 21
825 116
825 417
826 0
826 1
826 2
826 3
826 4
826 5
826 9
826 324
826 497
827 0
827 8
827 21
827 51
827 55
827 116
827 166
828 19
828 29
829 4
829 6
829 7
829 238
829 297
829 747
830 1
830 2
830 5
830 8
830 16
830 24
830 68
831 2
831 40
831 359
832 2
832 3
832 76
832 609
832 725
833 0
833 1
833 2
833 3
833 7
833 8
833 9
833 183
834 1
834 3
834 12
834 25
834 67
834 237
835 0
835 1
835 2
835 3
835 4
835 5
835 6
835 7
835 16
836 6
836 8
836 11
836 14
836 21
836 55
836 117
836 382
837 1
837 2
837 3
837 4
837 5
837 6
837 192
838 8
838 11
838 14
838 21
838 55
838 116
838 280
838 797
839 0
839 3
839 6
839 8
839 11
839 14
839 51
839 55
840 1
840 3
840 5
840 7
840 8
840 41
840 255
841 2
841 3
842 5
842 19
842 330
842 462
842 491
843 0
843 1
843 2
843 3
843 8
843 60
843 536
843 589
844 0
844 1
844 2
844 3
844 4
844 5
844 7
844 23
844 52
845 8
845 11
845 14
845 55
845 116
845 117
846 1
846 6
846 8
846 9
846 191
846 490
847 0
847 1
847 3
847 4
847 6
848 0
848 1
848 2
848 3
848 4
848 5
848 7
848 52
848 844
849 1
849 2
849 3
849 4
849 5
850 0
850 1
850 2
850 4
850 5
850 6
850 7
850 23
850 52
850 217
851 0
851 1
851 2
851 4
851 5
851 6
851 7
851 23
851 52
852 1
852 3
852 4
852 8
852 16
852 159
852 285
853 0
853 1
853 2
853 6
853 8
853 33
853 85
853 138
853 557
854 1
854 2
854 3
854 23
854 238
854 298
854 638
855 1
855 4
855 7
855 475
856 0
856 2
856 6
856 8
856 85
856 138
857 6
857 8
857 11
857 14
857 482
858 0
858 6
858 405
858 430
858 444
858 786
859 1
859 6
859 8
859 11
859 17
859 219
860 0
860 1
860 2
860 4
860 6
860 7
860 8
860 9
860 39
861 0
861 1
861 2
861 3
861 4
861 8
861 324
861 497
861 533
862 2
862 5
862 134
862 294
862 343
862 556
863 0
863 8
863 11
863 51
863 394
863 784
863 790
864 4
864 5
864 6
864 7
865 0
865 1
865 2
865 5
865 6
865 7
865 52
865 594
866 2
866 3
866 102
866 708
867 0
867 6
867 8
867 14
867 21
867 51
867 55
867 689
868 1
868 2
868 4
868 6
868 7
868 41
868 279
869 0
869 1
869 7
869 118
869 124
869 799
870 1
870 3
870 4
870 16
870 54
870 205
871 0
871 1
871 3
871 6
871 9
871 33
871 252
871 511
871 740
872 0
872 1
872 2
872 8
872 33
872 85
872 151
872 494
873 2
873 3
873 4
873 5
873 6
873 8
874 2
874 5
874 6
874 7
874 132
874 265
875 2
875 76
875 609
875 725
875 832
876 0
876 1
876 2
876 427
877 0
877 178
877 203
878 40
878 359
879 0
879 3
879 6
879 41
879 255
879 640
880 1
880 2
880 3
880 5
880 102
880 271
881 1
881 3
881 17
881 106
881 378
881 768
882 1
882 2
882 3
882 4
882 5
882 6
882 16
883 1
883 2
883 5
883 6
883 7
883 109
883 118
883 124
884 0
884 6
884 14
884 22
884 87
884 234
885 297
885 829
886 1
886 4
886 6
886 8
886 10
887 0
887 3
887 4
887 8
887 613
888 5
888 6
888 7
888 20
888 604
889 1
889 2
889 4
889 5
889 6
889 16
889 882
890 8
890 11
890 14
890 21
890 117
890 457
891 1
891 2
891 5
891 6
891 197
891 321
892 1
892 2
892 6
892 8
892 9
893 2
893 3
893 76
893 609
893 725
893 832
894 1
894 5
894 6
894 197
894 321
894 891
895 0
895 6
895 8
895 11
895 14
895 112
896 0
896 3
896 6
896 7
896 23
896 238
896 297
897 0
897 3
897 14
897 55
897 201
897 683
898 2
898 5
898 197
898 735
899 0
899 6
899 8
899 21
899 51
899 166
899 587
900 0
900 2
900 3
900 4
900 5
900 8
900 26
900 756
901 0
901 1
901 3
901 4
901 6
901 9
901 33
901 252
902 0
902 1
902 2
902 3
902 4
902 6
902 7
902 41
902 100
902 176
903 338
903 347
904 1
904 4
904 5
904 6
904 8
904 9
904 193
904 619
905 4
905 8
905 9
905 177
905 193
905 244
906 6
906 11
906 14
906 117
906 627
907 0
907 1
907 3
907 14
907 21
907 51
908 3
908 6
908 8
908 11
908 14
908 117
908 627
909 1
909 4
909 8
909 114
909 125
910 0
910 6
910 7
910 753
910 804
911 0
911 1
911 3
911 4
911 5
911 7
911 9
911 60
911 128
912 0
912 1
912 2
912 4
912 5
912 7
912 8
912 64
912 711
913 1
913 2
913 3
913 4
913 5
913 6
913 8
913 9
913 71
913 175
914 0
914 1
914 2
914 4
914 19
914 29
915 2
915 3
915 76
915 609
915 725
915 832
916 1
916 2
916 3
916 4
916 6
916 7
916 60
916 128
916 251
917 2
917 3
917 4
917 5
917 44
917 596
917 605
918 0
918 1
918 11
918 22
918 87
919 2
919 3
919 6
919 7
919 8
919 9
919 60
919 464
920 1
920 2
920 6
920 197
920 321
920 585
921 1
921 2
921 3
921 4
921 7
921 9
921 218
921 732
922 0
922 1
922 4
922 8
922 39
922 598
923 0
923 5
923 11
923 22
923 32
923 49
923 170
923 318
924 0
924 1
924 2
924 3
924 6
924 8
924 41
924 100
924 176
925 1
925 2
925 4
925 5
925 8
925 114
925 235
925 669
926 2
926 3
926 5
926 6
926 50
926 208
927 1
927 4
927 5
927 6
927 8
927 193
927 619
928 1
928 4
928 9
928 177
928 193
928 559
929 0
929 3
929 8
929 11
929 14
929 51
929 55
930 0
930 6
930 41
930 255
930 640
930 879
931 2
931 5
931 7
931 8
931 39
931 109
931 250
931 479
931 812
932 0
932 4
932 5
932 6
932 7
932 8
932 41
932 137
933 1
933 5
933 197
933 321
933 891
933 894
934 0
934 1
934 3
934 6
934 8
934 11
934 17
934 18
935 1
935 2
935 4
935 6
935 7
935 41
935 868
936 0
936 1
936 3
936 4
936 8
936 9
936 497
936 533
937 3
937 5
937 6
937 60
937 358
937 718
938 55
938 83
938 248
938 399
939 1
939 2
939 5
939 6
939 321
940 0
940 1
940 3
940 11
940 14
940 21
940 51
940 269
941 0
941 1
941 3
941 6
941 8
941 11
941 14
941 21
942 3
942 6
942 11
942 14
942 232
942 672
943 0
943 6
943 8
943 21
943 51
943 166
943 587
944 1
944 59
945 0
945 6
945 8
945 11
945 21
945 51
945 55
945 116
946 2
946 3
946 23
946 238
946 298
946 638
946 854
947 0
947 4
947 5
947 6
947 7
947 9
947 39
948 6
948 21
948 51
948 78
948 83
948 248
948 739
949 1
949 2
949 3
949 7
949 8
949 9
949 183
949 833
950 0
950 1
950 2
950 223
950 404
950 507
951 0
951 3
951 6
951 8
951 55
951 116
951 163
951 547
952 1
952 4
952 7
952 8
952 26
953 1
953 6
953 8
953 11
953 17
953 487
954 0
954 1
954 3
954 8
954 11
954 17
954 18
955 0
955 5
955 6
955 11
955 22
955 411
955 811
956 0
956 5
956 11
956 22
956 32
956 49
956 170
956 249
956 258
957 0
957 1
957 5
957 6
957 11
957 14
957 38
957 141
958 4
958 5
958 111
959 2
959 3
959 4
959 5
959 596
959 605
960 1
960 4
960 9
960 177
960 193
960 340
961 0
961 1
961 3
961 6
961 7
961 41
961 100
961 176
961 583
962 0
962 1
962 3
962 6
962 9
962 252
962 511
963 1
963 4
963 9
964 4
964 5
964 111
964 530
964 687
965 2
965 3
965 4
965 5
965 144
966 0
966 1
966 2
966 3
966 4
966 6
966 7
966 9
966 281
967 1
967 2
967 3
967 4
967 5
967 7
967 23
967 42
967 209
968 0
968 8
968 11
968 14
968 21
968 51
968 55
968 116
968 689
969 0
969 8
969 112
969 213
969 224
970 4
970 6
970 10
970 94
970 282
971 1
971 4
971 8
971 177
971 193
971 244
971 308
971 559
972 0
972 1
972 6
972 8
972 17
972 106
972 715
973 1
973 2
973 3
973 4
973 6
973 7
973 60
973 128
974 3
974 156
974 361
975 11
975 78
975 152
975 322
975 391
975 751
976 0
976 1
976 2
976 3
976 4
976 7
976 100
976 702
977 0
977 1
977 3
977 4
977 8
977 16
977 159
977 754
978 0
978 3
978 6
978 8
978 55
978 116
978 547
978 951
979 0
979 6
979 8
979 11
979 14
979 21
979 51
979 55
979 116
980 1
980 2
980 6
980 8
980 9
980 143
980 191
980 490
980 808
981 1
981 2
981 3
981 4
981 5
981 6
981 7
981 128
981 342
981 639
981 644
981 675
981 712
981 746
982 4
982 73
982 167
982 178
982 215
983 0
983 1
983 2
983 7
983 118
983 124
983 799
984 1
984 2
984 3
984 4
984 6
984 8
984 94
985 0
985 1
985 5
985 11
985 142
986 1
986 2
986 4
986 5
986 352
987 2
987 4
987 5
987 7
987 8
987 16
988 0
988 6
988 23
989 0
989 1
989 4
989 5
989 9
989 60
990 0
990 1
990 2
990 3
990 33
990 85
990 138
990 344
991 1
991 3
991 4
991 19
991 31
991 126
991 188
992 0
992 1
992 2
992 3
992 4
992 5
992 6
992 7
992 8
993 0
993 1
993 2
993 3
993 4
993 5
993 6
993 23
994 6
994 51
994 55
994 78
994 83
994 248
994 353
995 2
995 3
995 4
995 5
995 44
995 596
995 605
995 917
996 0
996 1
996 5
996 11
996 14
996 22
996 38
997 0
997 1
997 5
997 13
997 62
997 769
998 0
998 1
998 3
998 6
998 8
998 252
998 348
999 8
999 11
999 21
999 51
999 78
999 83
