1 0
2 0
2 1
3 0
3 1
3 2
4 0
4 1
4 2
4 3
5 0
5 1
5 2
5 3
5 4
6 0
6 1
6 2
6 3
6 4
6 5
7 0
7 1
7 2
7 3
7 4
7 5
7 6
8 0
8 1
8 2
8 3
8 4
8 5
8 6
8 7
9 0
9 1
9 2
9 3
9 4
9 5
9 6
9 7
9 8
10 0
10 1
10 2
10 3
10 4
10 5
10 6
10 7
10 8
11 0
11 1
11 2
11 3
11 5
12 0
12 2
12 3
12 4
12 5
12 6
12 7
13 0
13 1
13 2
14 0
14 1
14 2
14 3
14 4
14 5
14 6
14 8
15 1
15 2
15 3
15 4
15 5
16 0
16 1
16 2
16 3
16 4
16 5
16 6
17 0
17 2
17 3
17 4
17 5
17 6
17 7
17 9
18 2
18 3
18 4
18 5
18 6
18 8
19 1
19 2
19 4
20 1
20 2
20 3
20 4
20 5
21 0
21 1
21 2
21 3
21 4
21 5
22 0
22 1
22 2
22 3
22 4
22 5
22 6
23 2
23 3
23 4
23 5
23 6
23 7
24 0
24 1
24 2
24 3
24 21
25 1
25 3
25 5
26 0
26 1
26 3
26 4
26 5
26 6
26 7
26 8
26 10
27 5
28 1
28 2
28 4
29 0
29 1
29 2
29 3
29 4
29 6
29 7
30 0
30 1
30 3
30 5
30 6
30 7
30 8
31 0
31 1
31 2
31 3
31 4
31 6
31 8
32 0
32 2
32 3
32 4
32 6
33 0
33 1
33 4
33 5
33 6
33 7
33 8
33 10
33 26
34 1
34 2
34 3
35 0
35 1
35 3
35 4
35 5
35 6
35 8
36 0
36 1
36 2
36 4
36 5
36 6
37 1
37 2
37 3
37 4
37 5
37 6
38 2
38 3
38 4
38 5
38 6
38 7
39 0
39 1
39 2
39 3
39 6
40 0
40 2
40 4
40 6
40 7
40 9
41 1
41 4
42 1
42 4
42 28
43 0
43 1
43 4
43 5
43 6
43 7
43 8
43 10
43 26
44 0
44 1
44 3
44 5
45 2
45 3
45 4
45 5
46 1
46 2
46 4
46 5
46 6
46 7
46 8
47 0
47 1
47 3
47 4
47 5
47 6
48 0
48 1
48 4
48 5
48 6
48 7
48 8
48 26
48 33
49 1
49 2
49 4
49 5
49 6
49 7
49 8
49 46
50 0
50 2
50 3
50 4
50 5
50 6
51 1
51 2
51 4
51 5
51 6
51 7
51 46
51 49
52 2
52 3
53 1
53 5
54 0
54 1
54 3
54 5
54 6
54 8
55 0
55 1
55 2
55 3
55 4
55 5
55 6
55 8
56 0
56 3
56 5
56 6
57 0
57 1
57 4
57 5
57 6
57 7
57 8
57 10
57 26
58 0
58 1
58 2
59 0
59 2
59 4
59 9
59 40
60 0
60 1
60 4
60 5
60 7
60 8
60 10
60 26
61 2
61 3
62 1
62 2
62 4
62 5
62 7
63 0
63 1
63 3
63 5
63 7
63 8
64 0
64 2
64 3
64 4
64 5
64 6
64 7
64 9
65 0
65 1
65 2
65 3
65 4
65 5
65 7
66 0
66 1
66 4
66 5
66 6
67 0
67 1
67 5
67 6
67 8
67 26
67 33
68 0
68 1
68 4
68 5
68 26
69 0
69 2
69 3
69 5
69 6
69 7
69 9
70 0
70 3
70 6
70 56
71 0
71 1
71 2
71 3
72 0
72 1
72 5
72 7
72 10
72 26
72 60
73 0
73 1
73 2
73 4
73 5
73 6
73 7
73 8
73 9
74 0
74 3
74 4
74 6
75 0
75 1
75 4
75 5
75 6
75 7
75 8
75 26
75 33
76 1
76 2
76 3
76 5
77 1
77 2
77 4
77 5
77 6
77 7
77 49
78 1
78 2
78 5
78 6
78 7
78 8
79 0
79 2
79 3
79 4
79 5
79 6
80 0
80 1
80 2
80 4
80 5
80 6
80 7
80 8
81 1
81 5
81 6
82 0
82 1
82 2
82 3
82 5
82 6
82 7
82 8
83 0
83 2
83 4
83 5
83 6
83 50
84 0
84 1
84 2
84 5
84 6
84 8
84 82
85 1
85 2
85 3
85 5
85 6
85 7
85 8
86 0
86 3
86 4
86 5
86 6
86 7
86 9
87 0
87 3
87 5
88 0
88 4
88 5
88 6
89 0
89 2
89 5
89 6
89 7
89 9
90 0
90 1
90 2
90 3
90 5
90 6
90 7
90 8
91 0
91 4
91 6
91 50
91 83
92 0
92 3
92 5
92 6
92 8
93 0
93 2
93 6
93 7
93 9
94 0
94 1
94 4
94 7
94 8
94 26
95 0
95 2
95 5
95 6
95 50
95 83
96 1
96 3
96 4
96 5
96 6
96 7
96 8
97 1
97 2
97 4
97 5
97 6
97 7
97 8
97 46
98 0
98 2
98 3
98 4
98 6
98 32
99 0
99 1
99 5
99 6
99 8
99 82
100 2
100 3
100 4
100 32
101 2
101 3
101 4
101 32
102 0
102 1
102 2
102 3
102 5
102 6
102 8
103 2
103 3
103 5
104 0
104 1
104 5
104 6
104 8
104 26
104 33
105 0
105 4
105 9
105 40
106 1
106 2
106 4
106 5
106 6
106 36
107 0
107 1
107 2
107 58
108 2
108 3
108 4
108 5
108 6
108 7
108 38
109 1
109 2
109 5
109 6
109 7
109 8
109 46
110 0
110 1
110 2
110 4
110 5
110 6
110 7
110 8
110 9
111 0
111 3
111 5
111 6
111 8
112 1
112 2
112 4
112 7
112 46
112 49
113 2
113 3
113 4
114 1
114 2
114 3
114 5
115 1
115 2
115 5
115 6
115 7
116 0
116 2
116 3
116 4
116 5
117 2
117 3
117 4
117 5
117 6
117 7
118 0
118 2
118 3
118 4
118 6
118 7
118 12
119 0
119 1
119 2
119 3
119 5
119 6
119 8
120 1
120 5
121 0
121 1
121 2
121 4
121 5
121 6
121 8
121 80
122 0
122 3
122 5
123 2
123 3
123 4
123 5
123 7
124 0
124 1
124 2
124 5
124 8
124 82
125 1
125 2
125 3
125 4
125 5
125 6
126 0
126 1
126 3
126 4
126 7
127 0
127 2
127 4
127 6
127 7
127 12
128 1
128 2
128 4
128 5
128 6
128 7
128 8
129 0
129 1
129 3
129 5
129 7
129 8
130 0
130 1
130 2
130 3
130 4
131 1
131 2
131 4
131 46
131 49
132 0
132 1
132 3
132 4
132 5
132 6
132 8
133 0
133 1
133 2
133 4
133 5
133 6
133 7
133 9
134 2
134 4
134 5
134 6
134 7
135 0
135 2
135 5
135 7
135 9
136 0
136 2
136 3
136 4
136 5
136 6
136 7
137 1
137 3
137 4
137 5
137 6
138 1
138 2
138 3
138 4
138 5
139 0
139 1
139 2
139 3
139 5
139 8
139 119
140 0
140 1
140 5
140 68
141 0
141 1
141 3
141 4
141 5
141 6
141 22
142 0
142 1
142 3
142 4
142 5
142 6
142 22
143 0
143 1
143 4
143 5
144 0
144 1
144 2
144 4
144 5
144 6
144 8
145 2
145 5
145 9
145 135
146 0
146 2
146 4
146 5
146 144
147 0
147 5
147 6
147 8
147 54
148 0
148 2
148 3
148 4
148 6
149 0
149 2
149 9
149 40
149 59
150 0
150 1
150 4
150 5
150 6
150 22
151 0
151 1
151 2
151 3
151 4
151 5
151 6
151 7
151 8
152 0
152 1
152 2
152 3
152 5
152 6
152 8
153 1
153 2
153 7
153 8
153 46
154 0
154 8
155 1
155 2
155 3
155 5
155 8
155 119
155 139
156 0
156 1
156 3
156 4
156 5
156 6
156 7
156 8
157 0
157 2
157 3
157 4
157 6
157 7
158 0
158 1
158 2
158 3
158 4
158 5
158 6
158 7
158 8
159 0
159 1
159 2
159 3
160 0
160 1
160 5
160 26
160 68
161 1
161 2
161 4
161 5
161 6
161 7
161 8
161 46
162 0
162 1
162 2
163 1
163 2
163 3
163 4
163 5
163 6
164 0
164 1
164 2
164 3
164 5
164 6
164 8
164 14
165 0
165 1
165 2
165 21
166 0
166 5
166 8
167 2
167 3
167 4
168 0
168 3
168 6
168 9
169 5
169 120
170 0
170 1
170 2
170 5
170 8
170 82
171 0
171 1
171 3
171 4
171 5
171 6
171 8
171 10
172 0
172 1
172 2
172 3
172 6
172 7
173 1
173 2
173 6
173 7
174 0
174 1
174 2
174 3
174 5
174 6
174 7
174 8
174 82
175 0
175 1
175 2
175 4
175 5
175 6
175 7
176 0
176 1
176 5
176 6
176 7
177 0
177 1
177 4
177 6
177 22
178 3
178 4
179 0
179 2
179 3
179 4
179 6
179 7
179 8
179 10
180 0
180 1
180 3
180 21
181 0
181 1
181 3
181 4
181 5
181 6
182 2
182 3
182 4
182 5
182 6
182 8
183 2
183 3
183 6
184 2
184 3
184 4
184 5
184 8
185 0
185 1
185 5
185 6
185 8
185 26
185 33
186 0
186 4
186 5
186 6
186 8
187 0
187 2
187 4
187 5
188 0
188 5
188 6
188 8
188 26
188 33
188 185
189 0
189 3
189 4
189 5
189 6
189 8
189 10
190 1
190 2
190 58
191 1
191 3
191 4
191 5
191 7
191 8
192 0
192 4
192 40
193 2
193 3
193 4
193 5
193 6
193 8
193 9
194 0
194 1
194 3
194 4
194 5
194 6
194 7
195 0
195 1
195 3
195 4
195 5
195 6
196 0
196 2
196 3
196 4
196 6
196 32
196 98
197 0
197 1
197 2
197 3
197 6
197 7
197 8
197 82
198 0
198 2
198 4
198 5
198 6
198 7
199 5
199 6
200 1
200 2
200 4
200 5
200 6
200 7
200 8
201 0
201 1
201 4
201 5
201 6
202 2
202 5
203 0
203 1
203 2
203 3
203 4
203 5
203 6
203 8
204 0
204 2
204 4
204 5
204 6
204 7
204 9
205 1
205 2
205 3
205 4
206 0
206 40
206 192
207 1
207 4
207 7
207 46
207 112
208 0
208 1
208 2
208 4
208 6
208 7
208 8
209 1
209 2
209 3
209 5
209 8
209 139
210 3
210 4
210 5
210 7
210 8
211 1
211 2
211 4
211 5
211 6
211 7
211 8
212 0
212 4
212 5
212 6
212 8
213 0
213 1
213 2
213 3
213 4
213 5
214 1
214 7
214 46
214 112
214 207
215 2
215 3
215 4
215 32
216 2
216 3
216 4
216 5
216 6
216 7
217 0
217 1
217 2
217 5
217 6
217 7
218 1
218 4
218 5
218 6
218 7
218 49
219 0
219 1
219 4
219 5
219 201
220 0
220 2
220 4
220 5
220 6
220 7
220 8
220 9
221 0
221 1
221 3
221 4
221 5
221 6
221 7
221 10
222 1
222 3
222 4
222 7
222 8
223 1
223 2
223 3
223 4
223 5
224 1
224 4
224 7
224 8
224 222
225 4
225 5
225 6
225 7
225 9
225 86
226 0
226 2
226 3
226 4
226 6
227 0
227 2
227 4
227 5
227 9
228 1
228 2
228 4
228 5
228 6
228 8
229 0
229 2
229 4
229 5
229 6
229 8
229 80
230 0
230 2
230 3
230 4
230 5
230 6
230 7
231 0
231 1
231 4
231 5
231 201
232 1
232 4
232 5
232 6
232 7
232 8
232 46
232 49
233 1
233 2
234 0
234 1
234 2
234 3
234 4
234 6
234 7
234 29
235 0
235 2
235 4
235 6
235 7
235 8
235 73
236 5
236 120
237 1
237 3
237 21
238 0
238 1
238 7
238 10
238 26
238 60
239 0
239 1
239 4
239 5
239 6
239 22
240 1
240 5
240 26
240 68
241 1
241 2
242 0
242 1
242 2
242 4
242 5
242 6
242 7
242 9
243 0
243 2
243 3
243 5
243 6
244 0
244 1
244 4
244 5
244 6
244 7
244 8
245 0
245 2
245 6
245 8
246 0
246 1
246 4
246 5
246 6
247 0
247 1
247 2
247 4
247 5
247 6
247 7
247 8
248 0
248 1
248 2
248 3
248 4
248 5
248 21
249 2
249 4
249 6
249 7
249 12
249 118
250 2
250 3
250 4
250 6
250 7
251 0
251 1
251 3
251 4
251 5
251 6
251 7
252 2
252 3
252 4
252 6
252 7
253 0
253 2
253 4
253 5
253 6
254 1
254 2
254 4
254 6
254 36
254 106
255 1
255 2
255 5
255 6
255 7
256 1
256 2
256 3
256 21
256 24
257 0
257 1
257 3
257 4
257 5
257 8
258 5
258 9
258 145
259 0
259 6
259 9
260 0
260 2
260 3
260 5
260 6
260 7
260 9
261 0
261 1
261 4
261 5
261 8
261 10
261 26
262 0
262 1
262 5
262 8
262 82
263 0
263 3
263 5
263 11
264 0
264 1
264 3
264 5
265 0
265 2
265 3
265 4
265 196
266 0
266 1
266 3
266 4
266 5
266 6
267 4
267 5
267 7
267 9
267 86
268 0
268 4
268 6
268 50
268 83
269 0
269 1
269 7
269 26
269 238
270 0
270 1
270 3
270 4
270 5
270 6
271 0
271 1
271 2
271 3
271 6
271 8
271 197
272 2
272 3
272 4
272 5
272 6
273 0
273 4
273 5
274 2
274 4
274 5
274 6
275 0
275 2
275 3
275 5
275 6
275 7
275 8
275 82
276 0
276 1
276 3
276 4
276 5
276 6
276 195
277 0
277 1
277 2
277 5
277 248
278 0
278 6
278 56
278 70
279 0
279 2
279 3
279 4
279 6
279 8
279 10
280 0
280 2
280 4
280 6
281 4
281 6
282 0
282 2
282 4
282 5
282 6
282 7
282 8
283 3
284 0
284 1
284 3
284 5
285 0
285 1
285 4
285 6
285 7
285 8
285 10
285 26
286 2
286 3
286 5
286 8
287 1
287 7
287 8
287 222
287 224
288 2
288 4
288 6
288 7
289 0
289 4
289 5
289 273
290 1
290 5
290 6
290 8
290 26
291 1
291 4
291 7
291 8
292 1
292 2
292 3
292 5
292 8
293 0
293 1
293 2
293 5
293 8
293 82
294 1
294 3
294 5
294 6
294 181
295 1
295 4
295 5
295 223
296 0
296 4
296 5
297 1
297 3
297 5
298 0
298 1
298 2
298 4
298 5
298 6
298 8
299 0
299 1
299 4
299 5
299 6
300 1
300 3
300 4
300 6
300 7
300 8
301 0
301 2
301 4
301 5
302 0
302 2
302 3
302 6
302 7
302 8
302 10
303 0
303 1
303 2
303 3
303 5
303 6
303 8
304 0
304 2
304 4
304 6
305 1
305 21
306 2
306 6
306 118
307 0
307 1
307 2
307 3
307 5
307 6
307 7
307 8
308 0
308 1
308 2
308 3
308 4
308 5
308 6
308 7
308 8
309 0
309 1
309 2
309 3
309 5
309 6
309 7
309 8
310 2
310 3
310 4
310 6
310 252
311 0
311 1
311 2
311 6
311 7
311 8
312 1
312 2
312 3
312 4
312 5
313 0
313 2
313 4
313 5
313 6
313 7
313 8
314 0
314 1
314 2
314 4
314 5
314 6
314 7
315 0
315 4
315 5
315 6
315 9
316 0
316 3
316 4
316 5
316 6
316 16
317 1
317 2
317 5
317 6
317 7
317 8
317 85
318 1
318 2
318 5
318 6
318 7
318 8
319 1
319 3
319 4
319 5
319 6
319 195
320 0
320 1
320 4
320 5
320 6
320 7
320 8
320 26
320 33
321 0
321 1
321 4
321 6
321 7
321 10
321 26
322 1
322 2
322 3
322 4
322 5
322 6
323 2
323 3
323 5
323 6
323 7
323 8
324 0
324 1
324 4
324 5
324 6
324 22
325 1
325 3
325 4
325 8
326 0
326 2
326 3
326 4
326 6
326 8
326 10
327 1
327 3
327 5
327 6
328 0
328 1
328 2
328 3
328 4
328 8
329 4
329 5
329 7
329 210
330 0
330 3
330 5
330 284
331 0
331 1
331 2
331 3
331 4
332 6
333 0
333 2
333 3
333 5
333 6
333 8
334 1
334 7
334 26
334 238
335 0
335 1
335 4
335 6
336 0
336 5
336 6
336 9
337 0
337 1
337 4
337 6
337 22
338 0
338 2
338 3
338 6
338 32
338 98
339 0
339 1
339 2
339 3
339 5
339 6
339 7
339 8
340 5
340 7
340 9
340 86
341 0
341 2
341 4
341 6
341 7
341 9
342 1
342 5
342 7
342 10
342 26
342 60
342 72
343 0
343 2
343 3
343 4
343 6
343 7
343 12
344 1
344 4
344 5
344 7
344 62
345 0
345 1
345 4
345 5
345 8
345 10
345 26
346 1
346 2
346 7
346 46
346 49
347 1
347 3
347 5
347 6
347 8
347 10
348 0
348 2
348 3
348 4
348 32
348 98
349 2
349 3
349 4
350 0
350 4
350 6
350 50
350 83
351 0
351 1
351 3
351 4
351 5
351 6
351 8
351 35
352 1
352 4
352 5
352 6
352 22
352 239
353 1
353 2
353 5
353 7
353 8
353 85
354 4
354 7
354 329
355 5
355 6
355 9
356 2
356 5
356 7
356 9
357 0
357 4
357 5
357 6
357 7
357 8
357 9
358 0
358 4
358 5
359 0
359 1
359 5
359 6
360 2
360 4
360 7
361 2
361 4
361 46
361 131
362 0
362 2
362 3
362 6
362 7
362 9
363 0
363 2
363 3
363 5
363 7
363 8
364 0
364 1
364 4
364 5
364 6
365 0
365 2
365 6
365 7
365 9
366 1
366 5
366 6
366 8
366 26
366 290
367 0
367 1
367 3
367 5
368 3
368 4
368 5
369 2
369 3
369 4
369 5
369 6
369 8
370 1
370 3
370 4
370 5
370 6
370 195
371 3
371 5
371 6
371 8
372 0
372 3
372 6
373 1
373 2
373 107
374 0
374 2
374 5
374 6
374 82
375 0
375 1
375 2
375 3
375 6
375 197
375 271
376 2
376 5
376 6
377 0
377 1
377 5
377 6
377 8
377 33
378 2
378 5
378 6
379 0
379 1
379 3
379 4
379 5
379 6
379 194
380 0
380 1
380 2
380 5
380 6
380 8
380 82
381 3
381 4
381 349
382 0
382 1
382 4
382 5
382 8
382 26
382 33
382 320
383 3
383 5
383 11
384 4
384 5
384 295
385 0
385 2
386 0
386 2
386 4
386 6
386 7
386 8
386 10
386 179
387 0
387 2
387 3
387 6
387 7
387 8
388 7
389 4
389 7
389 8
390 0
390 2
390 3
390 32
390 98
391 2
391 3
391 4
391 5
391 6
391 7
392 0
392 4
392 5
392 6
392 7
392 9
393 1
393 2
393 3
393 4
393 5
393 6
393 8
394 1
394 3
394 4
394 6
395 2
395 4
395 46
396 0
396 1
396 4
396 5
396 194
397 0
397 1
397 2
397 5
397 8
397 82
397 380
398 1
398 2
398 4
398 5
398 7
398 8
399 0
399 2
399 3
399 4
399 6
399 7
399 157
400 0
400 2
400 5
400 6
400 7
400 8
401 0
401 1
401 3
401 7
402 1
402 5
403 1
403 4
404 0
404 3
404 6
405 0
405 2
405 3
405 4
405 5
405 6
405 7
405 8
405 9
406 0
406 2
406 4
406 6
406 7
406 8
406 73
406 235
407 0
407 2
407 3
407 5
407 6
407 243
408 0
409 2
409 4
409 5
409 50
409 83
410 388
411 5
412 5
412 7
412 9
413 0
413 1
413 2
413 3
413 4
413 8
414 0
414 4
414 5
414 273
415 1
415 2
415 5
415 6
415 7
416 0
416 3
416 4
417 0
417 2
417 3
417 5
417 6
417 7
417 8
417 9
418 1
418 4
418 5
418 8
418 10
418 26
418 261
419 0
419 1
419 4
419 5
419 8
419 26
420 0
420 1
420 4
420 5
420 6
420 7
420 8
420 26
420 33
420 320
421 0
421 4
421 6
421 7
421 8
421 73
421 235
422 0
422 1
422 2
422 3
422 4
422 6
423 0
423 1
423 5
423 6
423 22
423 239
424 40
424 192
425 0
425 3
425 4
425 6
425 8
425 10
426 2
426 3
426 6
426 7
426 8
427 0
427 1
427 2
427 3
427 6
428 0
428 5
428 273
429 1
429 21
429 24
430 0
430 2
430 4
430 130
431 0
431 1
431 2
431 3
431 4
431 5
431 6
432 0
432 1
432 3
432 4
432 5
433 1
433 3
433 4
434 2
434 3
434 6
434 32
435 2
435 3
435 4
435 5
435 6
436 1
436 3
436 5
436 7
436 8
437 2
437 3
437 5
437 6
437 216
438 1
438 5
438 6
438 8
438 26
438 290
439 5
441 2
441 3
441 4
441 5
441 8
442 2
442 4
442 6
442 7
443 0
443 2
443 6
443 7
443 9
444 2
444 3
444 4
444 8
445 2
445 4
445 6
445 7
445 9
446 0
446 1
446 3
446 6
447 0
447 1
447 3
447 4
447 5
447 6
447 7
447 251
448 1
448 4
448 5
448 7
448 8
448 46
449 2
449 4
449 7
450 1
450 7
450 8
450 46
451 1
451 2
451 3
451 4
451 8
452 1
452 2
452 3
452 5
452 8
453 0
453 2
453 6
453 7
454 2
454 4
454 8
454 444
455 1
455 3
455 21
456 0
456 1
456 3
456 4
456 5
456 6
456 7
456 251
456 447
457 1
457 3
457 6
457 7
458 1
458 2
458 5
458 6
458 415
459 0
459 1
459 5
459 6
459 359
460 1
460 3
460 6
460 446
461 2
461 4
461 6
461 7
461 8
461 46
462 0
462 2
462 3
462 5
462 6
462 7
462 8
463 0
463 1
463 2
463 4
463 6
463 8
463 80
463 121
464 0
464 2
464 3
464 4
464 8
465 0
465 5
465 6
465 8
465 26
465 33
465 104
466 0
466 2
466 3
466 4
466 5
466 6
466 7
466 8
467 2
468 0
468 1
468 7
468 8
468 26
468 94
469 2
469 4
469 5
469 6
469 7
469 9
470 0
470 1
470 3
470 4
470 5
470 6
470 7
471 1
471 4
471 6
471 7
471 8
471 46
471 49
472 2
472 5
472 9
472 135
473 0
473 1
473 4
473 5
474 0
474 1
474 4
474 6
474 22
475 0
475 1
475 6
475 22
476 1
476 2
476 3
476 4
476 6
476 8
476 55
477 2
477 3
477 4
477 6
477 226
478 1
478 3
478 4
478 5
478 7
478 8
478 10
479 2
479 4
479 6
479 32
479 98
480 0
480 9
480 40
481 1
481 6
481 8
482 0
482 2
482 3
482 4
482 5
482 6
482 7
482 9
483 0
483 3
483 4
483 7
483 157
484 1
484 2
484 3
485 0
485 1
485 2
485 4
485 5
485 6
485 7
486 1
486 2
486 6
486 7
487 1
487 2
488 5
488 169
489 0
489 5
489 7
490 0
490 5
490 11
491 4
491 8
491 73
491 235
492 0
492 4
492 5
492 6
492 8
493 1
493 4
493 5
493 26
493 33
493 320
494 0
494 1
494 2
494 3
494 5
494 8
494 14
495 0
495 5
495 6
495 9
496 0
496 1
496 3
496 4
496 5
496 6
496 8
497 3
497 4
497 5
497 8
497 210
498 1
498 2
498 3
498 4
498 6
498 322
499 0
499 3
499 4
499 6
499 7
499 157
500 2
500 7
500 9
500 93
501 0
501 5
501 6
501 8
501 26
501 33
501 185
502 0
502 2
502 4
502 348
503 2
503 4
503 50
503 83
503 409
504 2
504 3
504 4
504 5
505 2
505 4
505 50
505 83
506 0
506 1
506 2
506 4
506 7
506 485
507 2
507 4
507 46
508 0
508 1
508 2
508 4
508 5
508 6
508 7
508 8
508 9
509 0
509 1
509 4
509 5
509 6
509 66
510 4
510 5
511 2
511 3
511 4
511 6
511 7
512 1
512 2
512 3
512 5
512 6
513 1
513 4
513 6
513 7
513 8
513 26
513 33
514 1
514 2
514 4
514 5
514 6
514 7
514 8
514 46
515 0
515 2
515 3
515 5
515 6
515 7
516 0
516 2
516 4
516 6
516 7
516 8
516 73
516 235
517 0
517 3
517 21
518 0
518 1
518 3
518 6
518 8
518 82
519 1
519 3
519 4
519 5
519 7
519 8
519 10
520 2
520 3
520 6
520 8
521 1
521 2
521 3
521 4
521 5
521 125
522 1
522 2
522 3
522 8
523 1
523 3
523 4
523 6
523 270
524 0
524 1
524 2
524 4
524 5
524 6
524 7
525 1
525 2
525 3
526 2
526 4
526 6
526 7
527 0
527 2
527 3
527 4
527 6
527 12
528 0
528 2
528 3
528 4
528 6
528 8
528 10
529 1
529 2
529 3
529 4
529 5
530 1
530 2
531 2
531 3
531 5
531 8
532 1
532 2
532 3
532 21
532 24
533 2
533 3
533 5
533 6
533 7
533 9
534 0
534 1
534 3
534 446
535 1
535 4
535 6
535 7
535 8
536 1
536 3
536 4
536 7
537 2
537 61
538 5
538 9
539 0
539 2
539 3
539 5
539 8
539 14
539 494
540 0
540 1
540 6
540 22
541 0
541 1
541 3
541 4
541 5
541 6
541 7
541 8
542 0
542 1
542 2
542 5
542 248
543 1
543 8
543 222
543 224
544 0
544 1
544 3
544 7
545 4
545 5
545 6
545 7
545 134
546 0
546 1
546 2
546 3
546 5
546 6
546 8
547 5
547 26
547 68
547 240
548 4
548 7
548 8
549 0
549 1
549 2
549 3
549 5
549 6
549 7
549 8
549 307
550 0
550 4
550 5
550 6
550 7
550 8
550 10
550 26
551 0
551 4
551 6
551 226
552 0
552 2
552 6
552 9
553 0
553 1
553 3
554 0
554 1
554 4
554 5
554 6
554 7
554 8
554 10
554 26
555 1
555 3
555 4
555 5
555 6
555 194
556 0
556 4
556 6
556 8
556 10
556 189
557 1
557 3
558 1
558 2
558 4
558 5
558 6
558 46
558 49
558 51
559 1
559 2
559 3
559 6
559 7
559 8
559 307
559 549
560 1
560 2
560 6
560 7
561 1
561 107
562 1
562 2
562 4
562 5
562 6
562 7
563 0
563 5
563 6
563 26
563 33
563 185
564 0
564 1
564 2
564 3
564 7
565 5
565 26
565 290
566 0
566 2
566 3
566 5
566 6
566 7
566 8
567 0
567 1
567 5
567 8
568 0
568 1
568 7
568 8
569 1
569 8
569 222
569 224
570 2
570 5
570 6
570 216
571 1
571 4
571 112
571 207
572 0
572 1
572 2
572 3
572 4
572 6
572 8
572 31
573 3
573 5
573 7
573 8
574 2
574 4
574 6
574 7
574 288
575 0
575 6
575 226
576 0
576 1
576 3
576 4
576 5
576 6
576 221
577 0
577 1
577 6
577 8
577 35
578 2
578 3
578 5
578 6
579 0
579 1
579 3
579 5
580 1
580 4
580 7
580 46
580 207
581 0
581 1
581 3
581 5
581 579
582 1
582 7
582 8
582 26
583 0
583 2
583 4
583 5
583 187
584 7
584 365
585 0
585 1
585 2
585 3
585 4
586 1
586 2
586 3
586 4
586 6
586 322
586 498
587 0
587 1
587 3
587 4
587 5
587 7
588 1
588 2
588 5
588 6
588 7
589 1
589 2
589 5
589 6
589 7
590 1
590 2
590 5
590 7
591 3
591 6
591 32
591 434
592 1
592 2
592 3
592 4
592 5
592 125
593 2
593 3
593 4
593 5
593 7
594 1
594 3
594 5
594 6
594 270
595 1
595 2
595 107
595 373
596 0
596 4
596 6
596 50
596 83
597 0
597 2
597 3
597 4
597 5
597 6
597 7
598 0
598 1
598 5
598 8
599 0
599 1
599 3
599 4
599 5
599 7
599 251
599 447
600 0
600 2
600 6
600 7
600 8
600 10
600 179
601 2
601 5
601 6
602 0
602 3
602 5
602 6
602 92
603 1
603 2
603 3
603 4
603 5
604 1
604 2
604 5
604 6
605 2
605 5
605 6
605 7
605 9
606 0
606 1
606 3
606 4
606 5
606 6
606 7
606 447
606 456
607 1
607 3
607 5
608 0
608 3
608 5
608 6
608 7
608 8
609 0
609 1
609 2
609 159
610 0
610 1
610 3
610 4
610 5
610 6
610 7
610 8
610 308
611 2
611 3
611 4
611 5
611 8
611 441
612 1
612 3
612 5
612 195
613 0
613 1
613 3
613 21
614 3
614 5
614 8
615 0
615 2
615 4
615 9
615 40
616 2
616 4
616 5
616 50
616 83
617 1
617 5
617 7
617 8
618 1
618 7
618 8
618 222
618 224
619 5
620 1
620 3
620 5
620 8
620 436
621 3
621 4
621 5
621 6
622 0
622 1
622 2
622 3
622 4
622 5
622 21
623 0
623 1
623 5
623 8
623 26
623 33
623 67
624 0
624 1
624 3
624 4
624 5
624 6
624 7
624 8
624 10
625 1
625 2
625 6
625 7
625 8
626 2
626 3
626 4
626 5
626 7
627 0
627 2
627 3
627 4
627 5
627 6
627 7
627 8
627 9
628 2
628 3
628 5
628 7
628 8
628 363
629 0
629 1
629 2
629 3
629 4
629 331
630 0
630 1
630 2
630 3
630 4
630 8
630 31
630 572
631 0
631 1
631 2
631 5
631 6
631 7
631 8
631 9
631 508
632 1
632 2
632 3
632 4
632 5
632 6
632 8
632 393
633 0
633 1
633 2
633 4
633 6
633 7
633 8
633 9
633 508
634 0
634 6
634 7
634 8
634 10
634 179
635 1
635 5
635 607
636 0
636 2
636 3
636 4
636 6
636 7
636 399
637 1
637 3
637 5
637 6
637 8
637 10
638 0
638 1
638 2
638 4
638 8
638 80
638 121
639 0
639 1
639 3
639 4
640 0
640 3
640 5
640 6
640 7
640 8
640 566
641 1
641 2
641 3
642 1
642 2
642 3
642 4
642 6
643 0
643 1
643 2
643 4
644 0
644 3
644 4
644 6
644 32
644 98
644 196
645 0
645 2
645 3
645 4
645 6
645 32
646 0
646 3
646 7
646 157
647 0
647 2
647 3
647 4
647 6
647 31
648 1
648 3
648 5
648 6
648 7
648 10
648 221
649 1
649 2
649 3
649 5
649 8
649 119
649 139
650 0
650 1
650 3
650 4
650 6
650 8
650 10
651 1
651 2
651 6
652 0
652 1
652 2
652 5
652 8
652 82
652 293
653 2
653 4
653 5
653 50
654 0
654 4
654 5
654 9
655 1
655 2
655 159
656 1
656 2
656 6
656 7
656 307
657 0
657 1
657 2
657 3
657 5
657 7
657 8
658 0
658 2
658 7
658 9
659 0
659 3
659 21
660 0
660 1
660 3
661 0
661 1
661 3
661 367
662 1
662 6
663 0
663 1
663 4
663 5
663 7
663 8
663 26
664 1
664 2
664 4
664 5
664 6
664 7
665 3
665 4
665 5
665 210
666 46
666 131
667 0
667 1
667 8
667 82
668 1
668 2
668 4
668 5
668 6
668 8
669 0
669 1
669 2
669 3
669 21
670 0
670 1
670 2
670 3
670 6
670 8
670 197
671 0
671 3
671 122
672 0
672 1
672 2
672 58
673 3
673 5
673 6
673 8
674 5
674 6
674 7
674 86
675 0
675 3
675 6
675 98
676 2
676 32
678 0
678 2
678 4
679 1
679 2
679 5
680 2
680 5
680 6
681 4
681 5
681 6
681 7
681 8
681 26
681 33
682 2
682 4
683 1
683 4
683 5
683 6
683 7
683 8
683 46
683 49
683 232
684 0
684 1
684 2
684 5
685 7
685 329
685 354
686 5
686 6
686 8
686 54
687 0
687 1
687 2
687 7
687 8
688 3
688 5
688 7
688 8
688 63
689 0
689 1
689 2
689 3
689 5
689 6
689 8
689 307
690 2
690 4
690 288
691 2
691 5
691 6
691 7
691 8
692 1
692 3
692 6
692 8
693 1
693 3
694 0
694 1
694 2
694 5
694 6
694 8
695 0
695 2
695 6
695 8
695 245
696 4
696 7
696 210
697 0
697 4
697 5
697 6
697 7
697 8
697 10
697 26
698 0
698 2
698 3
698 4
698 6
698 12
698 118
699 0
699 1
699 2
699 3
699 4
699 5
699 6
699 431
700 2
700 3
700 5
700 6
700 8
701 0
701 1
701 3
701 4
701 5
701 6
701 195
702 0
702 1
702 4
702 6
702 7
702 8
702 26
702 33
703 3
703 4
703 7
703 8
704 0
704 1
704 2
704 21
704 669
705 0
705 1
705 4
705 5
705 8
705 10
705 26
705 345
706 1
707 0
707 1
707 7
707 10
707 26
707 60
708 0
708 2
708 3
708 5
708 6
708 7
708 8
708 9
708 417
709 0
709 4
709 73
709 235
710 0
710 2
710 3
710 6
710 7
710 12
711 2
711 3
711 6
711 7
711 8
712 1
712 2
712 6
713 0
713 1
713 4
713 7
713 26
714 0
714 3
714 4
714 7
714 157
715 0
715 1
715 4
715 5
715 6
716 0
716 2
716 3
716 4
716 7
717 0
717 2
717 5
717 6
717 7
717 9
718 2
718 3
719 0
719 56
719 70
720 4
721 0
721 1
721 3
721 6
721 8
721 152
722 0
722 9
722 40
723 1
723 2
723 3
723 21
723 24
723 532
724 0
724 1
724 2
724 4
724 5
724 6
724 7
724 8
724 247
725 3
725 5
726 0
726 1
726 3
726 4
726 5
726 6
727 4
727 5
727 510
728 0
728 2
728 3
728 4
728 6
728 7
729 1
729 2
729 5
729 6
730 1
730 2
730 4
730 5
730 6
730 8
731 0
731 1
731 2
731 3
731 7
732 0
732 1
732 4
732 5
732 22
733 0
733 1
733 4
733 5
733 6
733 8
733 26
733 33
734 0
734 1
734 2
734 5
734 8
734 82
734 293
735 1
735 4
735 5
735 8
735 26
735 33
735 320
736 2
737 0
737 2
737 3
737 5
737 6
737 7
737 466
738 1
738 7
738 222
738 224
739 1
739 5
739 6
739 8
739 26
739 290
740 2
740 5
740 6
740 7
740 9
741 1
741 8
741 26
742 4
742 6
742 7
742 288
743 1
743 2
743 3
743 5
743 6
744 1
744 2
744 4
744 6
744 7
744 8
744 46
745 0
745 1
745 7
745 8
746 1
746 3
746 4
746 5
746 6
746 7
746 8
747 1
747 2
747 487
748 0
748 5
748 6
748 26
748 33
748 185
748 501
749 1
749 3
749 6
750 0
750 2
750 3
750 6
750 7
750 8
750 10
751 0
751 2
751 3
751 6
751 7
751 8
751 82
751 197
752 1
752 2
752 4
752 6
752 46
752 49
752 51
752 558
753 1
753 3
753 4
753 5
754 0
754 1
754 5
754 6
754 7
754 8
754 10
754 554
755 5
755 26
755 547
756 2
756 5
756 7
756 8
756 85
756 353
757 4
757 50
757 83
758 0
758 1
758 2
758 3
758 5
758 6
758 7
758 90
759 0
759 3
759 5
759 6
760 2
760 3
760 5
760 6
760 7
760 9
761 0
761 1
761 2
761 3
762 4
762 5
762 6
762 7
762 26
762 33
763 1
763 3
763 4
763 5
764 2
764 604
765 5
765 6
765 359
766 1
766 2
766 3
766 4
766 6
766 8
766 31
766 572
767 0
767 1
767 2
767 6
767 197
767 271
768 0
768 2
768 3
768 5
768 6
769 0
769 1
769 2
769 3
769 331
770 2
770 3
770 4
770 32
770 98
771 3
771 7
771 8
772 1
772 2
772 4
772 5
772 6
773 0
773 1
773 3
773 5
773 6
773 8
774 0
774 2
774 6
774 83
775 0
775 1
775 3
775 4
775 331
776 2
776 3
776 6
777 0
777 2
777 3
777 6
777 7
777 8
777 82
777 275
778 0
778 2
778 3
778 4
778 6
778 12
778 118
779 1
779 2
779 6
779 46
779 49
779 558
779 752
780 0
780 4
780 5
780 7
780 8
780 10
781 0
781 2
781 4
781 5
781 6
781 7
782 1
782 3
782 4
782 7
782 8
782 10
782 519
783 0
783 1
783 3
783 5
783 6
783 8
784 0
784 1
784 4
784 5
784 6
784 66
785 0
785 4
785 50
785 83
786 4
786 5
786 7
786 9
786 86
787 1
787 3
787 6
787 7
787 10
788 0
788 2
788 3
788 6
788 7
788 8
788 82
788 275
789 1
789 2
789 28
790 2
790 3
790 6
790 8
791 0
791 2
791 3
791 4
791 5
791 6
791 7
791 8
791 9
792 0
792 1
792 2
792 3
792 5
792 8
793 0
793 1
793 2
793 4
793 8
793 121
794 0
794 1
794 2
794 8
794 82
795 0
795 1
795 2
795 3
795 6
795 7
796 3
796 4
796 5
796 8
797 0
797 1
797 2
797 3
797 6
797 197
798 0
798 1
798 4
798 5
798 6
798 66
799 0
799 4
799 5
799 6
799 7
800 2
800 6
800 7
800 9
801 1
801 2
801 3
801 4
801 6
801 7
802 1
802 2
802 4
802 5
802 106
803 0
803 1
803 2
803 4
803 5
803 6
803 7
803 8
804 1
804 3
804 6
804 181
805 4
805 5
805 8
805 210
806 5
806 6
806 9
807 0
807 2
807 4
807 5
807 6
807 7
808 1
808 4
808 433
809 8
809 222
809 224
810 0
810 1
810 4
810 5
810 251
810 599
811 0
811 2
811 3
811 6
811 7
811 8
812 0
812 1
812 2
812 5
812 7
812 8
813 1
813 4
813 5
813 6
814 1
814 2
814 3
814 6
815 1
815 4
815 5
815 6
815 7
815 49
816 0
816 2
816 3
816 4
816 7
816 8
817 0
817 1
817 4
817 5
817 8
817 10
817 26
818 4
818 433
819 0
819 1
819 2
819 3
820 2
820 3
820 6
821 0
821 2
821 3
821 6
821 157
822 1
822 2
822 5
822 6
822 7
823 4
823 5
823 22
824 3
824 4
824 504
825 1
825 2
825 4
825 5
825 6
825 7
825 49
826 5
826 6
826 9
827 3
827 4
827 5
827 6
827 7
827 251
828 1
828 4
828 5
828 6
828 7
828 8
829 1
829 4
829 5
829 6
829 7
829 8
830 0
830 1
830 4
830 26
831 0
831 1
831 3
831 4
831 5
831 6
832 0
832 2
832 3
832 7
832 8
832 363
833 0
833 1
833 3
833 4
833 5
833 6
833 194
834 1
834 2
834 5
835 0
835 2
835 3
835 6
835 7
835 9
835 69
836 0
836 1
836 2
836 3
836 5
836 6
836 7
837 1
837 2
837 4
837 5
837 6
837 7
837 562
838 2
838 6
838 7
839 1
839 4
839 5
839 7
839 8
839 26
839 320
840 3
840 5
840 8
840 673
841 1
841 3
841 4
842 1
842 2
842 3
842 5
842 6
842 125
843 0
843 5
843 44
844 2
844 4
844 5
844 6
844 8
845 0
845 2
845 3
845 5
845 6
845 7
845 8
845 9
846 1
846 4
846 5
846 6
846 7
846 8
846 49
847 0
847 2
847 5
847 6
847 8
847 80
848 1
848 4
848 5
848 6
848 352
849 1
849 3
849 5
850 0
850 4
850 5
850 6
850 7
851 0
851 3
851 4
851 6
851 7
851 8
851 10
851 179
852 1
852 2
852 4
852 5
852 6
852 7
852 837
853 0
853 1
853 2
853 3
853 7
853 8
853 82
854 0
854 1
854 4
854 5
854 22
855 0
855 1
855 4
855 5
856 0
856 3
856 4
856 7
857 0
857 1
857 4
857 6
858 1
858 2
858 3
858 4
858 5
858 431
859 2
859 3
859 4
859 7
860 0
860 1
860 4
860 5
860 6
860 7
860 8
860 9
861 0
861 5
861 6
861 8
861 26
861 185
862 0
862 4
862 6
862 26
862 33
862 75
863 1
863 2
863 3
863 5
864 1
864 5
864 6
864 7
864 314
865 1
865 5
866 1
866 3
866 5
866 607
867 0
867 2
867 3
867 4
867 6
867 7
867 10
868 1
868 3
868 4
868 5
868 7
868 10
868 519
869 0
869 1
869 2
869 5
869 8
870 0
870 3
870 5
870 6
870 8
870 307
871 1
871 2
871 3
871 4
871 322
872 0
872 4
872 5
872 22
873 1
873 2
873 3
873 6
874 2
874 4
874 5
874 6
875 0
875 1
875 4
875 22
875 732
876 0
876 2
876 7
876 8
877 0
877 2
877 4
877 6
877 8
878 0
878 1
878 3
879 1
879 3
879 4
879 7
880 6
880 765
881 0
881 3
881 5
881 6
881 8
881 35
881 351
882 1
882 2
882 3
882 5
883 1
883 5
884 2
884 3
884 6
884 8
885 4
885 5
885 7
885 9
886 0
886 1
886 4
886 5
886 10
886 26
887 1
887 3
887 4
887 6
888 1
888 2
888 3
888 4
889 1
889 2
889 3
889 5
890 1
890 3
890 607
890 866
891 3
891 4
891 5
892 1
892 2
892 3
892 5
892 7
892 90
893 0
893 1
893 3
893 4
893 5
893 6
893 7
893 8
894 1
894 2
894 5
894 8
894 82
895 6
895 359
896 2
896 3
896 4
896 5
896 6
896 7
896 8
896 9
897 1
897 3
897 4
897 7
898 2
898 3
898 6
898 7
898 307
898 549
899 0
899 1
900 0
900 1
900 2
900 4
900 5
900 6
900 7
901 1
901 3
901 4
901 5
901 6
901 7
901 8
902 2
902 6
902 7
902 8
902 46
902 744
903 0
903 5
903 6
904 2
904 3
904 4
904 6
905 6
905 765
906 0
906 1
906 7
906 26
907 0
907 2
907 4
907 6
907 7
907 9
907 40
908 4
908 5
908 7
908 8
908 10
909 0
909 2
909 5
909 6
909 7
909 8
910 0
910 2
910 4
910 6
910 7
910 9
911 0
911 1
911 8
911 26
911 94
912 2
912 4
912 6
912 253
913 1
913 5
914 0
914 1
914 2
914 5
914 8
914 293
915 1
915 3
916 4
916 5
916 6
916 7
916 134
916 545
917 0
917 1
917 2
917 4
917 5
917 7
917 8
917 9
918 0
918 3
918 6
919 2
919 3
919 4
919 5
919 7
920 2
920 4
920 6
920 7
920 8
920 73
920 235
921 2
921 4
921 6
921 7
921 108
922 0
922 3
922 4
922 5
922 6
922 22
923 0
923 4
923 6
923 50
924 0
924 1
924 4
924 5
924 6
924 7
924 8
924 26
924 33
924 320
925 1
925 2
925 3
925 6
925 8
925 85
926 0
926 2
926 40
926 59
926 149
927 2
927 7
927 8
928 0
928 2
928 4
928 7
929 0
929 2
929 6
929 9
930 0
930 2
930 4
930 130
931 0
931 2
931 4
931 6
931 7
931 399
932 0
932 1
932 2
932 4
932 5
932 6
932 7
932 8
933 0
933 1
933 4
933 5
933 6
933 7
933 8
933 932
934 0
934 1
934 2
934 4
934 8
934 80
934 121
935 0
935 1
935 2
935 3
935 6
935 427
936 0
936 1
936 2
936 3
936 6
936 16
937 0
937 2
937 3
937 4
937 7
937 8
938 0
938 2
938 5
939 5
939 8
939 26
939 33
939 185
940 1
940 4
940 5
940 7
940 8
940 320
941 1
941 3
941 5
941 6
941 125
942 3
942 4
942 32
942 215
943 0
943 2
943 3
943 4
943 6
943 7
943 12
943 343
944 0
944 1
944 2
944 5
944 6
945 1
945 5
945 6
945 7
945 10
945 221
946 0
946 2
946 3
946 32
946 98
947 0
947 9
948 0
948 2
948 3
948 4
948 5
948 6
948 7
949 0
949 5
949 8
949 10
949 26
949 261
950 1
950 5
951 1
951 2
951 4
951 5
951 7
951 8
951 46
952 1
952 2
952 5
952 6
952 8
952 393
953 2
953 4
953 5
953 6
954 0
954 1
954 2
954 3
954 7
955 1
955 3
955 4
955 8
955 519
956 0
956 5
956 10
956 26
956 261
957 0
957 3
957 4
957 5
957 7
957 8
957 9
958 5
958 273
959 2
959 3
959 4
959 5
959 7
959 8
959 9
959 405
960 3
960 5
960 6
960 216
961 1
961 3
961 4
961 5
961 6
961 322
962 0
962 2
962 3
962 4
962 6
962 7
962 230
963 2
963 4
963 5
963 7
964 0
964 1
964 2
964 4
964 5
964 6
964 7
964 8
965 0
965 1
965 2
965 159
965 609
966 0
966 4
966 5
966 6
966 7
966 8
966 9
967 5
967 7
967 8
967 617
968 0
968 1
968 5
968 6
969 0
969 2
969 6
969 32
969 98
970 1
970 7
970 238
971 5
971 6
971 7
971 9
972 1
972 3
972 4
972 7
972 879
973 2
973 3
973 5
973 6
973 125
974 0
974 2
974 3
974 6
974 7
974 9
975 1
975 5
976 0
976 1
976 4
976 5
976 194
976 396
977 0
977 1
977 5
977 8
977 26
977 33
977 185
978 1
978 2
978 3
978 4
978 6
978 322
979 0
979 1
979 2
979 669
980 0
980 1
980 2
980 3
980 4
980 8
980 31
981 0
981 1
981 8
981 26
981 33
981 185
982 1
982 2
982 3
982 4
982 5
983 0
983 1
983 7
983 8
984 1
984 2
984 4
984 5
984 6
984 7
984 8
984 9
985 1
985 8
986 0
986 1
986 3
986 5
986 6
986 195
986 701
987 0
987 3
987 5
987 6
987 7
987 9
987 260
988 0
988 3
988 5
988 6
988 35
988 351
989 1
989 2
989 3
989 4
989 331
990 1
990 2
990 3
990 4
990 6
990 8
990 476
991 0
991 1
991 2
991 4
991 5
991 6
991 7
991 8
992 1
992 2
992 5
992 6
992 46
992 51
993 5
993 9
994 0
994 40
994 206
995 0
995 1
995 2
995 6
995 271
996 1
996 7
996 46
996 112
997 1
997 4
997 6
997 7
997 8
997 26
997 33
998 0
998 1
998 2
998 6
999 0
999 2
999 3
999 4
999 6
999 12
999 343
