1 0
2 0
2 1
3 0
3 1
3 2
4 0
4 1
4 2
4 3
5 0
5 1
5 2
5 3
5 4
6 0
6 1
6 2
6 3
6 4
6 5
7 0
7 1
7 2
7 3
7 4
7 5
7 6
8 0
8 1
8 2
8 3
8 4
8 5
8 6
8 7
9 0
9 1
9 2
9 3
9 4
9 5
9 6
9 7
9 8
10 0
10 1
10 2
10 3
10 4
10 5
10 6
10 7
10 8
11 1
11 2
11 3
11 5
11 6
11 7
12 1
12 2
12 4
12 5
13 4
13 5
13 8
14 2
14 3
14 6
14 7
15 0
15 3
15 5
15 6
15 7
15 9
16 0
16 4
16 6
16 7
16 8
17 3
17 4
17 5
18 0
18 1
18 2
18 3
19 0
19 3
19 5
19 9
19 15
20 1
20 2
20 3
20 4
20 5
20 6
21 2
21 3
21 4
21 7
22 3
22 4
22 5
23 0
23 3
23 4
24 3
24 4
24 5
25 4
25 8
26 0
26 1
26 2
26 3
26 5
26 6
27 1
27 3
27 4
27 5
27 6
27 7
27 8
28 6
29 4
29 6
29 7
29 16
30 2
30 3
30 6
31 1
31 3
31 4
31 5
31 6
31 7
31 8
32 4
32 13
33 0
33 3
33 5
33 6
33 9
34 6
34 29
35 3
35 4
35 5
35 17
36 0
36 2
37 1
37 3
37 4
37 6
37 8
37 31
38 1
38 2
38 4
38 5
38 7
38 8
38 10
39 2
39 5
40 1
40 2
40 12
41 3
41 4
41 24
42 2
42 4
42 5
42 7
42 8
42 38
43 3
44 3
44 7
45 1
45 2
45 12
46 4
46 8
46 13
47 0
47 3
47 5
47 6
47 9
47 33
48 6
48 14
49 1
49 4
49 31
50 1
50 6
50 7
50 11
51 4
51 5
51 6
51 8
51 31
52 6
52 30
53 2
53 12
53 45
54 0
54 2
54 3
54 4
54 5
54 6
55 3
55 4
55 6
55 7
55 8
55 10
56 3
56 4
56 6
56 7
56 8
56 10
56 55
57 30
58 0
58 3
58 4
58 7
59 0
59 1
59 2
59 3
59 4
59 5
60 43
61 5
61 17
62 1
62 4
62 49
63 32
64 32
64 63
65 1
66 2
66 4
66 5
66 38
66 42
67 1
67 2
67 7
67 8
67 38
68 2
68 3
68 4
68 7
69 5
70 4
70 7
70 68
71 13
71 46
72 0
72 2
72 3
72 4
72 5
72 7
72 8
73 3
73 7
73 8
73 72
74 3
74 9
74 19
75 12
75 53
76 2
76 7
77 48
78 3
78 8
78 73
79 3
80 0
80 5
80 9
80 47
81 2
81 3
81 5
81 7
81 8
82 3
82 6
82 14
83 0
83 3
83 6
83 7
84 2
84 5
84 7
84 8
85 6
85 14
85 82
86 1
86 3
86 4
86 5
86 6
87 1
87 49
87 62
88 6
88 8
88 31
89 5
90 1
90 3
90 4
90 5
90 6
90 8
90 31
91 0
91 1
91 2
91 5
91 7
91 8
92 4
93 77
94 2
94 84
95 2
95 6
95 30
96 0
96 2
96 3
96 5
96 59
98 2
98 5
98 38
99 0
99 1
99 2
99 3
99 5
99 26
100 6
100 8
100 31
101 0
101 1
101 5
101 6
101 7
102 3
102 5
103 1
103 2
103 4
104 4
104 62
105 5
105 6
105 33
106 4
106 5
106 8
106 13
107 12
107 45
107 53
108 2
108 3
108 4
108 5
109 0
109 1
109 3
109 5
109 99
110 5
110 7
111 2
111 4
111 5
111 38
111 42
111 66
112 2
112 4
112 5
112 38
112 66
112 111
113 0
113 3
113 6
113 7
113 8
113 10
114 1
114 2
114 3
114 6
114 11
115 12
115 53
116 1
116 3
116 5
117 2
117 5
117 39
118 5
118 8
118 84
119 6
119 34
120 3
120 4
120 24
121 1
121 12
121 45
122 1
122 3
122 6
122 7
123 0
123 1
123 3
123 18
124 0
124 1
124 3
124 4
124 6
124 7
124 8
125 12
126 0
126 3
126 6
126 9
127 3
127 35
128 4
128 5
128 8
128 13
129 0
129 3
129 6
129 7
129 83
130 6
130 7
131 0
131 2
131 3
131 4
131 6
131 8
132 1
132 3
132 5
132 7
132 8
132 27
133 1
133 2
133 3
133 7
134 1
134 3
134 11
134 114
135 0
135 3
135 5
135 99
136 0
136 2
136 4
136 5
137 4
137 49
138 82
138 85
139 7
139 8
139 132
140 4
140 17
141 3
141 4
141 5
141 6
141 8
142 0
142 3
142 6
142 9
142 126
143 7
143 132
143 139
144 1
144 87
145 2
145 3
145 4
145 7
146 3
146 5
146 7
146 81
147 3
147 4
147 5
147 6
147 7
147 8
147 31
149 2
149 5
149 39
149 117
150 1
150 3
150 7
150 8
151 3
151 4
151 5
151 6
152 2
152 5
152 6
153 2
153 5
153 7
153 8
154 0
154 2
154 4
154 5
154 136
155 3
155 5
155 9
156 2
156 4
157 1
157 4
157 5
157 7
158 1
158 7
158 8
158 27
158 132
159 3
159 4
159 5
160 1
160 2
160 3
160 4
161 4
161 5
161 6
161 8
161 31
161 51
162 1
162 3
162 5
162 6
162 8
162 31
163 12
163 45
163 53
163 107
164 6
165 34
166 0
166 3
166 7
166 83
167 1
167 3
167 4
167 6
168 3
168 4
168 5
168 17
169 0
169 1
169 2
169 3
169 6
169 7
170 0
170 5
170 7
170 8
171 4
171 5
171 38
171 42
172 1
172 7
172 8
172 9
173 1
173 6
173 122
174 30
175 7
175 8
175 132
176 12
176 107
176 163
177 0
177 1
177 2
177 4
178 0
178 1
178 2
178 3
178 6
178 7
178 169
179 3
179 108
180 0
180 3
181 1
181 12
181 45
181 121
182 0
182 3
182 5
182 15
183 0
183 2
183 72
185 21
186 0
186 2
186 3
186 4
186 6
186 8
186 131
188 17
189 3
189 9
189 19
189 74
190 0
190 2
190 3
190 6
190 8
191 2
191 4
191 5
191 38
191 42
192 13
192 46
192 71
193 4
193 6
193 141
194 1
194 2
194 4
194 38
195 4
195 5
195 6
195 7
195 8
195 31
196 4
196 5
196 6
196 31
197 0
197 2
197 5
197 99
198 62
199 4
199 8
199 25
200 0
200 9
200 19
201 38
201 42
201 171
202 1
202 2
202 6
202 114
203 19
203 74
203 189
204 3
205 8
205 31
205 100
206 4
206 5
206 6
206 8
206 51
206 161
207 89
208 116
209 5
209 7
209 72
210 3
210 4
210 24
211 6
211 34
212 0
212 1
212 2
212 4
212 5
213 4
213 6
213 7
213 8
213 27
214 0
214 2
214 4
214 5
214 7
215 2
215 5
215 117
215 149
216 0
216 6
216 83
217 2
217 3
217 4
217 7
217 145
218 4
218 6
218 7
218 27
219 2
219 4
219 7
220 0
220 1
220 3
220 5
220 6
221 2
221 3
221 6
221 30
222 208
223 3
223 5
223 8
223 31
224 0
224 3
226 3
226 6
227 7
227 9
227 172
228 1
228 2
229 0
229 2
229 3
229 4
229 6
229 8
229 131
229 186
230 5
230 7
230 72
230 209
231 12
231 45
231 121
232 6
232 29
233 0
233 3
233 190
234 2
234 38
235 0
235 5
235 6
235 7
235 8
236 0
236 9
236 19
236 200
237 232
238 1
238 2
238 3
238 5
238 6
238 7
238 11
239 1
239 2
239 7
239 8
239 67
240 3
240 6
240 9
240 126
241 2
241 3
241 4
241 5
241 6
241 54
242 4
242 7
242 68
242 70
243 7
244 0
244 2
244 4
244 6
244 7
244 8
245 3
245 5
245 7
245 81
246 3
246 4
247 0
247 3
247 4
247 7
248 1
248 8
248 38
249 38
249 66
250 1
250 6
250 11
250 50
251 3
251 4
251 246
252 6
252 8
252 90
253 0
253 4
253 6
253 8
253 131
254 0
254 2
254 5
254 7
254 8
255 3
255 145
256 6
256 27
256 213
257 5
257 8
257 31
257 51
258 1
258 4
258 31
258 49
259 2
259 6
259 114
260 1
260 7
260 133
261 3
261 4
261 5
261 6
261 151
262 1
262 3
262 4
262 5
262 8
262 31
263 2
263 3
263 145
264 0
264 2
264 3
264 5
264 6
264 8
265 1
265 2
265 6
266 0
266 3
267 3
267 5
267 17
267 35
268 5
268 8
268 31
268 195
269 7
269 132
269 139
270 0
270 6
270 8
271 0
271 1
271 2
271 3
271 7
272 2
272 6
272 30
274 5
274 17
274 35
274 267
275 0
275 5
275 6
275 7
275 15
276 2
276 38
276 191
277 0
277 4
277 177
279 2
279 4
279 42
279 191
280 89
281 2
281 5
281 38
281 42
281 111
282 6
282 27
284 4
284 5
284 17
284 35
285 2
285 39
285 117
286 0
286 1
286 2
286 5
286 6
287 0
287 2
287 3
287 4
287 6
287 8
287 131
287 186
288 2
288 5
288 38
288 111
288 281
289 1
289 4
289 5
289 8
289 31
289 90
290 1
290 3
290 134
291 6
291 114
291 202
292 0
292 2
292 4
292 5
292 72
293 17
293 61
294 4
295 3
295 35
295 127
296 38
296 234
297 2
297 7
297 38
297 42
298 196
299 1
299 4
299 90
299 289
300 9
300 19
300 74
301 7
301 8
302 1
302 3
302 5
303 0
303 2
303 3
303 4
303 131
303 186
304 0
304 1
304 2
304 3
304 5
304 26
304 99
305 2
305 285
306 1
306 289
306 299
307 8
307 72
307 73
308 32
309 0
309 2
309 4
309 136
309 154
310 3
310 5
310 99
310 135
311 3
311 7
311 72
311 73
312 9
312 74
312 300
313 2
313 4
313 112
314 0
314 1
314 3
315 3
315 4
315 6
315 54
316 4
316 5
316 6
316 31
316 51
316 161
317 0
317 4
317 7
318 0
318 3
318 5
318 6
318 9
318 47
319 2
319 4
319 38
320 3
320 4
320 5
320 6
321 99
321 135
322 0
322 1
322 2
322 5
322 6
323 2
323 5
323 7
323 81
324 0
324 3
324 5
324 47
324 318
325 0
325 1
325 3
325 4
326 4
326 8
326 51
326 161
326 206
327 3
327 7
327 8
327 72
327 73
328 173
329 0
329 2
329 3
329 131
330 0
330 3
330 9
330 126
331 0
331 5
331 6
331 264
332 2
332 3
332 6
333 0
333 4
334 3
334 41
335 2
335 3
335 4
335 186
335 229
336 72
337 135
337 321
338 240
339 5
339 7
339 72
339 230
340 0
340 1
340 2
340 4
340 5
340 7
340 8
340 10
341 0
341 3
341 5
341 15
341 182
342 7
342 8
342 172
343 2
343 3
343 4
343 5
343 7
343 8
343 72
344 1
344 2
344 20
345 2
345 4
346 0
346 2
346 8
346 244
347 2
347 3
347 26
347 99
348 135
349 2
349 5
349 7
349 11
350 2
350 5
350 6
350 152
351 9
351 33
352 7
353 1
353 4
353 62
354 3
354 6
354 178
355 0
355 1
355 3
355 314
356 6
356 7
356 9
356 15
357 7
357 9
357 15
357 356
358 1
358 4
358 5
358 6
358 20
359 17
359 61
360 13
360 71
361 1
361 3
361 4
361 160
362 2
362 191
363 319
364 0
364 1
364 2
364 4
364 212
365 4
365 5
365 8
365 13
366 165
367 2
367 3
367 4
367 5
367 20
368 3
368 229
368 335
369 3
369 7
369 8
369 72
369 73
370 1
370 2
370 3
370 6
370 7
370 11
370 238
371 0
371 3
372 2
372 4
372 5
372 7
372 8
372 42
373 0
373 1
373 3
373 26
373 99
373 304
374 35
375 3
375 4
375 5
376 0
376 6
376 7
376 8
377 3
377 4
377 5
377 151
378 5
378 7
378 15
378 275
379 4
379 186
380 160
381 1
381 3
381 4
381 5
381 6
381 7
381 8
382 7
382 42
382 297
383 1
383 2
383 3
383 6
383 11
383 114
384 0
384 7
384 101
385 2
385 3
385 4
385 8
386 2
386 4
386 5
386 66
386 112
387 114
388 2
388 4
388 5
388 38
388 66
388 111
388 112
389 3
389 5
389 22
390 6
390 105
391 0
391 1
391 2
391 3
391 5
391 6
391 26
392 0
392 9
392 126
392 330
393 5
393 389
394 5
394 7
394 81
394 323
395 3
395 7
395 8
395 369
396 1
396 3
396 6
396 122
397 41
398 0
398 2
398 4
398 6
398 8
398 131
398 186
398 287
399 3
399 5
399 6
399 7
399 381
400 301
401 114
401 202
401 291
402 13
402 46
403 0
403 3
403 129
404 0
404 1
404 2
404 4
404 5
404 8
404 340
405 0
405 4
405 6
405 7
405 8
405 244
406 114
406 387
407 189
407 203
408 0
408 3
408 6
408 169
409 38
410 2
410 3
410 6
411 369
412 363
413 3
413 4
414 30
414 174
415 4
415 8
415 25
416 7
416 8
416 9
416 172
417 0
417 4
418 0
418 1
418 2
418 4
418 177
419 2
419 5
419 38
420 1
420 5
420 6
420 7
421 1
421 3
421 7
422 0
422 1
422 4
422 5
422 8
422 340
422 404
423 3
423 5
423 6
424 336
425 3
425 4
425 5
425 6
425 7
425 27
426 1
426 3
426 4
426 5
426 6
427 3
427 5
427 8
427 31
428 5
428 7
428 15
428 275
428 378
429 12
429 163
429 176
430 3
430 5
430 6
430 381
430 399
431 3
431 5
431 320
432 1
432 4
432 6
432 7
432 124
433 5
433 153
434 1
434 2
434 3
434 7
434 8
434 10
435 1
435 3
435 6
435 122
435 396
436 0
436 6
436 7
436 8
436 244
436 405
437 0
438 1
438 3
438 4
438 7
438 8
438 10
439 3
440 1
440 2
440 67
440 239
441 90
441 252
442 3
442 5
442 9
443 110
444 4
444 6
444 7
444 8
444 31
445 135
446 62
446 353
447 6
447 119
448 0
448 15
448 275
449 2
449 5
449 6
449 152
449 350
450 2
450 3
450 5
450 26
450 99
451 2
451 4
451 5
451 38
451 42
451 66
452 3
452 4
452 246
453 5
453 39
453 117
454 2
454 6
454 332
455 2
455 3
455 4
455 5
455 6
455 20
456 5
456 7
456 72
456 230
456 339
457 1
457 2
457 3
457 5
457 59
458 4
458 5
459 19
459 203
460 6
460 7
460 16
460 29
461 0
461 4
461 6
461 131
461 186
461 287
462 1
462 122
462 396
463 4
463 8
463 51
463 161
463 206
464 4
464 6
464 86
465 2
465 3
466 3
466 8
466 72
466 73
466 327
467 2
467 276
468 6
468 7
468 8
468 376
469 8
469 72
470 183
471 1
471 4
471 6
471 31
471 37
472 2
472 7
472 8
473 4
473 5
473 8
473 340
473 404
474 5
475 4
475 8
475 46
476 4
477 0
477 2
477 4
477 6
477 8
477 131
478 9
478 312
479 4
479 5
479 38
479 42
479 66
480 4
480 6
480 31
480 196
481 4
481 5
482 5
482 7
482 8
482 132
483 1
483 4
483 5
483 7
483 8
483 340
484 1
484 2
484 3
484 4
485 0
485 5
485 7
485 101
486 5
486 7
486 230
486 339
486 456
487 5
487 80
488 0
488 1
488 3
488 4
488 5
489 2
489 4
489 38
490 7
491 6
491 7
491 8
491 376
491 468
492 3
492 4
492 5
492 35
493 5
493 6
493 9
494 5
494 11
495 1
495 3
495 6
495 7
495 238
495 370
496 4
496 160
497 1
497 3
497 7
497 238
498 4
498 6
498 213
499 3
499 54
499 315
500 2
500 5
500 66
501 0
501 5
501 6
501 7
501 15
501 275
502 1
502 2
502 12
502 40
503 3
503 5
503 7
504 1
504 2
504 3
504 4
504 5
504 8
505 1
505 2
505 5
506 3
506 6
507 1
507 3
507 5
508 2
508 5
508 66
508 112
509 5
509 6
509 7
509 31
510 5
510 38
510 111
510 281
512 1
512 3
512 8
513 5
513 6
513 31
513 51
513 316
514 105
515 2
515 4
515 38
515 194
517 38
518 2
518 4
518 5
519 246
520 7
520 9
520 356
520 357
521 4
521 38
522 3
522 58
523 3
523 8
523 73
523 327
524 357
525 1
525 2
525 3
525 6
526 1
526 5
526 7
526 91
527 2
527 68
528 31
528 257
529 3
529 79
530 0
530 1
530 2
530 4
531 4
531 62
532 3
532 4
532 6
532 7
532 8
532 9
533 2
533 4
533 5
533 10
533 38
534 2
534 3
534 4
534 186
534 229
534 335
535 2
535 3
535 4
535 186
535 335
536 213
536 256
537 2
537 81
538 6
538 141
538 193
539 4
539 340
540 1
540 12
540 45
541 0
541 3
542 1
542 3
542 421
543 2
543 5
543 38
544 17
545 0
545 2
545 131
545 329
546 2
546 5
546 38
546 66
547 5
547 47
547 80
548 5
548 72
548 209
548 230
549 363
550 4
550 7
550 68
550 70
551 2
551 3
551 5
551 54
552 3
552 4
552 7
552 217
553 4
553 6
553 7
553 29
554 3
554 108
554 179
555 9
555 19
555 74
555 189
556 2
556 5
556 38
557 2
557 4
557 186
558 0
558 1
558 3
559 6
559 7
559 15
560 3
560 315
560 499
561 4
561 7
561 8
561 10
562 1
562 4
562 7
562 8
562 10
562 438
563 1
563 7
563 8
563 27
564 2
564 3
564 11
565 5
565 230
565 339
566 5
566 6
566 399
566 430
567 0
567 3
567 4
567 7
568 3
568 8
569 32
569 63
570 0
570 2
570 3
570 5
571 3
571 99
571 135
572 3
572 5
572 6
572 151
573 11
574 0
574 2
574 3
574 96
575 0
575 2
575 36
576 0
576 101
576 485
577 12
579 0
579 3
579 5
579 9
579 33
579 47
580 2
580 68
581 2
581 4
581 186
582 3
582 568
583 1
583 4
583 157
584 6
584 370
584 495
585 6
585 141
585 193
585 538
586 2
586 133
587 1
587 3
587 6
587 122
587 396
587 435
588 0
588 1
588 2
588 3
589 1
589 3
589 6
590 5
590 6
590 51
590 316
591 5
591 6
591 7
591 10
592 2
592 5
592 38
592 111
593 3
593 9
593 126
593 240
594 4
594 49
594 137
595 7
595 8
595 10
596 1
596 3
596 6
596 11
596 114
597 4
597 38
598 5
599 2
599 3
600 5
600 182
600 341
601 310
602 0
602 101
603 4
603 186
603 379
604 2
604 6
605 3
605 5
605 17
606 3
606 304
607 3
607 413
608 229
608 335
609 0
609 9
609 47
610 8
610 46
611 1
611 3
611 4
611 6
611 124
612 2
612 276
613 8
613 27
613 132
613 158
614 35
615 2
615 5
615 38
615 42
615 66
615 451
616 0
616 1
616 2
616 3
616 5
616 26
616 304
617 2
617 8
617 244
617 346
618 1
618 3
618 4
618 5
618 6
619 1
619 3
619 7
619 122
620 0
620 1
620 2
620 5
620 6
620 8
621 6
622 301
623 1
623 5
623 91
623 526
624 0
624 9
624 126
624 330
625 5
625 66
625 451
626 7
626 8
626 72
626 73
627 4
627 8
627 10
627 561
628 4
628 5
628 8
628 128
629 0
629 5
629 9
629 80
630 2
630 38
630 543
631 13
631 32
632 5
632 419
633 470
634 0
634 2
634 4
634 8
634 244
635 3
635 6
635 20
635 455
636 0
636 1
636 2
636 3
636 304
637 7
637 8
637 73
638 414
639 5
639 264
639 331
640 1
640 2
640 103
641 6
642 3
642 5
642 7
642 8
642 81
643 13
644 0
644 4
644 8
644 131
645 27
646 2
646 3
646 6
647 5
647 6
647 152
647 350
648 0
648 317
649 452
650 2
650 3
650 5
650 8
650 72
650 343
651 1
651 8
652 2
652 53
653 2
653 3
653 5
653 96
654 3
654 6
654 332
655 4
655 5
655 17
655 35
656 3
657 5
657 433
658 7
659 0
659 2
659 3
659 6
659 54
660 1
660 3
660 304
661 1
661 2
661 7
662 5
662 7
662 101
663 3
663 465
664 5
664 7
664 209
665 2
665 66
666 71
667 6
667 11
667 114
667 383
668 29
668 232
669 1
669 7
669 11
670 5
670 513
671 8
671 475
672 6
672 426
673 0
673 4
674 3
674 8
674 73
674 78
675 2
675 7
675 38
676 3
676 4
677 0
677 2
677 4
677 6
677 8
677 131
677 186
677 287
678 0
678 2
679 1
679 4
679 62
680 38
680 171
680 201
681 9
681 126
681 240
682 2
682 3
682 4
682 5
682 6
682 54
683 2
683 4
683 5
683 38
683 112
683 388
684 0
684 6
685 2
685 45
685 53
686 0
686 1
686 3
686 6
686 7
686 169
687 4
687 6
687 464
688 0
688 4
688 6
688 244
688 405
689 353
691 3
691 240
691 593
692 4
692 7
692 217
693 6
693 7
693 8
693 468
694 0
694 3
694 7
694 567
695 5
695 51
695 316
695 590
696 5
696 647
697 4
697 112
697 313
698 4
698 6
698 8
698 31
698 147
699 2
699 5
699 7
699 8
699 72
700 7
700 8
700 72
700 73
701 4
701 6
701 196
701 480
702 1
703 0
703 4
703 6
703 8
703 16
704 4
704 8
704 13
704 365
705 4
705 31
705 196
706 3
706 6
706 9
706 126
706 240
707 4
707 6
707 131
707 186
707 287
707 461
708 4
708 5
708 38
708 66
708 111
708 112
708 388
709 3
709 8
709 73
709 327
710 0
710 1
710 6
711 0
711 4
711 567
712 0
712 4
712 6
712 8
712 131
712 477
713 3
713 5
713 6
713 151
714 0
714 5
714 6
714 7
714 275
715 0
715 96
715 574
716 63
717 3
717 58
718 3
718 14
718 82
719 0
719 5
720 3
720 7
721 4
721 8
721 385
722 2
722 3
722 6
722 383
723 0
723 1
723 2
723 4
723 530
725 7
725 8
725 72
725 700
726 2
726 8
726 346
726 617
727 0
727 4
727 7
728 0
728 3
728 4
728 72
729 256
729 536
730 0
730 5
730 6
730 7
730 8
730 235
731 2
731 136
731 309
732 1
732 4
732 124
732 432
733 0
733 3
733 9
733 15
734 475
734 671
735 5
735 80
737 2
737 5
737 38
737 42
738 31
738 196
738 705
739 7
739 339
740 4
740 5
740 128
741 12
741 45
741 53
741 107
742 2
742 3
742 6
742 383
743 8
743 25
744 4
744 5
744 628
745 5
745 7
745 72
745 230
746 3
746 5
746 47
746 318
746 324
747 19
747 203
748 5
748 7
748 101
748 662
749 1
749 2
749 3
749 5
749 6
749 8
750 5
750 6
750 399
751 5
751 182
751 341
752 4
752 6
752 151
752 261
753 3
753 20
753 455
753 635
754 3
754 108
754 179
755 1
755 11
755 114
755 383
756 4
756 5
756 6
756 151
757 5
757 7
757 72
757 339
757 456
758 1
758 5
759 4
759 5
759 6
759 151
759 756
760 0
760 1
760 2
760 3
760 4
760 6
760 8
760 9
761 1
761 6
761 37
761 471
762 0
762 177
762 277
763 0
763 6
763 8
763 235
763 730
764 1
764 2
764 7
764 133
766 0
766 266
767 5
767 54
768 580
769 2
769 3
769 8
770 11
770 383
770 755
771 2
771 117
771 285
772 0
772 3
772 7
772 83
772 166
773 0
773 3
773 5
773 6
774 5
774 6
774 31
774 316
775 1
775 4
775 177
776 6
776 29
776 232
777 9
777 19
777 200
777 236
778 6
778 7
779 0
779 5
779 6
779 7
779 8
779 730
780 38
780 556
781 2
781 5
781 42
781 281
782 2
782 4
782 136
783 1
783 4
783 5
783 8
783 27
784 3
784 676
785 9
785 19
785 200
785 236
786 3
786 11
786 134
787 0
787 6
787 773
788 1
788 2
788 3
788 5
788 26
789 0
789 266
790 403
791 485
792 3
792 4
792 7
792 567
793 2
793 3
793 4
793 5
793 6
793 54
793 682
794 3
794 72
794 466
795 244
796 2
797 1
797 3
797 525
798 7
798 8
799 0
799 1
799 2
799 3
799 5
800 13
800 128
801 506
802 3
802 6
802 221
803 1
803 49
803 62
804 0
804 4
804 8
804 16
805 1
805 49
806 1
806 49
807 9
807 126
808 30
808 57
809 2
809 8
809 385
810 0
810 1
810 2
810 3
810 178
811 2
811 5
811 38
811 556
812 8
812 472
813 2
813 4
813 6
813 8
813 477
814 0
814 727
815 0
815 1
815 3
815 169
816 0
816 1
816 3
816 488
817 3
817 6
817 354
818 9
818 19
818 200
818 236
819 3
820 0
820 2
821 7
821 271
822 5
822 399
822 750
823 0
823 2
823 7
823 271
824 5
824 59
825 5
825 7
825 428
826 2
826 344
827 7
827 301
828 0
828 3
828 314
829 3
829 554
830 4
830 7
831 0
831 5
831 7
831 91
832 2
832 4
832 7
832 214
833 2
833 4
833 112
833 313
834 206
835 3
835 134
836 7
836 139
836 143
837 5
837 767
838 3
838 7
839 197
840 1
840 2
840 3
840 4
840 5
840 6
841 2
841 450
842 9
842 19
842 74
842 555
843 7
843 73
843 637
844 203
844 747
845 356
845 357
846 1
846 2
846 3
846 7
846 10
846 434
847 2
847 3
847 5
847 26
847 450
848 1
848 3
848 815
849 3
849 4
850 1
850 91
850 526
850 623
851 1
851 7
852 2
852 4
852 186
853 244
853 795
854 502
855 0
855 6
855 405
856 2
856 194
856 515
857 2
857 4
857 8
857 38
857 42
858 9
858 19
858 189
858 555
859 1
859 3
859 6
859 7
859 169
860 0
860 5
860 9
860 33
861 3
861 7
861 8
861 73
861 369
862 4
862 6
862 8
862 37
863 3
863 5
863 6
863 151
864 5
864 8
864 42
865 252
866 3
866 9
866 19
866 74
866 189
867 47
867 609
868 0
868 1
868 2
868 4
868 5
868 6
869 3
869 9
870 5
870 7
870 72
870 230
870 745
871 0
871 1
871 5
871 26
872 73
873 2
873 3
873 5
873 54
873 682
873 793
874 2
874 234
875 9
875 74
876 5
876 47
876 324
877 38
877 737
878 3
879 8
879 342
880 3
880 5
880 9
880 15
881 3
881 4
881 217
881 552
882 2
882 38
882 543
882 630
883 134
884 1
884 4
884 5
884 6
884 10
885 1
885 3
885 6
885 7
885 11
886 3
886 7
886 217
887 1
887 8
887 172
888 5
888 7
888 72
889 2
889 4
889 313
889 833
890 1
890 4
890 103
891 5
891 17
891 35
891 274
892 6
892 7
892 8
892 468
893 3
893 9
893 15
893 733
894 57
895 81
895 537
896 0
896 3
896 6
896 9
897 1
897 2
897 3
898 6
898 8
898 131
899 256
899 536
900 0
900 2
900 588
901 3
901 838
902 1
902 3
902 421
903 0
903 1
903 2
903 3
903 5
903 26
903 99
904 3
904 5
904 318
905 3
905 73
906 8
907 2
907 6
907 114
907 259
909 81
909 537
910 1
910 4
910 31
910 49
911 32
911 63
912 1
912 2
912 4
912 5
912 404
913 2
913 3
913 7
913 8
914 1
914 3
914 122
914 619
915 178
916 1
916 2
916 5
916 505
917 3
917 6
918 3
918 7
918 217
920 5
920 38
920 98
921 3
921 315
921 499
922 38
922 597
923 1
923 114
923 202
924 0
924 694
925 1
925 7
925 8
925 10
925 438
925 562
926 0
926 6
926 773
926 787
927 0
927 2
927 3
927 6
927 26
928 6
928 7
928 8
928 195
929 5
929 7
929 8
929 730
930 0
930 177
930 277
930 762
931 2
931 42
931 281
931 781
932 4
932 51
933 0
933 6
933 8
934 894
935 6
935 37
935 862
936 1
936 2
936 40
937 8
937 906
938 3
938 421
938 902
939 1
939 2
939 3
939 4
939 5
939 7
939 8
940 6
940 7
940 195
941 2
941 3
941 7
941 133
942 6
942 29
942 232
942 776
943 5
943 7
943 11
944 0
944 3
944 570
945 38
945 597
945 922
946 3
946 7
947 4
947 38
947 111
948 3
948 4
949 0
949 3
949 799
950 2
950 4
950 5
950 66
950 112
950 386
951 0
951 1
951 3
951 26
951 99
951 304
951 373
952 567
953 2
953 3
953 5
953 6
953 8
953 749
955 2
955 8
955 38
955 42
956 3
956 7
956 8
956 31
957 1
957 526
957 623
958 1
958 3
958 495
959 259
960 0
960 2
960 3
960 4
960 7
961 107
961 741
962 3
962 9
962 126
962 240
962 593
963 2
963 3
963 4
963 186
963 335
963 535
964 5
964 7
964 730
964 929
965 7
965 357
965 520
966 4
966 5
966 6
966 8
966 51
967 4
967 692
968 3
968 5
968 6
968 7
968 11
969 1
969 4
969 7
969 8
969 438
969 562
970 5
970 35
971 72
971 209
971 230
972 8
972 798
973 4
973 106
974 6
974 940
975 2
975 229
975 335
976 5
976 7
976 339
976 456
977 0
977 4
977 5
977 7
978 3
978 529
979 25
979 415
980 3
980 4
980 8
980 10
980 438
981 6
981 122
982 2
982 66
983 73
983 327
984 6
984 773
985 0
985 2
985 5
985 91
986 2
986 3
986 263
987 1
987 2
987 7
987 661
988 1
988 4
988 5
988 8
988 262
989 5
989 38
989 98
989 920
990 0
990 1
990 3
990 5
990 6
990 26
990 391
991 3
991 5
991 96
991 653
992 5
992 7
992 428
992 825
993 38
993 191
993 276
994 0
994 3
994 6
994 169
994 408
995 5
995 33
996 4
996 6
996 151
997 854
998 4
998 51
998 966
999 6
999 31
999 51
999 161
