1 0
2 0
2 1
3 0
3 1
3 2
4 0
4 1
4 2
4 3
5 0
5 1
5 2
5 3
5 4
6 0
6 1
6 2
6 3
6 4
6 5
7 0
7 1
7 2
7 3
7 4
7 5
7 6
8 0
8 1
8 2
8 3
8 4
8 5
8 6
8 7
9 0
9 1
9 2
9 3
9 4
9 5
9 6
9 7
9 8
10 0
10 1
10 2
10 3
10 4
10 5
10 6
11 0
11 2
11 4
11 5
11 6
11 7
11 8
12 0
12 1
12 2
13 0
13 1
13 2
13 3
13 4
13 5
13 6
13 7
14 0
14 4
14 5
14 6
14 7
14 8
15 0
15 1
15 2
15 3
15 4
15 5
15 6
16 6
16 7
16 8
17 1
17 2
17 4
17 5
18 6
18 8
19 0
19 1
19 2
19 3
20 0
20 1
20 2
20 3
20 4
20 5
20 6
21 4
21 5
21 6
21 7
21 8
21 14
22 1
22 2
22 4
22 5
22 6
23 0
23 1
23 2
23 3
23 19
24 1
24 2
24 4
24 5
25 4
25 5
25 6
25 7
25 8
25 14
26 4
26 6
26 7
26 8
26 14
27 4
27 6
27 8
27 14
28 1
28 2
28 4
28 5
28 6
29 2
29 5
30 0
30 2
30 3
30 4
30 5
31 1
31 2
31 4
31 5
31 6
32 1
32 2
32 5
33 1
33 2
33 3
33 4
33 6
33 7
34 0
34 1
34 2
34 3
34 4
34 5
35 0
35 1
35 2
35 3
35 4
35 6
35 7
35 8
36 0
36 1
36 2
36 3
36 4
37 1
37 2
37 4
38 6
39 0
39 1
39 2
39 3
39 4
39 5
39 6
39 7
39 8
40 1
40 2
40 4
40 5
41 1
41 2
41 3
41 4
41 6
41 7
42 0
42 1
42 2
42 4
42 5
42 6
42 7
43 1
43 2
43 4
43 5
43 6
43 22
44 0
44 4
44 6
44 7
44 8
45 1
45 5
45 6
46 1
46 2
46 5
46 6
46 22
47 0
47 4
47 6
47 7
47 8
47 14
48 1
48 2
48 4
48 5
48 6
49 0
49 1
49 2
49 3
49 4
49 5
49 7
49 8
49 9
50 0
50 1
50 2
50 3
50 4
50 5
50 6
51 0
51 1
51 3
51 4
51 5
51 6
52 0
52 2
52 3
52 4
52 6
53 1
53 2
53 3
53 4
53 6
53 7
53 41
54 0
54 1
54 2
54 3
54 4
55 0
55 1
55 2
55 3
55 4
55 5
55 6
56 4
56 6
56 7
56 8
56 26
57 1
57 2
57 3
57 4
57 6
57 7
58 0
58 2
58 3
58 4
58 5
59 0
59 2
59 3
59 4
59 5
59 6
59 7
59 8
59 9
60 0
60 2
60 3
60 4
60 5
61 1
61 2
61 4
61 5
61 6
61 22
62 1
62 2
62 3
62 6
62 7
63 0
63 2
63 3
63 4
63 5
64 0
64 1
64 2
64 3
64 4
65 0
65 1
65 2
65 3
65 4
65 6
66 0
66 2
66 3
66 4
66 5
67 0
67 1
67 2
67 4
67 6
67 7
68 0
68 2
68 3
68 5
69 1
69 2
69 3
69 6
69 7
69 41
69 53
70 1
70 2
70 3
70 4
70 6
70 33
71 1
71 2
71 3
71 4
71 6
71 7
72 0
72 1
72 3
72 4
73 0
73 2
73 3
73 5
73 6
73 7
73 8
73 9
74 0
74 1
74 2
74 3
74 4
74 6
75 0
75 1
75 4
76 0
76 1
76 2
76 3
76 4
76 5
76 6
77 1
77 2
77 3
77 4
77 6
77 7
78 0
78 2
78 3
78 4
78 5
78 7
78 9
79 1
79 2
79 5
79 6
79 22
80 4
80 5
80 6
80 7
80 8
80 14
81 0
81 4
81 6
81 7
81 8
81 14
82 0
82 1
82 3
82 4
82 5
82 6
83 1
83 2
83 3
83 4
84 1
84 2
84 4
84 5
84 6
84 22
85 0
85 2
85 3
85 4
85 5
86 0
86 1
86 3
86 4
86 5
86 6
87 0
87 4
87 5
87 6
87 7
88 2
88 4
88 6
88 7
89 1
89 2
90 0
90 4
90 5
90 6
90 7
91 0
91 2
91 3
91 4
91 5
91 7
91 78
92 0
92 4
92 5
92 6
92 7
93 2
93 3
93 4
93 5
94 6
94 7
94 8
94 14
94 25
95 0
95 2
95 3
95 4
95 5
95 7
95 9
96 0
96 2
96 3
96 4
96 5
97 0
97 2
97 3
97 4
97 5
97 7
98 1
98 2
98 4
98 6
98 7
99 0
99 1
99 2
99 3
99 4
99 5
99 6
99 10
100 0
100 2
100 3
100 5
100 66
101 1
101 3
101 4
101 6
101 7
102 0
102 1
102 2
102 3
102 5
102 6
103 1
103 2
103 3
103 6
103 7
104 6
104 7
104 8
104 14
104 94
105 6
105 8
106 1
106 2
106 3
106 4
106 6
106 7
106 8
107 1
107 2
107 3
107 4
107 5
107 7
107 8
108 1
108 3
108 6
108 33
109 0
109 5
109 6
109 7
109 90
110 4
110 6
110 7
110 8
110 14
111 2
111 3
111 7
112 0
112 1
112 2
112 4
112 5
112 6
112 7
112 8
113 1
113 2
113 4
113 6
113 22
114 0
114 2
114 3
114 4
114 5
114 7
114 8
114 9
115 0
115 1
115 2
115 3
115 4
115 6
116 1
116 2
116 4
116 5
117 0
117 2
117 4
118 1
118 2
118 6
119 0
119 1
119 3
119 4
119 5
119 6
120 1
120 2
120 4
120 5
120 6
120 61
121 0
121 1
121 2
121 4
121 5
121 7
122 0
122 2
122 3
122 4
122 5
122 7
122 8
122 9
123 0
123 2
123 3
123 4
123 5
124 4
124 6
124 7
124 14
124 110
125 1
125 2
125 3
125 6
125 7
125 41
125 53
126 0
126 1
126 2
126 4
126 5
126 6
127 1
127 2
127 4
127 6
127 7
127 41
127 53
128 1
128 2
128 3
128 4
128 5
128 6
129 0
129 2
129 3
129 5
129 7
129 9
130 0
130 1
130 2
130 3
130 4
130 5
130 6
130 7
131 6
131 7
131 8
131 16
132 0
132 1
132 2
132 3
132 4
132 5
132 6
133 0
133 1
133 3
133 5
133 6
134 0
134 1
134 2
134 4
134 6
134 7
135 6
136 2
136 3
136 4
136 6
137 1
137 2
137 4
137 6
137 22
138 6
138 8
138 16
139 0
139 1
139 3
139 4
139 6
140 0
140 2
140 6
141 0
141 2
141 3
141 4
141 5
141 7
141 8
141 9
142 1
142 2
142 4
142 5
142 31
143 6
143 7
143 8
143 14
144 0
144 2
145 1
145 6
146 0
146 1
146 2
146 3
146 4
147 6
147 7
147 8
148 0
148 2
148 3
148 4
148 7
148 78
149 1
149 2
149 3
149 6
149 7
150 4
150 5
150 6
150 8
150 14
151 0
151 3
151 4
151 5
152 1
152 2
152 3
152 4
152 6
152 7
152 8
152 106
153 1
153 2
153 5
153 6
153 22
153 61
154 4
154 5
154 6
154 8
154 14
155 0
155 1
155 2
155 4
155 5
155 6
155 7
156 1
156 2
156 3
156 4
156 6
156 41
157 0
157 1
157 3
157 5
157 6
158 0
158 1
158 2
158 3
158 4
158 5
158 6
158 7
158 8
158 9
159 1
159 2
159 3
159 4
159 5
159 6
160 2
160 3
160 6
160 7
160 41
160 53
161 1
161 6
161 22
161 113
162 1
162 2
162 3
162 4
163 6
163 16
163 138
164 0
164 5
164 6
164 7
165 0
165 1
165 3
165 4
165 5
165 6
166 2
166 3
166 4
166 6
166 7
167 6
167 7
167 8
167 147
168 0
168 1
168 2
168 3
168 4
169 0
169 2
169 3
169 5
170 0
170 2
170 3
170 4
170 7
170 8
170 9
170 141
171 1
171 2
171 4
171 6
171 7
172 4
172 6
172 7
172 8
172 14
173 1
173 2
173 3
173 4
173 6
173 7
174 0
174 1
174 2
174 4
174 5
174 126
175 4
175 6
175 8
175 26
176 1
176 3
176 6
176 7
177 0
177 1
177 2
177 3
177 4
177 5
177 6
177 7
177 8
178 4
178 6
178 7
178 8
178 26
178 56
179 5
179 6
180 0
180 2
180 3
180 4
180 5
180 50
181 1
181 2
181 3
181 6
182 2
182 3
182 4
182 7
182 9
182 141
182 170
183 0
183 1
183 3
183 4
183 5
183 6
184 1
184 2
184 3
184 4
184 6
184 7
184 8
185 4
185 6
185 8
185 26
186 1
186 2
186 4
186 5
186 6
186 61
187 0
187 2
187 3
187 5
187 7
188 1
188 2
188 3
188 6
189 1
189 2
189 3
189 4
189 6
189 7
190 1
190 2
190 3
190 4
190 6
191 1
191 2
191 3
191 4
192 5
192 29
193 2
193 3
193 4
193 6
193 52
194 0
194 2
194 3
194 4
194 6
194 7
195 2
195 3
195 6
195 7
195 53
196 0
196 1
196 4
197 2
197 3
197 6
197 7
198 0
198 2
198 3
199 0
199 2
199 3
199 4
199 5
199 6
199 7
199 8
199 9
200 0
200 2
200 3
200 4
200 5
200 6
200 8
201 0
201 1
201 2
201 4
201 5
201 34
202 0
202 4
202 6
202 7
202 8
202 14
202 47
203 1
203 2
203 3
203 4
203 6
204 2
204 4
204 7
204 9
204 141
204 170
205 2
205 3
205 6
205 181
206 1
206 2
206 3
206 4
206 5
206 6
206 8
206 9
207 1
207 2
207 3
207 4
207 5
207 7
207 8
207 107
208 0
208 2
208 3
208 5
208 7
209 2
209 4
209 6
209 7
210 1
210 2
210 4
210 5
211 2
211 3
211 6
211 7
211 41
211 53
212 0
212 2
212 3
212 5
212 7
212 97
213 2
213 3
213 7
213 41
213 53
214 0
214 3
214 4
215 0
215 1
215 2
215 3
215 4
215 5
215 6
215 10
216 0
216 2
216 3
216 5
216 7
216 9
217 1
217 2
217 4
217 6
217 61
218 6
218 8
218 14
218 94
219 2
219 3
219 4
219 6
220 1
220 3
221 0
221 1
221 2
221 6
221 7
222 4
222 6
222 7
222 8
222 26
222 56
223 0
223 1
223 2
223 4
223 5
223 6
223 7
223 42
224 0
224 1
224 2
224 4
224 5
225 6
225 7
225 8
225 14
226 1
226 2
226 118
227 0
227 2
227 3
227 4
227 5
228 2
228 3
228 4
228 5
229 4
229 5
229 6
229 14
230 0
230 2
230 3
230 4
230 6
230 52
231 3
231 4
231 5
232 0
232 1
232 2
232 3
232 4
232 5
232 6
233 4
233 6
233 8
233 14
234 0
234 1
234 2
234 4
234 6
234 8
235 0
235 2
235 4
235 6
236 0
236 1
236 2
236 3
236 4
236 5
236 6
236 7
236 8
236 177
237 0
237 2
237 3
237 4
237 7
237 8
237 9
237 141
238 1
238 3
238 5
238 6
239 0
239 1
239 2
239 3
239 4
239 5
239 7
239 8
240 1
240 2
240 3
240 7
240 41
240 53
241 0
241 1
241 2
241 3
241 4
241 5
241 6
241 10
242 1
242 2
242 3
242 4
243 0
243 1
243 2
243 3
243 4
243 5
243 7
243 8
244 1
244 2
244 3
244 4
244 5
244 6
244 10
245 1
245 2
245 3
245 5
245 7
245 107
245 207
246 1
246 2
247 1
247 2
247 4
247 6
247 41
248 1
248 2
248 4
248 5
248 6
248 22
249 1
249 2
249 6
249 61
249 120
250 0
250 2
250 3
250 4
251 0
251 1
251 2
251 3
251 4
251 5
251 6
251 7
252 0
252 1
252 2
252 4
252 7
252 42
253 2
253 3
253 7
253 111
254 0
254 2
254 3
254 4
255 0
255 1
255 2
255 4
255 5
255 6
255 7
255 42
256 1
256 2
256 3
256 4
256 6
257 0
257 2
257 3
257 5
257 6
258 1
258 2
258 3
258 4
258 5
258 7
258 8
258 107
259 0
259 1
259 2
259 4
259 5
259 6
259 7
259 42
260 6
260 7
260 8
260 16
261 3
261 4
261 6
261 7
262 0
262 2
262 4
262 5
262 50
262 180
263 6
263 7
263 8
263 147
263 167
264 0
264 2
264 3
264 4
264 5
264 7
264 8
264 9
264 122
265 0
265 1
265 2
265 4
265 7
266 1
266 2
266 3
266 4
266 6
267 1
267 2
267 3
267 5
267 6
267 8
267 9
268 0
268 1
268 2
268 3
268 4
268 5
268 6
268 7
268 8
269 2
269 3
269 4
269 5
269 7
270 0
270 2
270 4
270 5
270 6
270 7
270 8
270 11
271 0
271 1
271 2
271 3
271 19
272 2
272 4
272 5
272 6
272 22
273 0
273 1
273 2
273 4
273 5
273 6
274 0
274 1
274 5
274 6
274 7
275 2
275 3
275 4
275 6
275 7
275 33
276 0
277 0
277 1
277 2
277 3
277 5
277 6
277 10
278 3
278 4
278 5
278 7
278 269
279 0
279 1
279 2
279 3
279 4
280 1
280 2
280 3
280 7
280 41
280 53
281 0
281 1
281 2
281 3
281 5
281 6
281 102
282 0
282 4
282 5
282 6
282 7
282 8
282 14
283 1
283 2
283 6
283 61
284 0
284 2
284 3
284 5
284 7
284 9
285 0
285 3
285 4
285 5
285 96
286 0
286 3
286 4
286 5
286 7
286 9
287 0
287 1
287 3
287 19
288 0
288 1
288 2
288 3
288 4
288 5
288 7
289 0
289 2
289 3
289 4
289 8
289 9
289 141
289 170
290 1
290 2
290 4
290 5
290 6
291 0
291 2
291 3
291 7
291 8
291 9
291 141
292 0
292 1
292 2
292 3
292 279
293 0
293 3
293 4
293 7
293 8
293 9
293 141
294 0
294 1
294 6
294 7
295 2
295 3
295 4
295 5
296 4
296 5
296 6
296 7
296 8
296 11
296 270
297 0
297 2
297 3
297 5
297 7
298 0
298 1
298 2
298 4
298 42
299 0
299 2
299 3
299 4
300 0
300 1
300 2
300 4
300 6
300 7
301 0
301 1
301 2
301 3
301 5
301 7
301 8
301 9
301 49
302 1
302 2
302 3
303 1
303 2
303 3
303 4
303 6
304 0
304 2
304 3
304 7
304 8
304 9
305 4
305 8
305 26
305 175
306 4
306 6
306 7
306 8
306 11
306 270
306 296
307 0
307 2
307 5
308 0
308 2
308 4
308 5
308 8
308 9
309 0
309 1
309 2
309 3
309 4
309 6
310 2
310 4
310 5
310 7
310 8
310 107
311 0
311 2
311 3
311 5
311 6
311 7
311 9
312 0
312 1
312 3
312 4
312 6
313 0
313 1
313 2
313 5
313 6
313 7
313 8
313 112
314 0
314 2
314 3
314 4
314 5
315 4
315 6
315 8
315 14
316 0
316 1
316 2
316 3
316 4
316 5
316 6
317 6
317 7
317 8
317 14
317 25
317 94
318 0
318 1
318 2
318 3
318 4
318 5
318 6
318 10
319 4
319 5
319 8
319 9
319 308
320 1
320 2
320 3
320 6
320 7
320 41
320 53
321 0
321 2
321 3
321 19
321 23
322 1
322 2
322 6
322 61
322 283
323 0
323 2
323 6
324 2
324 3
324 6
324 7
325 1
325 2
325 3
325 4
325 6
325 33
326 8
326 175
327 0
327 2
327 12
328 1
328 2
328 4
328 6
328 22
329 0
329 1
329 3
329 5
329 7
329 8
329 9
329 49
330 0
330 2
330 3
330 4
330 8
330 9
330 141
331 0
331 1
331 2
331 4
331 5
331 7
332 0
333 0
333 2
333 4
333 5
333 6
333 8
334 0
334 2
334 3
334 5
334 7
335 0
335 2
335 3
335 4
335 5
336 7
336 33
337 1
337 2
337 3
338 2
338 6
339 2
339 3
339 6
339 7
339 41
339 53
340 0
340 4
340 6
340 7
340 14
341 0
341 4
341 5
341 6
341 7
342 0
342 3
342 4
342 5
343 1
343 2
343 4
344 3
344 4
345 0
345 2
345 3
345 5
346 0
346 2
346 4
346 7
346 8
346 9
347 0
347 2
347 3
347 4
347 5
347 7
347 9
347 78
348 0
348 1
348 2
348 3
348 4
349 6
349 7
349 8
349 14
349 225
350 0
350 4
350 6
350 7
350 14
351 0
351 6
351 7
352 0
352 1
352 2
352 3
352 4
352 5
352 6
353 0
353 1
353 2
353 4
353 5
354 0
354 1
354 2
354 4
354 5
354 6
355 0
355 1
355 3
355 4
355 5
356 0
356 2
356 3
356 4
356 5
357 2
357 3
357 4
357 5
358 0
358 2
358 4
358 5
358 7
358 8
358 9
358 122
359 0
359 1
359 4
359 6
359 312
360 0
360 2
360 4
360 5
360 7
360 8
360 358
361 4
361 6
361 7
361 8
361 110
362 0
362 2
362 3
362 4
362 5
362 7
362 9
363 0
363 4
363 5
363 6
363 7
363 8
364 1
364 2
364 4
364 6
364 7
365 0
365 1
365 2
365 3
365 4
365 6
365 10
365 215
366 0
366 4
366 6
366 7
366 8
366 47
366 202
367 0
367 1
367 2
367 7
367 112
368 0
368 4
368 7
368 8
368 9
368 122
368 358
369 0
369 2
369 117
370 0
370 1
370 2
370 5
370 6
370 7
370 8
370 9
370 158
371 0
371 1
371 2
371 3
371 5
371 6
371 7
371 8
371 9
371 158
372 0
372 3
372 4
372 5
372 6
372 86
373 1
373 2
373 3
373 4
373 6
373 309
374 0
374 1
374 3
374 5
375 1
375 3
375 4
375 6
375 41
375 156
376 0
376 1
376 2
376 4
376 5
376 6
376 10
377 0
377 3
377 4
377 5
377 96
377 285
378 4
378 5
378 7
378 269
379 0
379 2
379 3
379 4
379 8
379 9
379 170
380 0
380 1
380 2
380 3
380 4
380 6
380 10
381 0
381 2
381 4
381 5
381 7
381 9
382 2
382 6
383 1
383 2
383 3
383 4
383 6
383 203
384 0
384 1
384 4
384 6
384 312
385 0
385 2
385 3
385 4
385 7
385 8
385 141
386 1
386 2
386 6
386 41
387 0
387 2
387 4
387 5
387 50
387 180
388 1
388 2
388 3
388 6
388 7
389 1
389 2
389 4
389 6
389 309
390 0
390 2
390 4
390 5
391 0
391 2
391 3
391 7
391 8
391 9
391 141
391 291
392 0
392 2
392 3
392 7
392 8
392 141
393 1
393 2
393 3
393 6
393 181
394 2
394 3
394 6
394 7
395 0
395 1
395 2
395 3
395 4
395 5
395 7
396 2
396 4
396 6
396 7
396 364
397 1
397 246
398 1
398 3
398 4
398 7
398 77
399 4
399 5
399 6
399 7
399 8
399 14
400 0
400 1
400 3
400 6
400 312
401 0
401 3
401 4
401 96
402 0
402 1
402 2
402 3
402 4
402 5
402 10
403 0
403 2
403 4
403 5
403 6
403 8
403 11
404 1
404 2
404 4
404 6
404 8
405 0
405 1
405 2
405 4
405 7
406 0
406 2
406 3
406 4
406 8
406 9
406 122
407 0
407 1
407 2
407 3
407 4
407 5
407 6
408 1
408 2
408 4
408 162
409 0
409 3
409 5
409 6
409 7
409 8
409 9
410 0
410 1
410 3
410 4
410 5
410 6
410 119
411 1
411 2
411 6
411 61
412 0
412 1
412 2
412 19
413 0
413 4
413 6
413 7
413 8
413 47
413 202
414 0
414 2
414 3
414 5
414 6
414 10
415 2
415 12
416 0
416 1
416 4
416 6
417 0
417 2
417 3
417 7
417 8
418 0
418 2
418 117
419 1
419 2
419 6
419 61
419 283
420 0
420 1
420 2
420 4
420 5
420 6
421 1
421 2
421 3
421 6
421 7
422 0
422 1
422 3
422 4
422 5
423 0
423 1
423 3
423 4
423 5
423 422
424 2
424 4
425 0
425 2
425 3
425 4
425 5
426 2
426 4
426 6
426 7
427 2
427 4
427 5
427 6
427 7
427 42
427 223
428 0
428 4
428 6
428 7
428 8
429 0
429 4
429 196
430 1
430 2
430 4
430 5
431 2
431 3
431 7
431 53
431 195
432 0
432 4
432 6
432 7
432 8
432 14
432 47
433 6
433 7
433 8
433 11
433 296
434 0
434 2
434 3
434 4
434 5
434 6
435 0
435 1
435 2
435 5
435 6
435 7
435 8
435 9
435 158
436 1
436 2
436 3
436 7
437 2
437 3
437 4
437 6
437 309
437 373
438 2
438 3
438 4
438 5
438 7
438 8
438 9
439 2
439 3
439 4
439 7
439 141
440 0
440 1
440 3
440 5
440 6
440 10
440 277
441 1
441 5
441 6
441 22
442 0
442 1
442 2
442 3
442 4
442 6
442 7
443 0
443 4
443 7
443 8
443 9
443 122
443 358
443 368
444 0
444 2
444 3
444 19
445 1
445 6
445 312
446 0
446 1
446 2
446 3
446 64
447 5
447 29
448 1
448 2
448 6
448 61
448 283
449 0
449 1
449 2
449 3
449 5
449 7
449 8
449 49
450 4
450 5
450 7
450 269
451 4
451 5
451 6
451 7
451 8
451 11
452 2
452 3
452 4
453 2
453 4
453 5
453 6
453 61
454 0
454 1
454 2
454 3
455 0
455 1
455 5
455 6
455 76
456 1
456 2
456 3
456 4
456 5
456 7
456 107
457 0
457 2
457 4
458 0
458 1
458 2
458 3
458 4
458 5
458 7
458 8
458 239
459 1
459 2
459 3
459 6
459 7
460 1
460 2
460 4
460 5
460 273
461 3
461 7
461 41
461 53
462 4
462 7
462 9
462 170
462 204
463 1
463 2
463 4
463 5
463 6
464 0
464 2
464 3
464 4
464 122
464 406
465 1
465 2
465 4
465 6
466 4
466 6
466 26
467 1
467 2
467 4
467 6
467 203
467 383
468 0
468 2
468 3
468 4
468 5
468 6
468 7
468 8
468 9
469 1
469 2
469 3
469 4
469 5
469 6
470 0
470 2
470 390
471 4
471 7
471 9
471 170
471 204
472 3
472 7
472 41
472 53
472 213
473 1
473 2
473 3
473 6
473 7
474 0
474 3
474 4
474 5
474 6
474 7
474 8
474 9
474 468
475 0
475 2
475 4
475 5
475 8
475 358
476 0
476 1
476 2
476 4
476 6
477 2
477 3
477 6
477 7
477 53
478 1
478 2
478 3
478 4
478 6
478 7
479 1
479 2
479 89
480 1
480 4
480 6
480 33
480 325
481 0
481 2
481 3
481 5
481 6
481 7
481 8
481 9
481 158
481 371
482 0
482 1
482 3
482 4
482 6
482 312
483 1
483 2
483 3
483 6
483 7
484 4
484 196
484 429
485 0
485 2
485 3
485 4
485 5
486 0
486 2
486 3
486 4
486 9
486 78
487 0
487 1
487 2
487 4
487 6
487 476
488 1
488 2
488 6
488 7
489 0
489 1
489 2
489 3
490 0
490 1
490 2
490 3
490 4
490 64
491 4
491 6
491 7
491 8
491 428
492 0
492 2
492 8
492 9
492 304
493 1
493 2
493 3
493 5
493 6
493 8
494 0
494 1
494 3
494 4
494 5
494 6
495 2
495 3
495 7
495 8
495 9
495 141
495 291
496 1
496 2
496 3
496 4
496 6
496 7
497 2
497 3
497 4
497 83
498 0
498 2
498 4
498 5
499 1
499 3
499 6
499 7
499 103
500 0
500 1
500 2
500 3
500 4
500 5
500 7
500 8
501 1
501 2
501 4
501 5
501 6
501 61
502 0
502 2
502 3
502 7
502 8
502 141
502 291
503 0
503 2
503 3
503 5
504 1
504 2
504 3
504 4
504 6
504 10
505 1
505 2
505 3
505 6
505 7
505 41
505 53
506 2
506 4
506 6
506 7
507 0
507 1
507 3
507 4
507 5
507 6
508 0
508 1
508 2
508 7
508 112
509 1
509 2
509 4
509 6
509 61
510 0
510 1
510 3
510 4
510 5
510 6
510 165
511 1
511 2
511 4
511 7
512 1
512 2
512 3
512 4
512 6
513 0
513 4
513 5
513 7
513 8
514 3
514 6
514 7
514 41
514 53
514 160
515 4
516 1
516 2
516 3
516 5
516 7
516 8
516 49
516 449
517 1
517 4
517 6
517 22
518 3
518 4
518 5
518 456
519 3
519 5
519 7
519 269
520 3
520 7
520 41
520 53
521 6
521 7
521 16
522 0
522 3
522 5
522 6
522 7
522 8
522 9
523 0
523 2
523 5
523 6
523 7
523 8
523 11
524 5
524 6
525 0
525 1
525 2
525 3
525 5
525 6
525 102
526 1
526 2
526 7
526 41
526 53
527 0
527 2
527 3
527 4
527 5
527 6
527 8
527 9
528 4
528 5
528 8
528 9
528 308
529 0
529 2
529 5
529 498
530 0
530 2
530 3
530 4
530 5
530 9
531 1
531 3
531 4
531 77
532 0
532 2
532 3
532 5
533 1
533 3
533 5
533 6
533 238
534 0
534 1
534 2
534 3
534 6
534 102
534 281
535 0
535 1
535 4
535 6
536 2
536 3
536 7
536 41
536 53
537 2
537 6
537 7
537 41
537 211
538 0
538 2
538 4
538 7
538 8
538 141
539 1
539 2
539 4
539 7
540 2
540 4
540 6
540 7
540 8
540 11
540 270
541 1
541 2
541 6
541 22
542 1
542 2
542 3
542 5
542 6
542 8
542 9
542 158
543 0
543 1
543 2
543 3
543 4
543 6
544 2
544 3
544 7
544 8
544 9
545 0
545 6
545 7
545 90
546 0
546 1
546 2
546 3
546 4
546 5
546 6
546 7
546 251
547 0
547 1
547 2
547 5
547 6
547 7
547 9
547 158
547 370
548 2
548 3
548 6
548 7
548 41
548 211
549 0
549 3
549 4
549 5
549 6
549 86
550 0
550 1
550 2
550 6
551 1
551 2
551 4
551 5
551 6
551 22
552 0
552 6
552 7
552 90
553 29
553 447
554 1
554 4
554 5
554 22
555 0
555 1
555 2
555 4
555 6
555 8
555 234
556 0
556 4
556 6
556 7
557 0
557 1
557 2
557 4
557 6
557 7
558 0
558 1
558 2
558 5
558 7
559 0
559 1
559 2
559 3
559 4
559 5
559 6
559 7
559 8
560 1
560 2
560 4
560 7
560 539
561 0
561 2
561 3
561 4
561 7
561 9
561 362
562 2
562 3
562 4
562 5
562 7
563 0
563 1
563 2
563 3
563 5
563 6
563 7
563 8
563 9
563 158
564 0
564 3
564 7
564 97
565 0
565 1
565 2
565 4
565 7
566 1
566 2
566 3
566 4
566 5
566 6
567 2
567 12
567 327
568 0
568 3
568 4
568 7
568 8
568 141
569 2
569 3
569 5
569 6
569 7
569 8
569 9
569 158
569 371
570 1
570 2
570 3
570 5
570 6
570 8
570 9
570 158
571 0
571 4
571 7
571 8
571 9
571 122
571 358
571 368
571 443
572 0
572 1
572 2
572 4
572 6
572 8
572 234
573 2
573 3
573 4
573 5
573 7
573 8
573 107
573 258
574 1
574 2
574 3
574 7
574 41
575 2
575 3
575 7
575 41
575 53
576 2
576 4
576 6
576 7
576 426
577 0
577 1
577 2
577 3
577 4
577 6
577 115
578 0
578 2
578 4
578 5
578 50
578 180
578 262
579 0
579 3
579 5
579 7
579 9
580 2
580 3
580 4
580 6
581 0
581 1
581 2
581 3
581 4
581 5
581 7
581 8
581 239
582 0
582 1
582 2
582 3
582 4
582 6
582 10
583 0
583 2
583 3
583 4
583 5
583 7
583 8
583 9
584 4
584 5
584 7
584 8
585 1
585 3
585 5
586 0
586 1
586 3
586 4
586 5
586 6
587 0
587 4
587 6
587 7
587 14
587 47
588 0
588 4
588 6
588 7
588 35
589 0
589 4
589 6
589 14
590 3
590 5
590 7
590 269
591 0
591 2
591 3
591 4
591 7
592 1
592 3
592 6
592 312
592 400
593 0
593 2
593 5
593 6
593 7
593 523
594 2
594 3
594 6
594 7
595 0
595 1
595 2
595 4
595 8
595 234
595 555
596 4
596 5
596 6
596 7
596 8
596 11
596 451
597 0
597 2
597 5
598 2
598 4
598 5
598 8
598 107
599 0
599 1
599 2
599 3
599 4
599 5
599 7
599 8
600 0
600 1
600 3
600 4
600 5
601 1
601 3
601 4
601 5
601 6
601 7
601 8
601 268
602 0
602 1
602 3
602 4
602 5
602 6
602 7
602 8
603 0
603 4
603 5
603 9
604 0
604 1
604 4
604 5
604 6
604 7
604 8
604 9
604 158
605 0
605 2
605 3
605 7
605 9
606 1
606 2
606 7
606 112
607 1
607 2
607 3
607 5
607 7
607 8
607 49
607 449
608 1
608 2
608 3
608 4
608 6
608 7
609 1
609 4
609 6
609 33
609 325
609 480
610 1
610 2
610 4
610 6
610 8
611 0
611 1
611 2
611 3
611 4
611 5
611 6
611 7
611 8
612 0
612 2
612 3
612 4
613 0
613 1
613 2
613 3
613 5
613 6
613 7
613 8
613 9
614 0
614 2
614 3
614 4
614 8
614 141
614 385
615 0
615 4
615 5
615 6
615 7
615 8
615 14
615 282
616 2
616 6
616 7
616 426
617 0
617 1
617 2
617 3
617 4
617 7
617 288
618 0
618 2
618 5
618 6
618 7
618 8
618 11
619 0
619 1
619 3
619 4
619 5
619 6
619 7
619 8
619 611
620 0
620 1
620 2
620 3
620 4
620 6
621 4
621 5
621 6
621 61
622 2
622 4
622 5
623 1
623 6
623 312
623 400
624 1
624 2
624 6
624 22
625 1
625 2
625 7
625 483
626 0
626 1
626 3
626 4
626 312
627 1
627 2
627 4
627 5
627 7
627 8
628 0
628 1
628 2
628 4
628 5
628 6
629 4
629 6
629 7
629 14
629 172
630 0
630 2
630 3
630 5
630 7
631 0
631 4
631 6
631 7
632 1
632 2
632 3
632 5
632 6
632 8
632 9
632 158
633 0
633 2
633 144
634 0
634 2
634 3
634 4
635 0
635 3
635 4
635 5
635 6
635 86
635 549
636 6
636 7
636 16
637 1
637 2
637 3
637 4
637 5
637 6
637 15
638 0
638 1
638 2
638 3
638 5
638 7
638 8
638 49
639 0
639 1
639 2
639 454
640 3
640 5
640 7
640 8
640 9
640 49
641 4
641 5
641 7
641 8
641 14
642 0
642 1
642 2
642 3
642 4
642 6
642 7
642 8
643 4
643 7
643 269
643 378
644 0
644 1
644 2
644 4
644 5
644 8
644 239
645 0
645 3
645 6
645 7
645 8
645 9
646 0
646 2
646 3
646 4
646 5
646 6
646 7
646 8
646 9
647 0
647 97
647 564
648 0
648 1
648 2
648 3
648 4
648 5
648 6
648 10
648 241
649 2
649 3
649 7
649 41
649 536
650 2
650 4
651 2
651 3
651 4
651 6
652 0
652 2
652 5
652 7
652 8
652 11
652 523
653 4
653 7
653 14
653 172
653 629
654 0
654 2
654 4
654 5
654 6
654 7
654 8
654 9
655 0
655 2
655 3
655 4
655 122
655 406
656 2
656 3
656 4
656 5
656 6
656 469
657 1
657 4
657 33
657 325
657 480
658 0
658 1
658 3
658 4
658 5
658 7
658 8
658 239
659 0
659 2
659 3
659 4
659 7
659 78
659 148
660 2
660 3
660 7
660 41
660 53
661 0
661 2
661 3
661 8
661 9
661 141
661 289
662 2
662 3
662 4
662 136
663 5
663 6
663 61
664 1
664 2
664 4
664 6
664 22
664 113
665 1
665 2
665 3
665 4
665 5
665 7
665 8
666 0
666 3
666 5
666 6
666 7
666 8
666 9
667 1
667 2
667 4
667 5
667 6
667 7
667 42
668 1
668 2
668 5
668 6
668 8
669 0
669 1
669 2
669 19
670 0
670 1
670 2
670 5
670 7
670 8
670 9
670 158
671 0
671 2
671 3
671 5
671 6
671 7
671 9
672 0
672 1
672 2
672 3
672 5
672 6
673 2
673 3
673 4
673 7
673 9
673 141
673 170
674 1
674 2
674 3
674 4
674 6
675 3
675 6
675 41
675 53
675 160
676 4
676 6
676 8
676 26
676 56
677 0
677 2
677 3
677 19
678 1
678 2
678 4
678 5
678 6
678 22
679 0
679 1
679 4
679 8
679 234
679 555
680 0
680 4
680 5
680 58
681 1
681 2
681 3
681 4
681 5
681 6
682 2
682 3
682 7
682 41
682 53
683 0
683 2
683 3
683 4
684 0
684 2
684 4
685 1
685 2
685 4
685 5
685 6
685 61
685 186
686 1
686 2
686 3
686 4
686 5
686 7
686 8
686 9
686 49
687 0
687 2
687 3
687 5
687 68
688 0
688 1
688 2
688 4
688 6
688 487
689 2
689 4
689 6
689 7
689 8
689 9
690 7
690 41
690 213
691 3
691 7
691 41
691 53
692 4
692 6
692 8
692 26
692 56
692 222
693 1
693 2
693 4
694 0
694 1
694 3
694 4
694 5
694 6
694 7
694 8
694 611
695 2
695 3
695 7
695 41
695 53
696 2
696 3
696 4
696 683
697 0
697 2
697 3
697 5
697 7
697 9
698 2
698 3
698 5
698 6
698 7
698 8
698 9
698 158
698 371
698 569
699 1
699 2
699 3
699 4
699 5
699 7
699 107
700 1
700 4
700 6
700 22
701 0
701 1
701 2
701 3
701 5
701 6
701 232
702 1
702 2
702 4
702 5
702 6
702 15
702 637
703 0
703 1
703 2
703 4
703 7
704 1
704 2
704 6
704 22
704 541
705 0
705 3
705 4
705 7
705 9
706 0
706 2
706 3
706 5
706 6
706 102
706 281
707 0
707 2
707 3
707 6
708 4
708 196
709 4
709 5
709 7
709 269
709 450
710 0
710 4
710 6
710 7
710 8
710 14
710 432
711 2
711 5
711 6
711 7
711 523
711 593
712 2
712 3
712 6
713 2
713 3
713 7
713 53
714 4
714 6
714 7
714 8
714 14
714 110
715 1
715 2
715 3
715 4
715 6
715 7
715 8
715 152
716 1
716 3
716 4
716 5
717 1
717 3
717 4
717 6
717 10
718 2
718 3
718 7
718 8
718 9
718 141
718 291
719 0
719 2
719 4
719 6
720 0
720 1
720 2
720 6
720 102
721 0
721 1
721 2
721 4
721 5
721 7
721 8
722 0
722 1
722 3
722 4
722 5
722 6
723 0
723 3
723 5
723 7
723 9
724 5
724 6
724 7
724 8
724 11
725 0
725 1
725 3
725 4
725 5
725 6
725 165
726 0
726 1
726 2
726 4
727 0
727 1
727 3
727 4
727 5
727 6
727 7
727 611
728 1
728 2
728 6
729 0
729 1
729 3
729 5
729 374
730 1
730 2
730 3
730 4
731 1
731 2
731 4
731 5
731 6
731 61
731 186
732 1
732 3
732 4
733 1
733 2
733 3
733 4
733 6
733 373
734 1
734 4
734 5
735 1
735 2
735 5
735 6
735 61
736 6
736 26
736 466
737 0
737 1
737 2
737 5
737 6
737 7
737 8
737 9
738 6
738 22
738 113
738 161
739 0
739 1
739 2
739 3
740 3
740 5
740 7
740 8
740 49
740 640
741 1
741 2
741 3
741 4
741 6
742 0
742 2
742 3
742 5
742 7
742 9
742 49
742 301
743 1
743 2
743 5
743 6
743 46
744 3
744 5
744 7
744 8
744 49
744 640
745 6
745 7
745 8
745 110
746 0
746 1
746 4
746 312
747 0
747 2
747 4
747 5
747 7
747 42
747 223
748 0
748 6
748 14
749 0
749 4
749 5
749 6
749 7
749 90
750 6
750 145
751 0
751 1
751 2
751 3
751 4
751 5
752 0
752 2
752 3
752 4
752 5
752 78
752 91
753 0
753 1
753 4
753 5
753 6
754 0
754 4
754 5
754 6
754 86
754 549
755 0
755 2
755 3
755 4
755 9
755 170
756 1
756 2
756 3
756 5
756 6
756 8
756 206
757 0
757 1
757 2
757 3
757 4
757 6
757 7
757 8
757 9
758 0
758 1
758 2
758 3
758 4
758 5
758 7
759 0
759 1
759 3
759 5
759 6
760 0
760 3
760 97
761 0
761 1
761 2
761 3
761 4
761 6
761 115
762 0
762 1
762 3
763 6
764 0
764 1
764 3
764 4
764 5
764 6
764 165
765 1
765 2
765 6
765 41
765 53
766 1
766 2
766 61
767 2
767 4
767 61
768 1
768 4
768 162
769 1
769 3
769 6
769 312
769 400
770 4
770 5
770 7
770 8
770 11
771 0
771 1
771 2
771 3
771 4
771 6
771 7
772 0
772 2
772 3
772 4
772 5
772 8
772 9
773 1
773 4
773 6
773 22
774 0
774 2
774 3
774 7
774 8
774 9
774 141
774 170
775 0
775 2
775 3
775 4
775 5
775 180
776 0
776 1
776 2
776 3
776 4
776 5
776 7
777 1
777 2
778 0
778 4
778 7
778 8
778 9
778 122
778 358
778 368
778 443
779 4
779 6
779 7
779 14
779 110
779 714
780 6
781 0
781 2
781 3
781 5
781 7
781 8
781 9
782 0
782 2
782 3
783 0
783 1
783 3
783 4
783 312
784 0
784 2
784 4
784 7
784 8
784 9
785 0
785 2
785 4
785 7
785 8
785 9
786 1
786 2
786 3
786 64
787 2
787 3
787 4
787 6
787 190
788 0
788 1
788 3
788 6
788 102
788 281
788 534
789 2
789 3
789 4
789 5
789 6
789 7
789 8
789 9
790 1
790 2
790 4
790 7
791 0
791 1
791 4
791 5
791 7
792 1
792 2
792 3
792 4
792 6
792 7
792 57
793 0
793 3
793 4
793 5
793 6
793 86
793 549
794 1
794 2
794 3
794 4
794 6
795 0
795 1
795 2
795 3
795 348
796 2
796 3
796 5
797 1
797 2
797 3
797 4
797 6
797 8
798 2
798 4
798 6
798 7
798 364
798 396
799 0
799 1
799 2
799 3
799 4
800 0
800 1
800 2
800 3
800 5
800 6
800 7
801 1
801 3
801 4
801 5
801 6
802 0
802 2
802 4
802 5
803 0
803 2
803 3
803 5
803 6
804 0
804 2
804 3
805 0
805 2
805 3
805 4
805 8
805 9
805 141
806 2
806 3
806 4
806 5
806 6
806 469
807 0
807 2
807 3
807 5
807 7
807 334
808 0
808 2
808 3
808 7
809 3
809 4
809 6
810 2
810 4
810 7
810 511
811 4
811 6
811 14
812 0
812 1
812 2
812 3
812 5
812 7
812 8
812 49
813 0
813 1
813 2
813 6
814 4
814 8
814 26
814 56
815 1
815 2
815 3
815 5
815 6
815 7
815 8
815 9
816 0
816 1
816 2
816 3
816 4
816 5
816 6
816 7
816 13
817 6
817 7
817 14
817 25
818 0
818 5
818 7
818 9
819 0
819 2
819 3
819 5
820 0
820 5
820 7
821 2
821 4
821 6
821 7
821 166
822 0
822 4
822 5
822 6
822 8
822 14
822 282
823 0
823 1
823 2
823 3
823 4
823 6
823 115
824 0
824 4
824 7
824 8
824 47
824 202
824 413
825 5
826 3
826 7
826 8
826 49
826 640
827 1
827 2
827 3
827 5
827 6
827 8
828 1
828 2
828 5
828 6
828 22
828 46
829 3
829 4
829 7
829 9
829 362
829 561
830 0
830 2
830 3
830 9
831 2
831 3
831 6
831 7
831 421
832 3
832 7
832 97
833 4
833 6
833 7
833 8
833 47
833 202
834 2
834 3
834 4
834 9
834 170
834 182
835 0
835 1
835 3
835 4
835 5
835 6
835 165
835 725
836 0
836 6
836 7
837 2
837 3
837 4
837 7
837 33
838 2
838 4
838 6
838 209
839 0
839 2
839 3
839 4
839 5
839 425
840 0
840 2
840 3
840 4
840 5
840 7
840 8
840 9
841 0
841 2
841 3
841 5
841 6
842 4
842 6
842 7
842 14
843 0
843 2
843 3
843 5
843 6
843 7
843 8
843 9
844 0
844 1
844 2
844 3
844 115
845 7
845 8
846 0
846 2
846 4
847 0
847 5
847 6
847 7
847 90
848 1
848 2
848 4
848 5
849 0
849 2
849 3
850 0
850 1
850 2
850 6
850 9
850 158
850 370
851 0
851 2
851 3
851 4
851 6
852 0
852 2
852 3
852 4
852 9
852 170
852 755
853 1
853 2
853 6
853 41
853 53
854 0
854 2
854 3
854 4
854 6
854 851
855 1
855 2
855 4
855 6
855 8
856 0
856 2
856 3
856 4
856 683
857 2
857 4
857 5
857 6
858 0
858 1
858 2
858 3
858 4
858 6
858 7
859 0
859 1
859 2
859 4
859 6
859 8
860 2
860 3
860 6
860 7
861 0
861 1
861 4
861 5
861 6
861 7
861 8
861 9
861 158
861 604
862 1
862 2
862 3
862 5
862 7
862 8
862 49
863 1
863 2
863 41
864 0
864 4
864 5
864 6
864 7
864 8
864 363
865 0
865 1
865 2
865 3
865 4
865 7
865 8
866 1
866 2
866 3
866 4
867 4
867 5
867 6
867 8
868 1
868 2
868 6
868 61
869 0
869 3
869 5
869 7
869 9
869 78
870 0
870 2
870 3
870 7
870 8
870 9
870 141
870 291
871 4
871 7
871 378
871 643
872 0
872 2
872 4
872 5
872 6
873 2
873 3
873 4
873 6
874 3
874 7
874 41
875 1
875 2
875 3
875 4
875 6
875 7
875 8
876 5
876 6
876 14
877 1
877 2
877 3
877 4
878 2
878 3
879 0
879 4
879 5
879 180
880 0
880 1
880 3
880 4
880 5
880 6
880 7
880 727
881 1
881 2
881 4
881 7
882 1
882 2
882 3
882 4
883 2
883 4
883 5
883 61
884 2
884 4
884 6
884 7
885 0
885 1
885 2
885 3
885 5
885 6
885 10
886 0
886 1
886 2
886 4
886 5
886 7
887 0
887 2
887 4
887 5
887 126
888 0
888 1
888 4
888 5
888 6
888 7
888 9
888 158
889 0
889 1
889 3
889 4
889 6
889 165
890 0
890 1
890 3
890 4
890 5
890 6
891 1
891 2
891 3
891 4
891 5
891 7
891 107
892 0
892 1
892 4
892 7
892 42
893 0
893 1
893 4
893 5
893 6
893 7
893 9
893 158
894 2
894 3
894 4
894 6
894 7
895 1
895 2
895 4
895 6
895 61
896 0
896 1
896 2
896 3
896 4
896 168
897 1
897 246
898 0
898 2
898 5
898 50
898 180
899 2
899 3
899 7
899 536
900 1
900 2
900 3
900 4
900 6
900 7
900 8
900 106
901 3
901 6
902 1
902 2
902 5
902 6
902 22
902 46
902 828
903 2
903 4
903 6
903 7
904 3
904 7
904 9
904 362
904 561
905 0
905 2
905 3
905 5
905 6
905 7
906 2
906 3
906 6
906 181
907 0
907 2
907 4
907 5
907 50
907 180
907 262
908 0
908 1
908 2
908 3
908 6
908 102
908 281
909 1
909 2
909 3
909 4
909 6
909 33
909 325
910 0
910 1
910 3
910 4
910 5
910 6
910 7
910 8
911 4
911 6
912 2
912 3
912 7
912 8
912 544
913 0
913 1
913 2
913 4
913 5
913 6
913 7
913 8
913 177
914 0
914 1
914 2
914 348
915 3
915 4
915 8
915 9
915 141
915 330
916 0
916 1
916 2
916 3
916 279
917 0
917 1
917 6
917 7
918 0
918 1
918 3
918 4
918 5
918 6
918 7
918 8
919 0
919 3
919 4
919 5
919 7
920 2
920 3
920 5
920 6
920 7
920 9
920 311
921 1
921 2
921 777
922 0
922 1
922 2
922 3
922 115
923 3
923 4
923 7
923 9
923 141
923 170
923 182
924 0
924 2
924 3
924 5
924 7
924 9
924 49
924 301
925 0
925 1
925 2
925 7
926 0
926 2
926 3
926 5
926 7
927 4
927 5
927 6
927 7
927 14
928 2
928 4
928 5
928 40
929 1
929 2
929 6
929 41
929 765
930 0
930 5
930 7
930 9
931 0
931 4
931 5
931 6
931 7
931 8
931 9
931 158
932 0
932 3
932 5
932 7
932 9
933 1
933 2
933 4
933 5
933 48
934 1
934 3
934 6
935 1
935 2
935 6
935 7
935 41
935 53
935 505
936 4
936 5
936 295
937 1
937 3
937 4
937 41
938 3
938 5
938 8
938 49
938 640
938 740
939 0
939 1
939 2
939 639
940 0
940 4
940 5
940 6
940 7
940 9
940 468
940 474
941 0
941 3
941 4
941 5
941 6
941 86
941 549
942 0
942 1
942 3
942 4
942 5
943 0
943 4
943 7
943 8
943 428
944 0
944 7
944 8
945 0
945 2
945 3
945 5
946 0
946 1
946 2
946 3
946 5
946 6
946 10
947 0
947 2
947 3
947 4
947 5
948 0
948 1
948 3
948 4
948 312
948 783
949 4
949 7
949 9
949 170
950 0
950 2
950 4
950 5
950 7
950 121
951 6
951 7
951 41
951 211
952 0
952 5
952 6
952 7
953 1
953 2
953 4
953 162
954 0
954 3
954 4
954 9
955 1
955 2
955 3
955 5
955 6
955 8
955 9
956 0
956 1
956 2
956 3
956 4
957 4
957 5
957 6
957 7
957 8
957 14
958 0
958 2
958 5
958 8
958 9
959 0
959 2
959 4
959 5
959 7
959 9
959 78
959 347
960 0
960 1
960 2
960 3
960 4
960 5
960 6
960 7
960 251
961 0
961 1
961 2
961 3
961 4
961 5
961 6
961 7
961 251
962 2
962 3
962 4
962 5
962 180
962 775
963 0
963 1
963 2
963 4
963 5
963 6
964 0
964 1
964 2
964 4
964 8
964 234
964 555
965 2
965 3
965 4
965 6
966 2
966 5
966 7
966 97
966 212
967 3
967 5
967 7
967 8
967 49
968 1
968 2
968 3
968 4
968 6
968 41
969 0
969 6
969 7
969 8
969 9
970 1
970 2
970 348
971 1
971 2
971 3
971 6
971 7
972 2
972 3
972 4
972 6
973 0
973 1
973 2
973 4
973 7
973 42
973 252
974 0
974 2
974 3
974 5
974 6
975 4
975 6
975 7
975 8
975 11
975 270
975 296
976 0
976 1
976 3
976 4
976 5
976 7
976 727
977 0
977 1
977 2
977 112
978 0
978 2
978 4
978 5
978 262
979 0
979 1
979 2
979 4
979 6
979 7
980 7
980 41
980 53
981 0
981 4
981 7
981 9
981 122
981 358
981 368
982 0
982 1
982 2
982 4
982 5
982 7
983 0
983 2
983 3
983 4
983 6
983 7
983 8
983 9
984 0
984 1
984 4
984 6
984 312
985 1
985 2
985 3
985 4
986 0
986 1
986 2
986 3
986 4
986 5
987 1
987 2
987 4
987 5
987 6
988 4
988 6
988 7
988 8
988 714
989 0
989 1
989 4
989 5
989 7
989 9
989 158
990 0
990 2
990 3
990 4
990 6
990 8
990 200
991 0
991 1
991 2
991 5
991 6
991 7
992 1
992 2
992 3
992 5
992 6
993 0
993 2
993 3
993 8
993 9
993 141
993 170
994 1
994 2
994 4
994 5
994 6
994 7
994 42
995 0
995 1
995 2
995 3
995 4
995 6
995 7
995 8
996 0
996 4
996 7
996 8
996 122
996 358
996 368
997 0
997 2
997 3
997 7
997 8
997 9
997 141
998 3
998 4
998 5
998 456
999 0
999 2
999 3
999 5
999 6
