1 0
2 0
2 1
3 0
3 1
3 2
4 0
4 1
4 2
4 3
5 0
5 1
5 2
5 3
5 4
6 0
6 1
6 2
6 3
6 4
6 5
7 0
7 1
7 2
7 3
7 4
7 5
7 6
8 0
8 1
8 2
8 3
8 4
8 5
8 6
8 7
9 0
9 1
9 2
9 3
9 4
9 5
9 6
9 7
9 8
10 6
10 8
11 3
11 6
12 1
12 4
12 7
12 8
13 0
13 2
14 0
14 1
14 5
15 12
16 6
17 7
18 1
18 4
18 6
20 0
20 14
21 5
22 8
23 1
23 3
23 4
23 5
24 11
25 13
26 1
26 12
27 8
27 9
28 2
28 5
29 14
29 20
30 8
31 1
31 5
31 7
32 20
33 6
33 8
35 8
36 8
37 4
38 33
40 11
41 25
42 5
42 9
44 6
45 3
45 4
45 5
46 5
46 45
47 6
47 7
48 11
48 40
49 8
49 27
51 1
51 8
52 6
53 20
54 0
54 14
54 20
55 5
55 7
55 8
56 8
57 9
57 27
58 5
59 2
59 7
60 4
60 23
61 3
62 55
63 8
63 22
64 0
64 8
65 28
66 8
67 8
67 63
68 31
70 8
70 36
71 8
71 22
72 71
73 6
73 47
74 25
75 8
75 70
76 4
77 41
78 14
78 29
79 57
80 4
80 12
81 6
81 73
82 3
82 7
83 13
83 25
84 4
84 6
85 20
85 29
86 6
86 11
87 1
87 9
88 8
88 30
89 29
89 85
90 33
91 2
92 8
92 35
93 57
94 6
95 3
95 6
96 12
98 5
98 46
99 6
99 11
100 6
100 44
101 84
102 20
103 0
103 4
103 7
104 8
104 33
105 101
106 71
108 28
109 1
109 12
109 26
111 25
111 74
112 2
112 3
112 4
113 26
114 104
115 75
116 0
116 6
116 8
117 99
118 20
119 3
119 7
120 1
120 23
122 120
124 1
124 3
125 1
125 4
126 12
126 15
128 70
128 75
129 1
129 9
129 87
131 84
132 63
134 3
134 61
135 0
135 1
135 2
135 7
136 2
136 5
137 4
137 45
138 38
139 25
140 120
141 89
142 8
142 27
143 1
143 8
145 136
146 1
147 0
147 1
148 14
149 12
149 96
150 4
151 5
151 9
152 135
153 7
153 135
154 1
154 9
154 129
155 13
155 83
156 8
156 22
156 63
157 85
157 89
158 4
158 7
158 12
160 103
161 116
162 9
162 129
163 3
163 82
165 0
165 8
166 129
166 162
167 2
167 7
168 93
169 4
169 5
170 153
171 101
172 54
173 7
174 2
175 103
175 160
176 0
176 3
176 4
177 140
178 3
180 30
181 0
181 4
181 8
182 158
183 1
185 47
186 27
186 142
187 6
187 86
188 6
188 94
189 103
189 160
190 68
191 73
192 45
193 83
194 0
194 181
195 11
196 5
196 8
197 176
198 83
199 57
200 4
200 125
201 1
201 2
201 4
201 5
201 9
202 21
203 20
203 102
204 89
204 157
205 0
205 4
205 6
206 1
206 23
207 142
208 7
208 47
209 104
209 114
211 162
212 1
212 125
213 48
214 202
215 51
216 47
218 28
219 2
219 135
221 33
222 165
223 4
223 112
224 222
225 7
225 59
226 6
226 7
227 11
228 12
228 149
230 33
231 2
231 59
232 6
233 3
233 6
234 1
234 4
235 3
235 5
236 1
236 2
236 201
238 112
239 44
240 3
240 163
241 1
241 201
242 187
243 4
243 6
245 26
245 113
246 56
247 25
247 41
248 6
248 7
249 51
251 7
251 226
252 2
252 7
253 27
254 4
254 5
254 23
255 212
256 201
258 73
259 54
260 249
261 27
261 142
263 73
264 1
265 173
266 75
266 128
267 75
268 125
269 9
269 27
270 226
272 57
272 93
273 264
275 8
276 8
277 63
278 6
278 81
279 0
280 13
280 83
281 4
281 169
282 35
282 92
283 75
284 11
284 227
285 103
286 62
287 160
288 103
288 175
289 56
289 246
290 162
290 211
291 276
293 135
294 0
295 4
295 201
296 125
296 268
297 3
297 233
298 4
299 5
300 205
301 90
302 27
302 142
302 261
304 2
304 231
305 290
306 175
306 288
307 9
307 42
308 103
309 47
309 73
310 73
310 191
311 157
312 196
313 272
314 135
315 72
316 12
316 126
317 208
318 235
319 8
320 103
320 160
321 2
321 59
321 231
322 44
323 6
323 7
323 248
324 78
325 44
326 300
327 211
327 290
328 71
329 256
330 1
330 3
330 6
330 9
331 231
331 304
332 160
332 189
333 3
333 330
334 6
334 81
335 113
335 245
336 70
337 1
337 109
338 8
338 143
339 40
339 48
340 8
342 55
343 1
343 3
344 258
345 327
347 2
347 3
347 5
347 9
348 1
348 234
349 135
350 320
351 13
351 25
352 140
353 0
353 4
354 0
354 5
355 135
356 12
357 215
358 192
359 103
359 175
360 153
361 196
362 8
362 70
363 3
363 4
364 4
365 352
366 233
367 11
367 99
368 2
368 5
369 44
369 325
370 31
371 116
372 92
372 282
373 358
374 27
374 302
375 25
376 61
377 295
378 202
379 313
381 13
382 4
383 47
383 185
384 93
384 272
385 0
385 4
386 295
386 377
387 45
387 192
389 357
390 129
390 154
392 4
392 45
393 385
394 6
394 99
395 196
395 312
396 48
396 339
398 264
398 273
400 42
401 89
401 141
402 125
403 166
405 362
406 239
407 162
407 211
408 8
409 106
410 95
411 112
412 103
412 288
413 81
413 334
414 211
414 407
415 181
416 2
418 6
420 202
422 42
423 1
423 4
424 6
424 100
425 146
426 51
426 215
427 125
427 200
428 1
429 9
429 151
430 14
431 320
431 350
433 26
434 0
435 5
435 347
436 1
436 4
436 5
438 169
439 222
440 357
441 181
442 51
442 215
444 359
445 2
445 4
445 8
446 201
446 241
447 389
448 3
449 118
450 7
450 59
451 0
451 103
452 297
454 156
455 30
455 180
456 1
456 3
457 285
458 327
460 7
461 1
461 337
462 95
463 112
464 425
466 1
466 234
467 416
468 192
469 291
471 87
471 129
472 38
473 12
473 96
473 149
474 358
474 373
475 95
475 462
476 27
476 253
477 363
478 282
478 372
479 23
479 206
480 27
480 253
481 13
482 187
482 242
483 2
483 236
484 5
484 435
485 4
485 45
486 70
487 5
487 368
489 208
490 0
490 165
491 481
492 1
494 4
495 25
496 372
497 195
498 38
498 138
499 62
500 422
501 180
502 99
502 394
503 181
503 415
504 245
506 12
506 356
507 339
508 45
509 435
509 484
510 412
511 33
511 104
513 162
514 269
515 162
515 211
516 3
517 192
517 387
518 265
519 372
519 478
523 28
523 65
525 474
527 14
528 253
528 480
529 207
530 7
530 153
531 1
531 234
531 348
532 71
532 72
533 473
535 196
535 395
536 136
536 145
537 81
537 413
538 7
539 348
539 531
540 5
540 42
541 235
542 8
542 71
543 83
543 198
544 5
544 98
545 11
545 86
547 10
548 6
548 188
549 1
549 8
550 70
550 336
552 469
553 548
554 161
555 4
555 18
556 212
558 9
559 73
560 95
560 462
561 166
562 476
563 76
565 2
565 4
565 5
566 48
566 213
567 490
568 14
569 113
570 5
571 4
571 565
572 436
573 181
573 415
574 206
576 4
576 295
577 414
578 323
579 385
580 1
580 4
581 23
583 9
583 27
586 116
587 44
587 369
588 231
588 331
589 59
590 33
591 7
591 248
591 323
592 3
592 5
592 6
592 8
593 4
593 9
594 38
595 4
595 125
596 1
596 492
597 580
598 593
599 135
599 153
600 82
601 0
601 2
601 3
601 5
601 8
604 242
605 5
605 235
606 75
606 128
607 3
607 592
608 201
608 241
609 141
609 401
610 601
611 72
611 315
612 3
612 7
613 26
613 109
614 12
614 15
615 7
615 103
617 455
618 5
618 42
619 28
619 108
620 165
621 2
621 135
622 377
623 71
624 84
624 101
625 315
625 611
626 374
628 580
629 156
630 6
630 81
630 278
631 135
631 293
632 327
632 345
633 2
633 59
633 321
634 9
635 156
636 8
637 9
637 57
640 125
640 595
641 55
642 542
643 35
643 282
645 3
645 235
646 12
646 158
647 6
648 54
648 172
649 508
650 1
651 369
651 587
652 22
652 71
653 48
654 4
654 84
655 99
656 231
657 7
658 57
659 7
659 252
661 484
663 7
663 248
663 591
664 116
664 371
665 378
666 101
666 171
667 245
667 335
668 290
668 305
669 163
670 5
670 347
671 8
672 48
672 213
673 8
673 592
674 415
675 216
676 487
677 103
678 27
679 279
680 37
681 16
682 12
682 149
683 129
684 142
684 207
685 496
686 5
687 242
688 320
689 207
689 684
690 5
690 235
691 11
691 545
692 314
693 208
693 489
694 4
694 23
696 333
697 1
698 672
699 6
699 394
700 2
700 321
700 633
701 352
701 365
702 81
703 8
704 4
705 8
706 72
706 315
708 1
708 4
709 153
709 170
710 25
711 6
711 699
712 0
712 354
713 154
714 1
714 4
714 18
715 233
716 2
716 368
717 8
717 275
719 8
719 27
719 142
720 6
720 94
722 6
722 11
723 8
723 27
724 647
725 173
725 265
727 570
729 202
729 378
730 4
730 205
731 3
731 645
732 178
733 7
733 538
734 26
734 433
735 13
735 83
736 264
737 269
737 514
738 7
738 323
738 591
739 308
740 61
740 134
741 2
741 167
742 46
743 4
743 565
744 3
744 82
745 415
746 125
747 192
748 8
748 196
749 6
749 81
750 8
750 705
752 1
752 337
753 85
754 369
754 651
756 2
756 368
758 14
758 527
759 112
759 411
760 70
761 9
761 201
762 347
763 79
764 725
765 4
765 445
766 607
767 149
767 228
768 6
768 95
769 84
770 61
770 376
771 90
772 374
773 240
774 2
775 35
775 282
776 338
777 8
778 253
779 8
780 0
780 6
780 8
780 116
781 41
781 77
782 2
782 483
783 738
784 3
785 192
785 517
786 51
786 215
787 162
787 515
788 1
788 531
789 9
789 154
790 75
791 469
792 206
792 574
794 305
795 166
797 78
797 324
799 120
800 245
801 386
802 9
802 87
802 129
803 345
805 4
805 223
806 722
807 1
807 18
808 129
809 8
809 27
810 212
810 255
811 643
812 322
813 679
814 6
815 0
815 1
816 51
816 426
818 290
819 103
819 615
820 195
821 678
822 42
822 618
823 1
823 343
824 671
825 8
826 12
826 682
827 9
827 42
828 686
829 59
829 231
830 580
831 299
832 350
832 431
834 372
835 235
836 698
838 245
838 504
840 61
840 770
841 135
841 355
842 560
843 2
843 201
844 15
845 0
845 4
845 205
846 8
846 779
848 672
850 457
851 9
851 151
852 657
853 28
854 158
854 646
855 113
855 335
856 8
858 252
859 394
859 699
860 83
860 543
861 729
862 611
863 1
863 8
864 225
865 7
865 59
866 153
867 188
868 26
868 113
868 245
869 347
870 103
870 615
871 607
871 766
872 4
872 6
872 18
873 129
874 4
875 126
875 316
876 674
879 40
879 339
880 1
880 143
882 264
882 273
883 503
884 861
885 0
885 6
886 156
887 84
888 27
888 261
889 830
890 48
891 682
892 5
893 1
894 48
896 583
897 11
897 367
899 365
900 135
902 201
903 142
903 261
904 357
904 440
905 295
906 355
906 841
907 96
907 149
909 394
909 859
910 761
911 35
911 282
912 135
914 766
914 871
915 7
916 126
917 780
918 235
918 645
919 135
919 355
920 172
920 648
921 532
922 688
923 201
923 236
924 5
924 540
925 2
925 8
925 445
926 555
927 433
928 511
929 684
930 75
931 8
931 30
931 88
933 1
934 188
935 609
936 192
937 766
937 914
938 489
938 693
940 306
941 47
941 208
942 264
942 736
944 45
945 720
946 478
946 519
947 414
950 9
950 330
951 119
952 3
952 297
953 543
954 305
954 668
955 243
956 490
957 253
957 480
958 188
958 548
959 362
960 545
960 691
961 83
961 193
962 286
963 336
963 550
964 202
965 6
965 52
966 12
967 295
967 576
968 478
969 426
970 242
970 482
971 25
971 710
972 865
974 7
974 663
975 314
975 692
976 61
976 376
977 247
978 103
978 412
979 810
980 787
981 12
981 109
983 87
984 701
985 4
985 76
987 787
988 189
988 332
989 7
989 915
990 57
990 658
991 657
992 720
993 8
994 61
994 740
995 35
996 4
996 485
997 5
997 540
998 153
998 530
999 99
