1 0
2 0
2 1
3 0
3 1
3 2
4 0
4 1
4 2
4 3
5 0
5 1
5 2
5 3
5 4
6 0
6 1
6 2
6 3
6 4
6 5
7 0
7 1
7 2
7 3
7 4
7 5
7 6
8 0
8 1
8 2
8 3
8 4
8 5
8 6
8 7
9 0
9 1
9 2
9 3
9 4
9 5
9 6
9 7
9 8
10 1
10 2
10 4
11 0
11 1
11 2
11 4
12 2
12 5
12 7
14 1
14 2
15 0
15 1
15 2
15 3
15 4
15 5
16 1
16 2
16 5
16 6
16 7
17 5
18 2
18 16
19 1
19 2
19 4
19 7
20 0
20 1
20 2
20 3
20 4
20 7
21 2
21 5
21 12
22 0
22 2
23 2
23 6
23 7
24 0
24 1
24 3
24 4
24 7
24 20
25 0
25 3
25 4
25 7
25 24
26 1
26 2
26 3
26 5
26 15
27 0
27 5
27 6
28 1
28 7
28 19
29 1
29 2
29 4
29 10
30 4
30 11
31 0
31 4
31 5
31 6
31 7
31 8
32 0
32 1
32 2
32 4
32 20
33 3
33 4
33 5
34 7
34 23
35 2
35 6
35 7
36 0
36 5
36 6
36 8
37 1
37 2
37 4
38 0
38 4
38 5
38 6
38 8
39 1
39 7
39 19
40 0
40 2
40 8
40 9
41 1
41 4
41 5
41 6
42 2
42 7
43 2
43 5
44 1
44 2
44 4
44 7
44 20
45 2
45 35
46 2
46 12
47 1
47 2
47 5
48 4
48 7
49 7
49 34
50 0
50 2
50 3
50 4
50 5
50 7
51 7
52 0
52 5
53 2
53 10
54 0
54 3
54 4
55 1
55 2
55 4
55 11
56 0
56 9
56 40
57 1
57 2
57 4
57 20
57 32
58 0
58 3
59 6
59 7
60 1
60 7
60 24
61 2
61 3
61 5
61 7
62 0
62 1
62 4
62 24
63 2
63 3
63 4
63 7
63 20
64 0
64 3
64 4
64 5
64 6
64 7
65 2
65 19
66 2
66 5
66 7
67 2
67 7
67 61
68 0
68 3
68 5
69 0
69 2
69 3
69 50
70 0
70 2
70 4
70 5
70 50
71 2
71 7
71 44
72 4
72 5
72 6
73 0
73 1
73 3
73 7
74 2
74 5
74 66
75 0
75 1
75 2
76 0
76 4
76 8
76 38
77 0
77 3
77 7
77 73
78 0
78 2
78 3
79 2
79 4
79 70
80 35
81 4
81 30
82 0
82 3
82 4
83 2
83 4
83 50
83 70
84 2
84 14
85 22
86 0
86 5
86 6
86 36
87 1
87 2
87 29
88 0
88 2
88 3
88 4
89 0
89 5
89 6
90 0
90 1
90 7
90 24
91 5
91 6
91 41
92 1
92 2
92 4
92 10
93 0
93 3
93 4
93 24
94 1
94 9
95 0
95 54
96 2
96 12
96 46
97 2
97 50
97 69
98 3
98 15
98 26
99 0
99 1
99 4
99 24
99 62
100 7
100 12
101 1
101 2
101 4
101 37
102 36
103 2
103 3
103 88
104 0
104 3
104 82
105 4
105 5
106 0
106 4
106 24
106 93
107 5
108 0
108 73
108 77
109 0
109 2
109 75
110 1
110 2
111 23
111 34
112 0
112 8
113 6
113 8
113 38
114 2
114 3
114 4
114 88
115 2
115 5
115 7
116 3
116 5
117 5
117 6
117 8
118 5
118 89
119 2
119 7
119 23
120 2
120 101
121 4
121 6
121 7
121 31
122 0
122 24
123 7
123 24
123 25
124 5
124 105
125 0
125 3
125 7
125 20
125 24
126 19
126 65
127 0
127 4
127 24
127 93
128 2
128 35
128 45
129 2
129 21
130 5
130 91
131 2
131 5
131 12
132 69
133 2
133 7
133 42
135 101
136 1
136 2
136 10
136 29
137 7
137 31
138 2
138 3
138 4
138 114
139 135
140 89
141 0
141 4
141 5
141 9
142 2
142 4
142 5
142 70
143 0
143 1
143 3
143 5
143 6
145 1
145 2
145 3
145 5
145 6
145 7
145 8
145 9
147 1
147 9
147 94
148 74
149 4
149 20
150 0
150 1
150 2
150 11
151 112
152 3
152 4
152 7
152 24
152 25
153 91
155 24
155 93
156 0
156 3
156 4
156 5
156 7
156 50
157 1
157 2
157 4
157 20
157 32
158 0
158 4
158 6
158 7
158 8
158 31
159 7
160 7
160 152
161 1
161 4
161 19
162 0
162 1
162 2
162 3
162 6
163 0
163 4
163 5
163 6
163 7
163 8
163 9
164 64
165 23
165 111
166 0
166 3
167 2
167 4
167 7
168 1
168 2
168 6
168 162
169 3
169 26
169 98
170 1
170 4
170 29
171 0
171 5
171 6
172 2
172 35
172 128
173 2
173 16
174 1
174 2
174 3
174 5
175 4
175 5
175 33
176 129
177 0
177 2
177 3
178 0
178 5
178 64
179 2
180 75
182 0
182 4
182 6
182 38
183 3
183 82
184 7
184 152
185 2
185 4
185 20
186 3
186 5
186 68
187 1
187 3
187 6
188 4
188 10
189 111
190 1
190 2
190 5
190 174
191 1
191 7
191 20
192 4
193 2
193 120
194 1
194 2
194 32
194 157
195 3
195 4
195 5
195 6
195 64
196 2
196 29
197 4
197 5
197 6
197 7
197 31
198 5
198 7
198 9
198 145
199 4
199 37
200 129
202 1
202 2
203 90
204 7
204 42
205 140
206 1
206 5
206 26
208 1
208 94
209 1
209 4
209 57
210 135
211 93
211 106
212 5
212 9
212 141
213 4
213 20
213 149
214 2
214 5
214 70
214 142
215 1
215 2
215 3
215 162
216 4
216 38
217 4
217 6
217 7
217 31
217 121
219 0
219 20
219 24
220 7
220 159
221 1
221 4
221 6
222 4
222 5
222 141
224 1
224 2
224 4
224 44
225 2
225 3
225 177
226 219
227 21
228 1
228 7
228 39
229 0
229 1
230 0
230 24
230 219
231 4
231 9
231 163
232 2
232 7
232 115
233 215
234 80
235 0
235 6
235 7
235 8
236 5
236 6
236 8
237 79
238 5
238 6
238 91
239 2
239 5
239 7
239 12
240 1
240 4
240 20
241 88
242 4
242 24
242 93
242 127
243 0
243 2
243 3
243 5
244 1
244 3
244 5
244 174
245 7
245 145
245 198
246 2
246 42
246 133
247 0
247 2
247 3
247 4
247 5
247 6
248 5
248 50
248 156
249 0
249 6
250 1
250 6
250 7
251 1
251 2
251 15
252 7
253 5
253 12
254 9
254 141
255 4
255 6
255 7
257 0
257 1
257 2
257 3
257 4
257 6
257 7
257 8
257 9
258 3
258 5
258 68
259 1
259 14
260 1
260 157
260 194
261 20
261 44
262 2
262 61
262 67
263 0
263 3
263 4
263 5
263 50
264 59
265 1
265 194
265 260
266 30
267 1
267 20
269 261
270 5
270 50
270 156
271 61
271 67
271 262
272 6
272 238
273 2
273 5
273 66
273 74
274 7
274 115
274 232
275 2
275 225
276 2
276 3
276 5
276 6
277 0
277 5
277 6
277 36
277 86
278 0
278 1
278 6
278 143
279 4
279 93
279 127
280 1
280 4
280 5
280 6
281 1
281 2
281 14
282 2
282 78
283 0
283 62
283 99
284 5
285 0
285 2
285 4
285 5
286 5
286 117
287 5
287 91
288 0
288 1
288 4
288 24
288 62
289 0
289 5
289 64
290 1
290 2
290 5
290 6
290 9
291 78
292 1
292 2
292 32
292 194
293 0
293 1
293 2
293 4
293 6
293 7
293 9
294 1
294 24
294 62
294 99
295 44
296 20
296 57
297 121
298 2
299 1
299 4
299 7
299 20
299 24
300 15
300 98
301 6
301 59
302 0
302 5
302 64
302 289
303 5
303 9
303 198
304 160
305 2
305 3
305 177
306 1
306 2
306 6
306 8
306 9
306 257
307 1
307 2
308 2
308 7
308 115
308 232
309 6
310 1
310 3
310 8
311 1
311 2
311 6
311 162
312 2
312 19
312 65
313 194
313 260
313 265
314 2
314 311
316 2
316 3
316 7
316 20
317 24
317 93
317 127
317 242
318 2
318 4
318 37
319 0
319 24
319 93
320 2
320 10
321 0
321 1
321 7
321 90
322 4
322 222
323 2
323 5
323 12
324 0
324 4
324 24
324 106
325 4
325 6
325 7
325 31
325 121
325 217
326 2
326 71
327 1
327 2
327 4
327 7
328 0
328 4
328 6
328 182
329 1
329 194
329 260
330 1
330 90
331 5
331 9
331 141
331 212
332 0
332 302
333 26
333 98
334 9
334 40
335 24
335 122
336 10
336 320
337 2
337 46
337 96
338 0
338 219
339 166
340 116
342 26
342 206
343 1
343 2
343 3
343 6
344 6
344 7
344 35
345 0
345 4
345 93
345 106
346 1
346 6
346 7
346 16
347 0
347 4
347 8
347 76
348 2
348 3
348 5
348 7
348 61
349 3
349 26
349 98
350 0
350 8
351 5
351 6
351 8
351 236
352 2
353 4
353 93
353 127
354 2
354 65
356 42
356 204
357 6
357 7
357 8
357 31
358 1
358 2
358 9
358 290
359 2
359 4
359 5
359 285
360 2
360 6
360 35
361 4
361 82
362 2
362 4
362 6
362 7
363 19
364 24
364 93
364 242
364 317
365 2
365 101
366 12
366 46
367 31
368 1
368 240
369 2
369 10
370 0
370 78
371 2
372 8
372 38
373 26
373 206
373 342
374 4
375 1
375 5
375 15
376 2
376 6
376 35
377 1
377 4
378 6
378 277
379 4
379 5
379 7
379 197
380 265
380 313
381 14
382 363
383 3
383 114
384 231
385 0
385 3
385 4
386 3
386 5
386 6
386 64
386 195
387 1
387 94
388 159
388 220
389 2
389 6
389 7
390 7
390 77
391 9
391 141
391 212
392 111
393 4
393 377
394 327
395 4
395 81
396 6
396 36
397 5
397 285
397 359
398 0
398 8
398 76
399 2
399 3
399 5
400 0
400 7
401 3
401 177
401 305
402 21
402 129
403 4
403 8
403 38
403 76
404 1
404 20
404 299
405 1
405 20
405 32
405 57
406 102
407 1
407 377
408 5
408 141
408 212
409 38
410 5
410 9
410 141
411 0
411 1
411 6
411 9
412 2
412 4
412 83
413 1
413 2
413 5
413 6
413 145
414 0
414 4
414 8
415 59
415 264
416 1
416 2
416 3
416 4
416 7
416 8
417 3
417 5
417 15
417 26
418 0
418 2
418 4
418 6
418 7
418 293
419 2
419 7
419 167
420 7
420 191
421 7
421 20
422 1
422 7
422 20
422 299
423 3
423 383
424 3
424 4
424 5
424 7
424 8
425 3
425 4
425 82
426 0
426 50
426 69
427 3
427 98
427 169
428 20
428 299
428 422
429 54
430 277
431 1
432 4
432 8
432 76
433 5
433 91
433 287
434 0
434 5
434 64
434 289
434 302
435 3
435 68
436 26
436 333
437 141
437 254
438 2
438 8
438 257
438 306
439 3
439 20
440 285
440 397
441 1
442 1
442 20
442 422
443 5
443 41
443 91
444 78
444 370
445 2
445 7
445 23
446 3
446 64
446 386
447 0
447 4
447 6
447 7
447 8
447 163
448 4
448 93
449 2
449 3
449 6
449 162
450 0
451 3
451 68
451 258
452 133
452 246
453 1
454 91
454 287
455 0
455 3
455 166
456 196
457 5
457 64
457 178
458 4
458 5
458 7
459 1
459 14
459 259
460 3
460 88
461 19
462 5
462 50
464 2
464 3
464 6
465 8
465 257
465 438
466 0
466 9
466 411
467 38
467 216
468 1
468 2
468 307
469 26
469 206
469 373
470 3
470 177
471 2
471 282
472 1
472 4
472 20
472 44
473 5
473 68
473 258
474 4
474 93
474 106
474 345
475 2
475 4
476 3
476 5
476 64
476 195
477 4
477 6
477 7
477 362
478 0
478 5
478 289
478 302
478 434
479 3
479 4
479 5
480 2
480 5
480 66
481 1
481 157
481 194
482 2
482 5
482 7
482 66
483 449
484 5
485 2
485 5
485 285
485 359
486 6
488 68
488 258
489 40
489 334
490 0
490 302
490 434
491 77
492 0
492 78
493 1
493 7
493 228
494 0
494 93
495 2
495 35
495 45
496 7
497 2
497 133
498 0
498 1
498 5
498 143
499 0
499 3
499 77
500 3
502 0
502 7
502 90
503 1
503 20
503 57
503 405
504 0
504 4
504 99
505 1
505 2
506 5
506 6
506 64
506 195
507 338
509 0
509 1
509 498
510 64
510 195
511 1
511 3
511 7
511 8
512 296
513 1
513 4
513 7
514 4
514 93
514 345
514 474
515 0
515 6
516 3
516 4
516 5
517 1
517 4
517 20
517 32
517 157
518 5
519 5
519 198
520 1
520 24
520 90
521 3
521 258
522 5
522 141
522 212
523 1
523 228
524 0
524 5
524 6
524 7
524 8
524 31
525 4
525 37
526 129
526 176
527 8
527 76
528 1
529 4
529 6
529 221
530 64
531 93
531 106
531 211
532 0
532 5
532 6
532 86
533 2
533 3
533 4
534 7
534 12
535 9
535 40
536 4
536 7
536 31
536 217
537 7
537 39
537 228
538 5
538 302
539 2
539 70
539 142
540 0
540 3
540 50
541 2
542 1
542 3
542 5
542 26
543 1
543 90
544 4
544 324
545 1
545 2
545 4
545 32
546 7
546 389
547 1
547 4
547 9
548 1
548 2
548 4
548 44
548 224
549 7
549 31
550 4
550 5
550 105
551 1
551 157
551 260
552 4
553 4
553 5
553 9
553 141
554 2
554 4
554 50
554 70
554 83
555 2
555 70
555 142
555 214
556 2
556 53
557 1
557 5
558 4
558 8
558 414
560 1
560 2
560 4
560 10
561 0
561 1
561 90
562 0
562 93
562 494
563 2
563 3
563 5
563 15
563 26
564 0
565 4
565 192
566 1
566 4
566 20
566 472
567 3
567 5
568 5
568 141
569 0
569 82
570 6
570 7
570 8
570 31
571 549
572 4
572 5
572 70
572 142
573 1
573 7
574 177
574 401
575 35
575 360
576 2
576 66
576 480
577 0
577 2
577 32
578 1
578 2
579 339
581 0
581 4
581 7
581 156
582 1
582 2
582 8
582 306
583 6
583 195
583 506
584 0
584 4
584 5
584 6
584 9
585 71
586 0
586 1
586 3
586 5
586 6
586 7
587 5
588 3
588 439
589 0
589 4
589 7
589 581
590 2
590 196
593 142
593 572
594 1
594 578
595 2
595 8
595 416
596 398
597 3
597 4
597 5
597 7
598 2
598 35
598 45
599 6
599 162
600 33
601 2
601 3
603 1
603 578
603 594
604 2
604 399
605 5
605 7
605 597
607 4
607 377
608 3
608 5
609 14
609 84
610 6
610 8
610 235
611 1
611 3
612 2
612 232
613 0
613 32
613 577
614 467
615 4
615 24
615 127
616 5
617 2
617 3
617 162
617 215
618 0
618 58
619 1
619 5
620 4
620 197
620 379
621 82
622 4
622 7
623 409
624 5
625 8
625 257
625 465
626 1
626 194
626 292
627 4
627 62
628 2
628 3
628 5
628 6
628 276
629 3
629 4
630 6
630 610
631 584
632 21
632 227
633 1
633 2
633 3
633 4
633 7
633 20
634 399
635 1
635 545
636 2
636 3
637 2
637 133
637 246
638 1
638 62
638 99
639 8
639 76
639 403
641 3
641 7
641 24
642 4
642 197
643 2
643 214
643 555
644 160
645 6
645 7
645 121
645 217
646 444
647 2
647 7
647 42
647 133
648 4
648 550
649 3
649 103
651 2
651 14
652 0
652 1
652 4
653 3
653 4
653 7
653 152
654 276
655 12
655 100
656 4
656 5
656 6
656 195
657 9
657 198
657 303
658 9
658 40
659 50
659 70
660 45
660 598
661 281
662 303
663 5
663 33
663 175
664 7
664 8
664 31
665 0
665 1
665 3
665 6
666 0
666 3
666 5
666 9
667 302
667 538
668 399
669 2
669 128
670 1
670 7
670 513
671 3
671 435
672 2
672 3
672 4
673 4
673 99
673 504
674 1
674 5
674 174
674 190
675 189
676 356
677 0
677 494
678 3
678 88
678 460
679 1
679 5
679 174
679 190
680 2
680 262
681 0
681 3
681 4
681 24
681 25
682 24
682 93
683 93
683 494
684 438
684 465
685 20
685 44
685 261
686 1
686 29
687 4
687 6
687 7
687 163
687 447
688 4
688 7
688 20
689 3
689 15
689 98
690 162
691 7
691 115
691 274
692 614
693 467
693 614
694 0
694 4
694 7
694 589
695 5
695 130
696 7
696 152
696 160
697 26
697 98
697 169
698 1
698 7
699 114
699 383
700 0
700 3
701 229
702 0
702 9
702 141
703 1
703 6
704 5
704 9
705 4
705 31
705 121
706 26
706 98
707 3
707 4
707 7
708 7
708 77
708 390
709 88
709 460
709 678
710 8
710 414
711 121
711 217
711 325
712 610
712 630
713 21
713 227
713 632
714 23
715 4
715 9
715 547
716 2
716 167
716 419
717 1
717 2
717 3
717 162
718 3
719 229
720 515
721 0
721 1
721 2
721 4
721 7
722 4
722 9
722 553
723 0
723 3
723 4
723 385
724 3
724 4
724 629
725 7
725 420
726 5
726 141
726 568
727 10
727 320
727 336
728 9
728 198
728 303
729 93
729 494
730 418
731 0
731 2
731 11
731 150
732 3
732 64
733 6
733 257
733 306
734 0
734 2
735 4
735 8
735 414
735 558
736 6
736 7
736 31
736 570
737 1
737 2
738 607
739 2
739 5
739 47
740 1
740 5
740 26
740 206
741 0
741 3
741 4
741 7
742 159
742 220
743 2
743 555
744 5
745 419
745 716
746 1
746 4
746 10
746 560
747 5
747 145
748 2
748 285
749 460
749 678
750 0
750 569
751 0
751 7
751 502
752 1
752 4
753 1
754 1
754 6
754 9
754 290
755 37
755 525
757 65
757 312
758 0
758 5
759 4
759 6
759 8
759 163
759 447
760 1
760 14
760 259
760 459
761 57
761 209
762 157
762 194
762 260
764 1
764 753
765 4
765 20
765 24
766 2
766 5
766 70
766 142
767 1
767 4
767 7
767 416
768 4
768 31
768 197
769 555
770 88
770 460
770 678
771 6
771 27
772 4
772 192
772 565
773 4
773 31
774 5
774 64
775 287
775 433
776 98
776 169
777 5
777 141
777 222
778 0
778 24
779 9
779 141
779 254
780 6
780 515
781 24
781 682
782 1
782 2
782 4
782 19
783 5
783 64
783 476
784 0
784 569
785 9
785 411
786 5
786 141
787 4
787 525
788 1
788 2
788 3
788 5
788 174
789 1
789 9
790 2
790 32
790 157
791 565
792 4
792 6
792 7
792 8
793 2
793 88
793 103
794 157
794 260
794 762
795 558
796 734
797 2
797 190
798 119
799 195
799 656
800 1
800 5
800 15
800 375
801 64
802 777
804 1
804 20
804 57
805 4
805 8
805 76
805 347
806 190
807 31
807 773
808 494
809 4
809 8
809 432
810 5
810 131
811 1
811 7
811 698
812 2
812 11
813 4
813 161
814 444
814 646
816 0
816 1
816 4
816 11
817 392
818 0
818 1
818 2
818 75
819 209
819 761
820 4
820 6
820 31
820 197
821 0
821 109
822 797
823 1
823 5
823 26
823 542
824 520
825 3
825 732
826 8
826 710
827 1
827 47
828 398
828 596
829 84
830 0
830 6
830 249
831 4
831 7
831 20
832 6
832 36
832 86
833 6
833 89
834 0
834 5
834 6
834 247
835 38
835 216
835 467
836 7
836 8
836 31
837 93
837 127
837 242
837 317
839 26
840 115
840 274
841 0
841 6
841 8
841 38
842 1
842 7
842 228
843 581
845 0
845 5
845 9
846 2
846 150
846 731
847 7
847 42
848 133
848 246
848 452
849 4
849 20
849 24
849 299
850 5
850 550
851 6
851 235
852 0
852 4
852 6
852 182
852 328
853 2
853 21
853 129
854 282
855 257
855 465
855 625
856 26
857 401
857 574
858 0
858 2
859 5
859 399
860 1
860 3
861 2
862 1
862 3
862 7
862 511
863 598
863 660
864 6
864 7
864 250
865 1
865 5
865 47
866 3
866 225
867 6
867 376
868 2
868 12
868 131
869 3
869 5
869 586
870 3
870 479
871 439
871 588
872 24
872 317
873 40
873 489
874 2
874 7
876 1
876 4
876 11
877 513
878 9
878 40
878 535
879 45
880 61
880 67
881 39
881 228
881 537
882 4
882 7
883 7
883 39
883 537
884 3
884 26
884 169
885 206
885 373
886 1
886 2
886 3
886 162
887 3
888 9
889 5
889 36
889 86
889 277
890 781
891 1
891 157
891 194
892 3
892 162
893 320
893 727
894 1
894 2
894 6
894 162
895 1
895 4
895 5
896 3
896 5
896 68
897 5
897 285
897 397
898 2
898 6
898 8
898 145
899 5
900 0
900 7
900 8
900 447
901 42
901 647
902 4
902 182
903 5
903 9
903 410
904 2
904 46
905 1
905 528
906 5
906 174
906 190
907 4
907 787
908 578
908 594
909 2
909 298
910 0
910 564
911 4
911 38
911 182
912 302
912 538
912 667
913 1
913 20
913 32
913 57
914 219
915 0
915 1
915 150
916 2
916 70
916 142
916 555
917 7
917 327
918 3
918 649
919 1
919 4
919 101
920 81
920 395
921 0
921 2
921 3
921 4
921 5
921 6
922 7
922 255
923 235
923 851
924 0
924 569
924 750
925 14
925 259
925 760
926 41
926 91
926 443
927 2
927 78
928 743
929 5
929 850
930 436
931 98
932 720
933 159
933 742
935 0
935 2
935 3
935 6
935 7
935 8
935 9
935 257
936 4
936 565
937 525
937 787
938 1
938 4
938 157
939 0
939 1
939 2
939 4
939 5
939 6
939 8
940 5
940 443
941 718
942 0
942 76
942 347
943 24
943 25
943 123
944 2
944 142
945 4
945 24
945 25
945 681
946 5
946 458
947 67
947 262
947 271
948 299
948 404
949 1
949 57
949 503
950 0
950 6
950 7
950 8
951 151
952 4
952 217
953 3
953 6
953 628
954 0
954 5
954 498
955 569
956 1
956 2
956 174
956 190
957 0
957 6
957 8
957 38
958 3
958 385
959 2
960 5
961 0
961 414
962 2
962 475
963 5
963 480
964 0
964 332
965 354
966 1
967 439
967 588
967 871
968 1
968 157
968 194
968 481
969 702
970 1
971 2
971 4
971 7
971 20
971 44
972 5
972 7
972 379
973 5
973 107
974 1
974 4
974 20
974 472
974 566
975 209
976 57
976 296
977 4
977 5
977 9
977 141
978 4
978 5
979 1
979 7
979 19
979 39
980 386
980 446
981 10
981 92
982 646
982 814
983 0
983 7
983 24
983 90
984 0
984 569
984 750
985 414
985 735
986 1
986 2
986 4
987 0
987 7
988 7
988 232
989 2
989 142
989 214
989 555
990 5
990 834
991 647
992 644
993 1
993 240
993 368
994 93
994 345
994 474
995 5
995 6
995 506
996 2
996 29
996 136
997 5
997 190
998 0
998 1
998 3
998 20
999 6
999 277
999 378
