1 0
2 0
2 1
3 0
3 1
3 2
4 0
4 1
4 2
4 3
5 0
5 1
5 2
5 3
5 4
6 0
6 1
6 2
6 3
6 4
6 5
7 0
7 1
7 2
7 3
7 4
7 5
7 6
8 0
8 1
8 2
8 3
8 4
8 5
8 6
8 7
9 0
9 1
9 2
9 3
9 4
9 5
9 6
9 7
9 8
10 1
10 2
10 4
10 6
10 7
10 8
10 9
11 0
11 1
11 2
11 4
12 1
12 5
12 6
12 8
12 9
13 1
13 2
13 6
13 7
13 10
14 0
14 2
14 11
15 4
15 6
15 7
16 0
16 11
17 4
17 5
17 6
18 2
18 4
19 0
19 2
20 4
20 17
21 2
21 19
22 1
22 5
22 8
22 12
23 1
23 22
24 0
24 4
24 6
24 9
25 2
26 4
26 6
26 17
27 0
27 1
27 2
27 3
27 5
28 2
28 3
28 5
29 0
29 1
29 3
29 4
29 5
29 7
30 0
30 1
30 3
30 5
30 27
31 6
31 24
33 2
33 4
34 2
34 3
34 5
34 6
34 7
35 4
35 7
35 8
35 10
36 18
37 1
37 8
37 12
37 22
38 0
38 4
38 11
39 0
39 1
39 3
39 4
39 5
39 7
39 29
40 0
40 2
40 3
40 7
40 8
41 0
41 4
41 38
42 0
42 2
42 7
42 8
42 40
43 3
43 7
43 34
44 0
44 1
44 3
44 29
45 8
45 40
45 42
46 0
46 2
46 11
46 14
47 7
47 10
48 0
48 1
48 2
48 4
48 6
49 10
49 47
50 0
50 3
51 2
51 3
51 6
51 7
51 34
52 0
52 5
52 27
53 1
53 3
53 5
53 27
53 30
54 3
54 5
54 30
54 53
55 1
55 4
56 2
56 3
56 5
56 6
56 7
56 34
57 1
57 6
57 10
57 13
58 2
58 6
58 7
58 34
58 56
59 0
59 7
59 40
59 42
60 6
60 15
61 0
61 2
61 19
62 4
62 55
63 1
63 23
64 61
65 6
65 17
65 26
66 6
66 7
66 34
66 51
67 0
67 61
68 7
68 15
69 0
69 1
69 2
69 3
69 6
70 0
70 2
70 7
70 40
70 42
71 6
71 8
71 10
72 0
72 2
72 3
73 6
73 15
73 60
74 1
74 27
74 30
74 53
75 2
75 3
75 5
75 6
75 7
75 56
76 4
76 8
76 10
77 4
77 6
77 26
78 10
78 47
78 49
79 40
80 0
80 1
80 2
80 11
81 10
81 47
81 78
82 1
82 13
83 2
83 3
84 1
84 2
84 3
84 4
84 5
84 6
84 7
84 8
84 9
85 64
86 2
86 18
87 0
87 2
87 3
87 69
88 6
88 24
89 2
89 3
90 1
90 12
90 37
91 0
91 1
91 6
91 7
92 0
92 3
92 5
92 27
92 30
93 4
93 55
93 62
94 1
94 8
95 0
95 4
95 5
95 7
95 8
95 9
96 2
96 18
97 0
97 4
97 6
97 24
98 13
98 82
99 1
99 2
99 6
99 7
99 10
99 13
100 0
100 2
100 11
100 80
101 1
101 3
101 5
101 6
101 7
101 9
101 84
102 55
102 62
102 93
103 2
103 58
104 0
104 7
104 8
104 40
105 4
105 17
105 20
106 0
106 1
106 4
106 7
106 39
107 0
107 42
107 59
108 0
108 24
108 97
109 1
109 4
109 5
109 6
109 7
109 84
110 0
110 1
110 2
110 3
110 5
110 6
110 7
110 8
110 9
111 3
111 5
111 6
111 7
111 34
112 3
112 5
112 7
112 84
112 101
113 1
113 2
113 6
113 10
113 13
113 99
114 1
114 4
114 5
114 7
114 84
114 109
115 0
115 2
115 72
116 0
116 3
116 4
116 6
116 7
117 2
117 11
117 80
117 100
118 18
118 86
119 0
119 50
120 24
120 108
121 3
121 72
122 40
122 42
122 45
123 0
123 3
123 87
124 0
124 14
125 1
125 3
125 4
125 6
125 9
126 27
127 0
127 2
127 11
127 100
128 3
128 5
128 84
128 101
128 112
129 0
129 1
129 6
129 48
130 0
130 1
130 3
130 44
131 3
131 69
131 87
132 0
132 2
132 11
132 127
133 0
133 1
133 2
133 3
133 5
133 6
133 8
133 110
134 73
135 104
136 2
136 3
136 28
137 0
137 1
137 2
137 3
137 5
137 6
137 7
137 110
138 7
138 8
138 9
139 3
139 6
139 7
139 34
139 111
140 7
140 34
140 56
140 58
141 5
141 53
141 54
142 3
142 51
143 5
143 6
143 109
144 1
144 22
145 8
145 94
146 121
147 0
147 2
147 11
147 46
148 2
148 28
149 2
149 3
149 136
150 5
150 6
150 8
150 9
150 110
151 1
151 3
151 27
151 53
152 3
152 28
152 136
153 2
153 3
153 5
153 6
153 7
153 34
154 3
154 34
154 153
155 70
156 1
156 55
157 1
157 91
158 0
158 6
158 48
158 129
159 3
159 83
160 1
160 5
160 6
160 7
160 109
161 1
161 7
161 8
161 9
161 10
162 0
162 4
162 48
163 7
163 84
163 112
164 0
164 2
164 6
164 8
164 110
164 133
165 8
165 10
165 161
166 0
166 2
166 80
167 1
167 6
167 13
167 113
168 3
168 6
168 111
169 34
169 43
170 10
170 81
171 47
171 78
171 81
172 11
172 100
172 127
173 19
174 6
174 7
174 34
174 51
174 66
175 1
175 2
175 3
175 133
176 1
176 157
177 5
177 84
177 128
178 3
178 5
178 30
178 92
179 4
179 7
179 84
179 109
180 0
180 2
180 80
181 3
181 27
182 2
182 6
182 10
182 99
183 0
183 4
183 6
183 97
184 0
184 2
184 5
184 7
184 8
185 1
185 22
185 144
186 0
186 2
186 4
187 2
187 6
188 2
188 13
189 0
189 19
190 1
190 5
190 22
191 88
192 1
192 7
192 109
193 0
193 80
193 180
194 3
194 5
194 7
194 34
195 0
195 1
195 3
195 6
195 133
196 1
196 6
196 13
196 99
196 113
197 0
197 2
197 4
197 186
198 4
198 55
198 93
199 169
200 4
200 39
200 106
201 198
202 3
202 6
202 7
202 84
202 101
203 24
203 88
204 1
204 13
205 0
205 1
205 5
206 4
206 6
206 7
206 15
207 1
207 8
207 9
208 2
208 103
209 14
209 46
210 156
211 7
211 10
211 47
212 1
212 8
212 37
213 1
213 6
213 10
213 13
213 57
214 14
214 209
215 1
215 44
215 130
216 2
216 100
216 117
217 3
217 5
217 178
218 9
219 0
219 1
219 5
219 6
219 9
219 110
220 3
220 7
220 34
220 139
221 14
221 209
221 214
222 1
222 3
222 195
223 181
224 1
224 2
224 11
225 2
225 3
225 136
226 24
226 203
227 3
227 84
227 101
227 202
228 3
228 51
229 3
229 34
229 154
230 0
230 42
230 59
231 9
231 207
232 31
233 10
233 57
234 4
234 5
234 7
234 95
235 3
235 175
236 1
236 8
236 212
237 108
238 3
238 5
238 30
238 53
239 1
239 6
239 7
239 10
239 13
240 74
241 7
241 106
242 1
242 129
243 5
243 6
243 7
243 34
243 111
244 2
244 13
244 113
245 0
245 6
245 9
245 110
245 219
246 40
246 45
247 1
247 6
247 84
247 101
248 11
249 2
249 3
249 225
250 3
250 6
250 56
251 2
251 75
252 17
253 159
254 46
254 147
255 2
255 11
256 2
256 4
257 6
257 51
258 1
258 84
258 247
259 31
260 4
260 7
260 84
260 109
260 114
261 8
261 40
262 0
262 3
262 5
262 6
262 7
262 8
262 9
262 110
263 95
263 234
264 5
264 9
264 84
264 101
265 27
265 52
266 9
266 264
267 46
267 254
268 6
268 15
268 73
269 132
270 47
270 49
271 0
271 5
271 52
272 4
272 77
273 8
273 12
273 22
274 11
274 80
275 4
275 6
275 125
276 152
277 3
277 7
277 112
278 130
279 0
279 1
279 3
280 6
280 60
281 0
281 3
281 279
282 2
282 3
282 4
282 5
282 6
283 1
283 2
283 6
283 113
284 2
284 148
285 8
285 40
285 261
286 124
287 2
287 3
287 87
288 55
289 1
289 6
289 7
289 109
289 160
290 0
290 8
290 40
290 42
291 2
291 6
291 113
291 283
292 27
293 1
293 207
294 34
294 43
295 0
295 11
295 80
295 100
296 1
296 10
296 13
296 213
297 1
297 30
297 53
297 74
298 8
298 212
299 1
299 3
299 4
299 5
299 6
301 2
301 117
301 216
302 113
302 283
303 100
303 295
304 0
304 2
304 8
304 110
304 164
305 5
305 84
305 101
305 128
306 1
306 6
306 13
306 167
307 16
308 6
308 51
308 66
309 1
309 6
309 48
309 129
310 2
310 3
310 5
310 6
310 34
310 153
311 0
311 1
311 2
311 3
311 4
311 7
312 2
312 7
312 9
312 10
314 7
314 10
314 47
315 248
316 1
316 2
316 11
317 0
317 100
318 0
318 1
318 3
318 5
318 6
318 7
318 110
318 137
319 3
319 7
319 111
320 11
320 80
320 100
320 117
321 0
321 2
321 80
321 100
322 0
322 2
322 4
322 6
322 48
323 234
324 2
324 6
324 7
324 56
325 1
325 2
325 4
325 48
326 2
326 208
327 55
327 93
327 198
328 8
328 161
329 7
329 34
329 220
330 3
330 6
330 9
330 125
331 3
331 6
331 110
331 318
332 0
332 42
332 59
333 4
334 7
334 112
334 163
335 11
335 172
336 1
336 2
336 6
336 7
336 9
336 110
337 1
337 6
337 9
337 12
338 5
338 6
338 7
338 84
338 101
339 55
340 144
341 3
341 6
342 8
342 45
343 340
344 6
344 275
345 100
345 127
345 172
346 4
347 3
347 137
348 2
348 224
349 0
349 11
349 132
350 0
350 1
350 279
351 46
351 254
352 2
352 48
352 325
353 2
353 7
353 51
354 107
355 40
355 122
356 5
356 7
356 112
357 2
357 3
357 83
358 5
358 53
358 54
359 6
359 280
360 8
360 207
361 8
361 9
361 110
362 301
363 0
364 0
364 7
364 59
365 0
365 3
365 27
366 28
366 148
367 3
367 5
367 6
367 111
368 2
368 100
368 117
368 216
369 34
369 174
370 7
370 329
371 4
371 8
371 10
371 35
372 1
372 4
372 5
372 7
372 29
373 3
373 4
373 7
373 84
374 247
374 258
375 2
375 353
376 1
376 3
376 5
376 8
376 9
376 84
377 8
377 360
378 4
378 7
378 109
379 0
379 4
379 7
379 106
380 258
380 374
382 1
382 2
382 7
382 9
382 336
383 1
383 219
384 3
384 6
384 56
384 250
385 3
385 72
386 0
386 2
386 7
386 42
387 0
387 1
387 2
387 80
388 159
389 2
389 117
389 216
390 5
390 111
391 306
392 84
392 128
392 177
393 4
393 38
393 41
394 2
394 321
395 1
395 3
395 6
395 7
395 8
395 9
395 110
396 1
396 4
396 7
396 29
396 372
397 1
397 10
397 213
398 3
398 72
399 329
399 370
400 6
400 324
401 1
401 63
402 6
402 15
402 73
403 4
403 41
404 2
404 4
404 18
405 40
405 285
406 42
406 386
407 211
408 0
408 1
408 5
408 7
408 29
409 319
411 0
411 6
411 48
411 129
411 158
412 0
412 14
412 124
413 2
413 208
413 326
414 127
414 345
415 8
415 71
416 2
416 251
417 4
417 6
417 26
418 3
418 5
418 30
418 238
419 7
419 10
419 211
420 271
421 1
421 91
421 157
422 1
422 6
422 109
422 160
423 6
423 7
423 239
424 2
424 3
424 7
425 3
425 330
426 1
426 13
426 296
427 0
427 166
428 5
428 6
428 8
428 110
428 133
429 97
429 108
430 6
430 110
430 245
431 3
431 5
431 7
431 56
432 0
432 1
432 4
432 7
432 39
432 106
433 22
434 5
434 84
434 264
435 139
435 220
436 5
436 205
437 333
438 55
438 62
438 102
439 0
439 19
439 61
440 3
440 110
440 318
440 331
441 1
441 82
442 6
442 8
442 110
442 150
443 312
444 3
444 5
444 7
444 34
444 194
445 8
445 40
445 261
446 3
446 341
447 8
447 273
448 0
448 7
448 8
448 104
449 112
449 277
450 2
450 75
451 13
451 213
452 3
452 331
453 0
453 1
453 205
454 7
454 234
455 1
455 6
455 13
455 57
456 0
456 44
457 258
457 374
458 1
458 4
458 7
458 39
458 106
458 432
459 6
459 411
460 7
460 101
460 338
461 3
461 28
461 152
462 7
463 5
464 5
464 53
464 358
465 257
466 2
466 6
466 10
466 99
466 182
467 3
467 4
467 6
467 282
468 3
468 5
468 27
468 30
468 53
469 51
469 228
470 8
470 448
471 5
471 6
471 111
471 243
472 4
472 76
473 7
473 334
474 374
474 380
475 7
475 34
475 51
476 0
476 11
476 127
477 55
477 62
477 93
477 102
478 0
478 2
478 7
478 40
478 42
478 70
479 0
479 3
479 5
479 30
479 92
480 0
480 1
480 2
480 8
481 42
481 386
482 3
482 34
482 139
483 0
483 59
483 230
484 15
484 268
485 7
485 84
485 109
485 114
485 260
486 5
486 53
486 54
487 446
488 2
488 7
488 40
488 70
488 478
489 2
489 6
489 291
490 5
490 7
490 318
491 0
491 108
493 30
493 92
494 7
494 319
495 2
496 11
496 117
497 3
497 6
497 384
498 1
498 2
498 4
498 48
498 325
499 445
500 3
500 4
500 6
500 9
500 125
501 54
501 358
502 1
502 6
502 13
502 167
503 1
503 5
503 205
504 0
504 2
504 11
504 100
504 127
505 2
505 8
505 42
506 1
506 4
506 6
506 7
506 84
506 109
507 2
507 291
508 4
508 17
508 20
509 3
509 136
510 55
510 93
510 102
511 2
511 7
511 324
512 72
512 398
513 211
513 419
514 6
514 51
514 66
515 2
515 5
515 28
516 4
516 5
516 7
516 29
516 39
517 9
517 125
518 3
518 87
518 131
519 3
519 6
519 168
520 3
520 6
521 0
521 219
521 245
522 295
522 303
523 0
523 1
523 4
523 48
524 2
524 3
524 153
524 310
525 10
525 165
526 0
526 5
526 7
526 8
526 110
527 6
527 7
527 34
527 66
527 174
528 130
528 278
529 1
529 12
529 90
530 13
530 167
531 4
531 272
532 244
533 420
534 204
535 0
535 3
535 5
535 27
535 30
535 92
536 1
536 9
536 219
537 6
537 73
537 268
538 2
538 11
538 117
539 1
539 3
539 5
539 110
539 137
540 3
540 5
540 111
540 367
541 5
541 7
541 8
542 1
542 4
542 7
542 29
542 372
543 8
543 236
544 93
544 198
544 327
546 6
546 9
546 110
546 150
547 3
547 5
547 194
548 360
549 2
549 504
550 1
550 12
550 22
550 37
551 0
551 3
551 4
551 6
551 116
552 6
552 520
553 15
553 68
554 3
554 5
554 30
554 238
555 360
556 2
556 4
556 6
556 7
556 84
557 28
557 366
558 108
559 325
559 352
560 504
561 401
562 22
562 23
563 342
564 0
564 279
564 350
565 0
565 11
565 132
565 349
566 2
566 7
566 336
567 6
567 125
567 275
568 0
568 1
568 44
569 0
569 1
569 2
569 7
569 8
569 9
569 110
570 2
570 325
570 352
571 84
571 128
571 177
571 392
572 74
573 0
573 2
573 11
573 14
574 366
574 557
575 7
575 112
575 163
576 0
576 59
576 364
577 6
577 99
577 196
578 6
578 283
578 291
579 7
579 10
579 161
580 8
580 285
581 2
581 83
582 282
583 3
584 150
584 442
585 3
585 101
585 202
586 169
587 47
587 270
588 83
588 159
589 112
589 334
590 0
590 3
590 311
591 0
591 123
592 6
592 7
592 34
592 51
593 294
594 3
594 235
595 80
595 166
596 5
596 7
596 318
596 490
597 84
597 128
597 177
597 392
597 571
598 0
598 2
598 7
598 42
598 70
599 103
600 6
600 402
601 4
601 183
602 6
602 17
603 271
604 1
604 5
604 299
605 421
606 0
606 11
606 14
606 46
607 589
608 10
608 47
608 211
609 388
610 14
610 209
610 214
611 2
611 7
611 40
611 70
611 478
611 488
612 5
612 101
612 128
613 7
613 109
613 114
613 260
613 485
614 13
614 213
614 451
615 1
615 37
616 7
616 454
617 1
617 8
617 9
617 84
618 3
618 341
618 446
619 95
619 263
620 3
620 136
621 114
621 485
622 558
623 11
623 80
623 117
623 320
624 3
624 6
624 310
625 6
625 34
625 111
626 342
627 0
627 1
627 2
627 7
627 8
627 110
627 569
628 5
628 6
628 9
628 110
629 42
629 59
629 332
630 0
630 1
630 6
630 110
631 164
632 84
632 177
633 1
633 6
633 13
633 502
634 1
634 3
634 27
634 30
635 1
635 12
635 37
636 5
636 7
636 34
636 111
637 1
637 192
638 552
639 4
639 39
640 5
640 7
640 39
641 2
641 34
641 56
641 58
642 6
642 7
642 15
642 206
643 372
643 396
644 5
644 205
644 503
645 283
645 302
646 11
646 274
647 1
647 6
647 99
648 0
648 6
648 7
648 9
649 3
649 6
649 56
649 250
649 384
650 6
650 17
650 26
650 65
651 3
651 341
651 618
652 34
652 641
653 429
654 7
654 338
654 460
655 146
656 27
657 5
657 6
657 9
658 40
658 246
659 1
659 6
659 10
659 13
659 113
660 386
660 406
661 3
661 5
661 6
661 153
661 310
662 2
662 357
663 0
663 386
664 1
664 376
665 6
665 7
665 66
665 527
666 6
666 111
666 168
667 2
667 100
667 117
667 216
668 128
668 571
668 597
669 5
669 205
670 4
670 5
670 7
670 109
671 8
671 71
671 415
672 420
672 533
673 3
673 7
673 43
674 21
675 63
676 648
677 4
677 6
677 7
677 15
677 206
678 30
678 92
678 535
679 34
679 56
679 58
679 140
680 164
681 2
681 187
682 2
682 28
682 515
683 0
683 6
683 7
684 7
684 334
684 473
685 1
685 3
685 4
685 5
685 7
686 4
686 105
687 1
687 5
687 110
687 539
688 17
688 20
689 0
689 6
689 8
689 9
690 3
690 5
690 30
690 92
690 479
691 0
691 7
691 379
692 5
692 12
692 22
693 15
693 206
694 100
694 117
694 368
695 0
695 2
695 3
695 7
695 8
695 40
696 7
696 163
696 334
697 0
697 3
697 7
697 39
698 238
699 40
699 261
699 445
700 5
700 6
700 9
700 84
700 101
701 465
702 34
702 43
703 3
703 539
704 0
704 9
704 110
704 245
705 5
705 6
705 219
706 6
706 7
706 9
706 336
707 3
707 452
708 113
708 244
709 0
709 104
710 1
710 2
710 6
710 283
711 6
711 299
712 350
712 564
713 567
714 6
714 411
714 459
715 7
715 109
715 192
716 40
716 478
716 488
717 219
717 245
717 521
718 27
718 53
718 74
719 4
719 639
720 0
720 709
721 2
721 3
721 4
721 6
721 282
722 619
723 0
723 379
724 0
724 123
725 51
725 469
726 0
726 2
726 3
726 4
726 6
727 341
728 7
728 163
729 110
729 428
730 3
730 27
730 181
731 3
731 5
731 547
732 11
732 80
733 565
734 7
734 211
734 419
736 589
736 607
737 1
737 224
739 6
739 51
739 66
739 174
740 1
740 5
740 27
741 3
741 367
741 540
742 7
742 318
742 596
743 1
743 9
743 12
743 337
744 113
744 659
745 5
745 657
746 17
746 602
747 2
747 6
747 324
748 208
748 326
748 413
749 693
750 5
750 6
750 7
750 8
750 9
750 262
751 3
751 6
751 195
752 4
752 109
753 58
753 140
754 0
754 1
754 4
754 29
755 84
755 177
755 392
756 34
756 43
756 294
757 1
757 2
757 4
757 48
757 498
758 4
758 125
758 275
759 6
759 48
759 129
759 158
759 411
760 2
760 4
760 6
760 7
760 556
761 3
761 5
761 6
761 34
761 153
762 0
762 7
762 8
762 40
762 42
763 332
764 3
764 5
764 238
765 10
766 2
766 6
766 56
766 75
767 1
767 160
767 422
768 11
768 732
769 268
769 537
770 164
770 680
771 167
771 530
772 284
773 6
773 239
774 7
774 109
774 114
774 485
774 613
775 55
775 102
775 438
776 3
777 7
777 42
777 386
778 5
778 53
778 358
778 464
779 5
779 6
779 34
779 111
779 243
780 383
781 55
781 62
782 451
782 614
783 8
783 377
784 233
785 6
785 26
785 417
786 4
786 84
786 109
786 179
787 3
787 250
787 384
788 4
788 10
788 371
789 4
789 6
789 322
790 736
791 3
791 5
791 111
791 540
792 0
792 4
792 38
793 34
793 679
794 3
794 83
795 3
795 347
796 319
796 409
797 56
797 250
798 2
798 747
799 326
800 146
800 655
801 0
801 386
801 663
802 0
802 1
802 6
802 91
803 1
803 6
803 129
803 309
804 6
804 129
804 309
805 1
805 48
805 309
806 84
806 101
806 338
807 6
807 283
807 710
808 5
808 110
808 539
808 687
809 5
809 143
810 1
810 5
810 8
810 9
810 12
811 117
812 3
812 5
812 30
812 53
812 468
813 5
813 30
813 54
814 557
814 574
815 182
815 466
816 0
816 3
816 4
817 5
817 539
817 808
818 1
818 5
818 12
818 22
819 1
819 2
819 7
819 8
819 110
819 569
820 302
820 645
821 589
822 250
823 34
823 51
823 66
823 174
824 1
824 637
825 3
825 5
825 7
825 34
826 0
826 3
826 5
826 29
827 326
828 1
828 8
828 84
828 617
829 15
829 73
829 268
830 8
830 12
830 22
830 273
831 6
831 9
831 84
831 700
832 0
832 689
833 1
833 7
833 192
834 0
834 2
834 5
834 8
834 184
835 5
835 34
835 825
836 128
836 392
836 571
837 0
837 158
837 411
838 40
838 246
838 658
839 1
839 6
839 10
839 13
839 239
840 26
840 650
841 0
841 4
841 162
842 4
842 179
842 786
843 358
843 501
844 1
844 5
844 6
844 12
845 422
845 767
846 5
846 194
846 547
847 127
847 476
848 835
849 318
849 440
850 4
850 5
850 8
850 9
850 95
851 0
851 2
851 70
851 478
852 680
852 770
853 6
853 759
854 30
854 92
854 535
855 4
855 8
855 9
855 84
856 245
856 717
857 0
857 11
857 46
857 147
858 6
858 15
858 402
859 3
859 5
859 6
859 7
859 75
860 1
860 2
860 7
860 8
860 819
861 1
861 299
861 604
862 7
862 319
863 1
863 258
864 1
864 13
864 213
865 0
865 11
865 127
865 476
866 4
866 76
866 472
867 107
867 354
868 46
868 254
868 267
869 8
869 84
869 617
870 100
870 117
870 320
871 0
871 186
871 197
872 1
872 5
872 818
873 3
873 7
873 101
873 202
875 3
875 4
875 84
876 30
876 54
877 84
877 434
878 0
878 3
878 195
879 0
879 1
879 3
880 8
880 361
881 1
881 6
881 13
881 99
881 113
881 196
882 1
882 113
882 283
883 6
883 51
883 66
883 174
883 739
884 445
884 499
885 61
885 67
886 0
886 1
886 523
887 3
887 111
887 367
888 1
888 2
888 48
888 498
889 191
890 2
890 6
890 7
890 10
890 99
891 1
891 63
892 299
892 861
893 5
893 28
894 7
894 194
895 288
896 1
896 2
896 133
896 175
897 0
897 1
897 2
897 11
898 0
898 2
898 127
898 132
899 3
899 56
899 250
899 384
899 649
900 196
900 577
901 3
901 27
902 4
902 7
902 106
902 379
903 161
903 579
904 1
904 27
904 740
905 48
905 129
905 411
905 759
906 6
906 556
906 760
907 1
907 4
907 6
907 9
907 125
908 3
908 34
908 154
909 299
909 892
910 749
911 254
911 868
912 845
913 1
913 6
913 7
913 91
914 263
915 160
915 422
916 48
916 757
917 113
917 167
918 392
918 571
918 836
919 1
919 604
920 4
920 282
920 721
921 34
921 66
921 823
922 0
922 42
922 59
923 0
923 7
923 8
923 40
923 42
924 411
924 905
925 359
926 6
926 9
926 648
927 6
927 110
927 442
928 3
928 5
928 685
929 309
929 805
930 27
930 30
930 53
931 3
931 27
931 730
932 5
932 376
933 5
933 7
933 490
933 596
934 725
935 1
935 7
935 860
936 27
936 365
937 3
937 5
937 479
937 690
938 1
938 4
938 6
938 7
938 109
939 12
940 3
940 56
940 250
940 899
941 6
941 497
942 258
942 380
943 4
943 7
943 29
943 542
944 3
944 110
944 440
945 0
945 2
945 72
945 115
946 6
946 111
946 367
947 3
947 6
947 341
948 2
948 7
948 51
948 353
949 415
949 671
950 457
951 473
951 684
952 8
952 212
953 6
953 51
953 66
953 514
954 4
954 472
955 0
955 2
955 8
955 110
955 133
955 164
956 4
956 5
956 29
956 39
956 516
957 7
957 29
957 39
957 516
958 5
958 153
958 310
959 6
959 13
959 455
960 679
960 793
961 2
961 3
961 5
961 7
961 9
962 1
962 2
962 3
962 5
962 7
963 3
963 89
964 4
964 7
964 938
965 1
965 10
965 239
966 0
966 8
966 290
967 11
967 248
968 2
968 89
969 0
969 5
969 27
969 92
970 2
970 6
970 7
970 56
970 324
971 7
971 29
971 39
971 516
971 957
972 0
972 723
973 6
973 15
973 402
973 858
974 51
974 228
974 469
975 6
975 195
975 751
976 56
976 58
976 140
977 40
977 699
978 34
978 294
979 48
979 498
979 888
980 1
980 3
980 6
980 8
980 9
980 110
981 51
981 725
982 55
983 2
983 3
983 153
983 524
984 7
984 324
984 511
985 2
985 4
985 6
985 7
985 556
985 760
986 247
986 374
987 185
988 4
988 106
988 379
988 902
989 7
989 598
990 14
990 124
990 412
991 1
991 5
991 110
991 539
991 687
992 1
992 3
992 6
992 8
992 9
992 110
992 980
993 2
993 42
993 70
993 598
994 0
994 48
994 129
994 158
995 906
996 6
996 109
996 506
997 6
997 48
997 129
997 309
998 0
998 80
999 2
999 5
999 6
999 34
999 310
