1 0
2 0
2 1
3 0
3 1
3 2
4 0
4 1
4 2
4 3
5 0
5 1
5 2
5 3
5 4
6 0
6 1
6 2
6 3
6 4
6 5
7 0
7 1
7 2
7 3
7 4
7 5
7 6
8 0
8 1
8 2
8 3
8 4
8 5
8 6
8 7
9 0
9 1
9 2
9 3
9 4
9 5
9 6
9 7
9 8
10 2
10 9
11 1
11 2
11 4
11 5
11 8
12 0
12 2
12 3
12 5
13 10
14 1
14 4
14 5
14 7
14 9
15 4
15 7
16 1
17 4
17 7
17 15
18 1
18 2
18 3
18 4
18 8
19 5
20 13
21 7
21 17
22 1
22 4
22 18
23 1
23 4
23 7
23 8
24 5
25 0
25 1
25 5
25 6
26 5
26 7
26 9
27 5
27 7
27 9
28 1
28 3
28 6
28 8
28 9
29 1
29 16
30 17
31 4
31 5
31 8
31 11
32 0
32 1
32 2
32 3
32 4
32 6
32 7
33 23
34 0
34 2
34 3
35 8
35 9
35 28
36 18
37 1
37 4
37 5
37 14
38 2
39 0
39 5
40 2
40 5
40 6
40 7
40 8
41 3
42 22
43 1
43 3
43 4
43 5
43 6
43 8
44 1
44 5
44 7
44 9
45 4
45 7
46 0
46 3
46 5
46 7
46 8
47 22
48 1
48 2
48 4
48 6
49 1
49 5
50 4
50 7
50 9
50 14
51 2
51 3
51 4
51 5
51 6
51 7
52 13
52 20
53 0
53 1
53 2
53 3
54 0
54 1
54 3
54 6
54 7
54 8
55 4
55 7
55 23
56 24
57 4
58 1
58 3
58 4
58 6
58 7
58 8
59 7
59 9
59 14
60 2
60 9
60 10
61 3
61 5
61 7
61 8
62 0
62 2
62 3
62 5
62 12
64 0
64 2
64 3
64 12
64 62
65 7
65 21
66 10
67 0
67 2
67 3
67 5
67 6
67 8
68 12
68 62
68 64
69 0
69 1
69 5
69 25
70 1
70 6
70 8
70 58
71 5
71 7
71 26
72 1
72 4
72 5
72 9
72 14
73 22
73 42
74 0
74 1
74 2
74 3
74 5
74 6
74 9
75 5
75 12
76 3
76 53
77 0
77 1
77 2
77 3
77 74
78 3
78 6
79 2
79 4
80 1
80 3
80 5
80 7
80 8
80 9
81 2
81 3
81 34
82 1
82 6
82 7
82 8
82 54
83 26
83 71
84 1
84 4
84 58
85 12
85 75
86 13
86 20
86 52
87 2
87 6
88 22
89 1
89 22
90 3
90 5
90 8
91 5
92 1
92 4
92 8
92 23
93 0
93 77
94 0
94 3
94 5
95 23
95 55
97 3
97 5
97 7
97 8
97 46
98 5
98 90
99 1
100 1
100 4
100 8
100 23
100 92
101 1
101 2
101 4
101 8
101 11
102 3
102 34
103 3
104 2
104 5
104 7
105 91
106 14
107 3
107 4
107 5
107 6
108 0
108 2
108 4
108 5
109 58
110 2
110 9
111 36
112 4
112 15
113 3
113 5
113 7
113 8
114 5
114 9
115 24
116 1
116 7
116 9
117 1
118 3
118 94
119 6
119 87
120 0
120 77
120 93
121 57
122 1
122 6
123 2
123 6
124 40
125 1
125 4
125 14
125 37
126 3
126 6
126 7
126 51
127 2
127 3
127 4
127 7
127 51
128 5
128 6
128 25
129 7
130 64
130 68
131 1
131 8
131 58
132 5
132 6
133 1
133 37
134 5
134 9
135 7
135 104
136 1
136 2
136 3
137 7
137 27
138 0
138 1
138 74
138 77
139 1
139 84
140 1
140 2
140 3
140 5
140 8
141 1
141 116
142 1
142 16
143 1
144 6
144 7
144 58
145 4
145 5
145 7
145 9
145 14
146 22
147 1
147 25
148 2
148 4
148 8
148 18
149 13
149 20
149 52
150 10
151 15
152 51
152 126
153 87
154 0
154 1
154 2
155 0
155 154
156 3
156 76
157 1
157 4
157 8
157 58
158 7
158 9
158 116
159 4
159 101
160 4
160 92
160 100
161 0
161 5
161 39
162 0
162 1
162 3
163 2
163 10
163 60
164 7
164 9
164 116
165 0
165 34
166 0
166 34
167 2
167 3
167 127
168 5
168 8
168 11
170 2
171 2
171 4
171 79
172 2
173 1
173 7
174 5
174 25
175 2
175 3
175 127
176 9
177 51
177 152
178 101
179 3
179 74
179 77
180 0
180 3
180 7
181 1
181 5
181 25
182 0
182 1
182 6
182 7
183 6
183 126
184 3
184 8
185 1
185 2
185 5
185 7
185 8
186 1
186 74
186 77
186 138
188 29
189 1
189 2
189 3
189 4
189 7
190 6
190 8
190 9
191 135
192 1
192 157
193 5
193 90
194 58
194 157
195 57
195 121
196 1
196 2
196 3
196 140
197 34
197 165
198 22
198 88
199 5
199 7
200 0
200 154
201 8
201 18
202 7
202 9
202 14
202 145
203 1
203 6
203 7
204 8
204 9
204 28
204 35
205 1
205 92
206 3
206 8
207 74
207 77
207 179
208 0
208 1
208 154
210 1
210 25
211 13
211 149
212 1
212 58
212 70
213 4
214 1
214 2
214 5
214 7
215 15
216 1
216 154
217 0
217 1
217 5
217 25
218 6
218 8
219 74
219 179
220 5
221 3
221 179
222 7
222 145
222 202
223 2
223 9
223 10
224 5
224 181
225 13
225 20
225 149
226 0
226 154
226 200
227 1
227 6
227 8
227 70
228 6
228 7
228 203
229 90
229 193
230 0
230 6
230 7
231 4
231 15
232 0
232 1
232 69
233 1
234 74
234 77
234 179
234 207
235 1
235 58
235 212
236 0
236 2
236 8
237 182
238 5
238 11
238 168
239 2
239 8
239 236
240 77
240 207
240 234
241 0
241 34
242 1
242 4
242 8
242 157
243 0
243 3
243 4
243 7
243 8
244 1
244 25
244 147
245 74
245 77
245 179
245 234
246 0
246 1
246 4
246 7
246 32
247 8
247 190
250 2
250 6
251 154
251 208
252 1
252 6
252 54
252 82
253 0
253 1
254 0
254 77
256 7
257 150
258 7
258 14
259 58
259 157
261 2
261 148
262 201
263 26
263 83
264 1
264 8
264 23
265 13
265 20
266 5
266 46
267 1
267 154
267 208
268 0
268 69
269 2
269 3
269 5
269 6
269 51
270 0
270 34
270 165
271 22
271 42
272 0
272 1
272 3
272 4
272 5
273 4
273 7
273 15
273 17
274 2
274 81
275 5
275 25
275 181
276 0
276 5
276 39
276 161
277 0
277 2
277 3
278 13
279 207
279 234
279 240
280 4
281 58
281 70
282 246
283 35
284 238
285 2
285 5
286 4
286 280
287 8
287 9
288 6
288 8
289 0
289 5
289 161
290 2
290 38
291 74
291 179
291 207
292 7
292 116
293 1
293 8
294 0
295 13
295 20
295 52
295 86
296 2
296 4
296 8
296 101
297 1
297 2
297 4
297 8
297 11
297 101
298 5
298 40
299 5
299 46
300 207
300 234
301 5
301 6
302 0
302 6
302 67
303 154
304 34
304 102
305 148
305 261
306 25
307 5
307 7
307 71
309 2
309 171
310 7
310 8
310 82
311 3
311 162
312 3
312 277
313 15
314 1
314 154
314 216
315 0
315 3
315 94
316 0
316 165
317 207
317 300
318 201
319 7
319 82
319 310
320 3
320 61
321 228
322 1
322 4
322 58
323 3
324 7
324 116
324 158
325 3
325 4
325 272
326 74
326 77
326 186
327 0
327 1
327 2
327 74
327 77
328 1
328 141
329 0
330 1
330 4
330 32
331 1
331 25
331 181
332 0
333 24
334 8
334 190
335 4
335 58
335 157
336 0
336 5
336 69
337 95
338 166
340 98
341 4
341 8
341 31
342 3
342 4
342 6
342 8
342 58
343 5
344 0
344 3
344 5
344 7
345 1
345 4
345 8
345 23
345 92
345 100
346 148
347 0
348 74
350 20
350 52
350 86
351 92
351 205
352 190
352 334
353 0
353 1
353 2
353 4
353 6
353 8
354 0
354 2
356 5
356 9
356 14
356 145
357 3
357 76
358 1
358 3
358 5
358 7
358 8
359 0
360 3
360 7
360 46
361 0
361 154
361 208
362 200
362 226
363 82
363 319
364 0
364 8
364 236
365 154
365 303
366 365
367 8
368 4
368 57
369 0
369 2
369 4
369 6
370 9
370 26
371 278
372 4
372 5
372 9
372 145
373 77
373 240
374 0
374 315
375 2
376 62
376 68
377 253
378 7
378 9
378 14
379 0
380 1
382 82
383 1
383 322
384 4
384 5
384 6
384 7
384 51
385 1
385 2
385 48
386 201
387 6
387 8
388 0
388 3
388 64
389 4
389 8
389 101
389 296
390 1
390 6
390 8
390 9
391 5
391 19
392 1
392 5
393 4
393 273
394 15
394 273
395 77
395 240
396 2
396 12
396 62
396 64
397 207
397 240
397 279
398 74
399 3
399 12
400 5
400 7
400 8
400 113
401 8
401 58
402 8
402 31
404 2
404 5
405 1
405 328
406 5
406 7
406 9
406 14
406 145
407 1
407 232
408 5
408 25
409 3
409 34
409 81
410 7
410 14
410 378
411 1
411 122
412 3
412 4
412 272
412 325
413 8
413 61
414 118
415 1
415 6
415 7
415 182
416 307
417 145
417 202
418 0
418 7
418 180
419 8
419 11
419 168
420 74
420 77
420 138
421 1
421 2
421 7
421 9
422 3
422 5
422 269
423 3
423 4
423 7
423 51
424 3
424 34
424 102
425 407
426 127
427 2
427 3
427 5
427 12
428 3
428 5
428 6
429 1
429 2
429 4
429 5
430 5
430 7
430 9
430 14
431 8
431 82
432 5
432 8
432 46
433 3
433 102
434 4
434 6
434 8
434 353
435 2
435 8
435 239
436 4
436 322
437 58
438 1
438 4
438 5
438 8
439 2
439 3
439 62
439 64
440 1
440 2
440 4
441 2
441 4
441 5
441 6
442 5
442 25
442 181
443 2
443 34
444 7
444 14
445 181
446 3
446 6
446 269
447 409
448 23
448 55
449 5
449 8
450 0
450 1
450 4
450 6
451 2
451 3
451 127
452 190
453 1
453 253
454 0
454 336
455 69
455 232
456 1
456 6
456 43
457 0
457 5
457 25
458 3
458 8
458 206
459 46
459 266
460 9
460 50
461 0
461 3
461 8
462 5
462 40
463 23
463 448
464 12
464 85
465 3
465 4
465 7
465 51
466 5
466 7
467 465
468 32
468 330
469 0
469 1
469 217
470 4
470 384
471 1
471 154
472 5
472 181
472 442
473 5
473 7
473 14
474 7
474 173
475 2
476 5
476 8
476 113
476 400
477 161
477 276
478 1
478 453
479 22
480 7
480 358
481 3
481 8
481 58
482 0
482 3
482 388
483 182
483 415
484 157
484 192
485 2
485 8
486 214
487 1
488 1
488 8
489 9
489 176
490 240
490 279
490 397
491 12
491 396
492 3
493 1
493 4
493 32
493 330
494 4
494 7
494 9
494 50
495 5
495 14
495 406
497 6
497 7
497 230
498 74
498 186
499 3
499 446
500 1
500 7
501 3
501 58
501 342
502 8
502 92
502 100
503 0
503 2
503 4
504 53
504 76
505 6
505 441
506 2
506 74
507 7
507 9
507 158
508 1
508 415
509 3
510 74
510 77
510 420
511 1
511 6
511 456
512 1
512 4
512 157
512 242
513 0
513 2
513 5
514 74
514 77
514 234
515 0
515 2
515 74
516 5
516 49
517 7
517 360
518 190
519 7
519 8
519 82
519 310
520 22
521 14
522 13
522 149
524 7
525 8
525 227
526 3
526 127
527 15
527 17
528 3
528 64
529 4
529 8
529 92
530 1
530 101
531 20
531 265
532 15
534 2
534 4
534 8
535 0
535 200
536 9
536 110
537 8
537 11
538 5
538 7
538 8
539 24
539 333
540 1
540 133
541 1
541 4
541 23
542 7
542 9
542 116
542 158
543 1
543 140
544 334
545 3
545 179
545 221
546 3
546 6
547 9
549 4
549 7
550 336
550 454
551 8
551 31
551 341
552 333
553 29
553 188
554 74
554 186
555 5
555 8
555 11
555 168
556 5
556 7
556 26
556 71
557 44
558 24
559 208
559 267
560 5
560 307
561 7
561 8
561 80
562 5
563 24
563 333
563 539
564 2
564 34
565 53
565 76
565 504
566 0
566 74
567 3
568 51
568 177
569 5
569 71
570 3
571 1
571 8
572 0
572 2
572 3
572 53
573 0
573 3
573 8
574 0
575 74
575 77
575 326
576 0
577 7
577 26
577 556
578 9
578 10
579 1
579 4
579 272
580 1
581 3
581 77
581 179
582 2
582 38
584 1
584 25
584 181
585 5
585 408
586 0
586 3
586 5
586 62
587 0
587 5
587 39
587 276
588 2
588 7
588 421
589 6
589 511
590 4
590 48
591 32
591 246
592 1
592 8
592 157
592 242
593 0
593 1
593 3
593 5
593 6
593 7
594 3
594 64
595 3
595 34
595 424
596 3
596 127
597 7
597 292
598 74
598 77
599 200
600 51
600 152
601 3
601 269
603 2
603 4
603 79
604 3
604 4
604 6
605 74
605 326
607 3
608 3
608 107
609 0
609 3
609 5
609 7
609 593
610 341
611 2
612 132
613 4
614 0
614 2
614 5
614 6
614 7
615 4
615 345
616 6
616 446
617 362
618 5
619 12
619 396
619 491
620 2
620 8
621 5
621 9
621 80
622 110
622 536
623 8
623 592
624 585
625 0
625 2
625 4
625 5
625 8
626 7
626 82
626 310
627 5
627 7
627 473
628 153
629 5
629 8
629 476
630 7
630 319
631 179
632 273
633 15
634 4
634 14
635 20
635 149
635 225
636 5
636 422
637 74
637 420
637 510
638 479
639 7
639 144
640 2
640 3
640 4
641 3
641 77
641 581
642 77
642 179
642 234
643 5
644 0
645 94
645 315
646 1
646 6
646 7
646 203
647 6
648 13
648 20
648 149
648 225
649 6
650 9
650 14
650 356
651 2
651 611
652 0
653 265
653 531
654 3
654 76
654 357
655 0
655 3
655 6
655 7
656 626
657 1
658 590
660 69
661 0
661 4
661 6
661 32
663 154
664 240
664 279
664 397
664 490
665 0
665 7
665 344
666 5
667 635
668 397
668 490
668 664
669 5
669 39
669 276
669 587
671 7
672 273
673 62
673 64
673 396
674 639
675 34
675 166
676 9
676 28
676 35
676 204
677 514
678 336
678 454
678 550
679 1
679 7
679 646
680 2
680 8
681 322
682 3
682 388
682 482
683 0
683 5
683 161
683 289
684 386
685 2
685 10
685 60
686 242
686 592
687 4
687 79
688 69
688 232
688 455
690 154
690 303
690 365
691 5
692 3
693 7
693 14
695 3
695 175
696 0
696 5
696 69
696 336
697 34
697 270
698 1
699 4
699 634
700 18
700 22
702 122
702 411
703 517
704 7
704 310
704 519
705 0
705 2
705 3
705 34
706 6
707 8
708 4
709 0
710 31
710 551
711 230
712 2
712 74
712 515
713 5
714 594
715 8
715 432
716 3
716 5
716 8
716 80
717 29
717 188
717 553
718 0
718 34
718 166
719 20
719 86
719 295
720 226
720 362
721 252
722 0
723 674
724 23
724 100
725 34
725 564
726 1
726 154
726 267
727 6
727 9
728 1
728 392
729 5
729 26
730 1
730 3
730 9
731 4
731 7
731 51
732 624
733 6
733 7
733 497
734 2
734 4
734 5
734 8
734 625
735 1
735 2
735 6
735 48
736 6
736 8
736 9
737 3
737 167
738 5
738 39
738 276
738 587
738 669
740 5
740 7
741 154
742 1
742 14
743 8
744 5
744 181
744 442
745 3
745 77
745 641
747 139
748 296
749 23
749 724
750 1
750 293
751 7
751 158
751 542
752 9
752 10
753 7
753 82
753 319
754 0
754 2
754 3
754 53
755 0
755 1
755 217
756 3
757 2
757 603
758 5
758 25
759 3
759 424
759 595
760 3
760 5
761 396
761 673
762 77
762 207
763 0
763 34
764 5
764 46
765 34
766 58
766 157
766 335
768 157
768 335
769 3
769 4
769 640
770 14
770 37
770 125
771 1
771 2
771 7
771 9
771 421
772 46
772 266
772 459
773 1
773 5
773 392
774 7
774 310
774 626
775 58
775 157
775 766
776 46
776 432
777 741
778 586
779 1
779 3
779 7
779 54
780 5
781 157
781 766
782 1
782 6
782 9
782 390
784 1
785 9
785 421
785 771
786 234
787 5
787 25
787 181
787 442
788 4
789 2
789 7
790 2
790 4
790 297
791 1
791 7
792 19
792 391
793 7
793 14
793 59
794 678
795 157
796 154
796 208
797 8
797 82
797 431
798 3
799 2
799 53
799 572
800 323
801 5
801 40
801 462
802 62
802 673
803 151
804 0
804 34
804 241
805 0
805 1
805 3
805 5
805 6
805 7
806 0
807 127
808 161
808 276
808 477
809 179
809 234
809 245
810 77
810 138
810 420
811 71
811 569
812 2
812 9
812 771
813 0
813 2
813 3
813 4
813 7
814 23
815 8
815 625
816 325
817 333
817 539
818 3
819 2
819 74
820 764
821 4
821 634
822 7
822 8
823 154
823 303
824 581
824 641
825 86
825 350
826 5
826 46
826 299
827 3
828 4
828 159
829 95
830 681
831 409
831 447
832 157
832 192
833 6
833 228
834 77
834 207
834 234
835 4
835 101
835 389
836 1
836 6
836 390
837 76
838 5
838 8
839 5
839 7
839 9
839 44
840 6
840 7
840 497
840 733
841 1
841 7
841 189
842 5
842 7
842 473
842 627
843 2
844 37
845 594
846 2
846 62
846 64
847 153
848 5
848 669
849 3
849 62
850 319
850 630
851 843
852 200
853 221
854 287
856 1
857 3
857 6
857 8
857 58
858 6
858 7
858 144
859 8
859 488
861 7
861 8
861 97
862 69
862 232
863 1
863 232
864 2
864 38
865 1
865 89
866 333
867 61
867 413
868 240
868 490
869 4
869 79
869 603
870 821
871 1
871 4
871 579
872 5
872 7
872 9
872 27
873 140
873 543
874 23
874 448
874 463
875 20
876 588
877 1
878 7
878 116
878 158
879 9
880 102
881 9
881 421
882 868
883 5
883 97
884 3
884 6
885 9
885 10
885 578
886 1
886 478
887 1
887 779
888 142
889 1
889 392
890 710
892 0
893 25
893 210
894 420
894 510
895 2
895 864
896 7
897 2
898 4
898 7
898 9
899 1
899 11
900 9
901 6
901 497
902 82
902 363
903 2
903 239
904 1
904 7
904 182
904 415
905 7
905 9
905 158
906 53
906 799
907 5
907 8
907 168
907 555
908 0
908 236
909 774
910 3
910 6
910 7
910 8
911 37
911 125
912 11
912 419
913 0
913 3
913 6
913 7
913 805
914 69
914 232
915 9
916 7
916 182
917 1
917 7
918 9
918 356
919 37
920 3
920 818
921 687
922 23
922 100
922 724
923 207
924 3
924 492
925 181
925 445
926 2
926 4
926 6
927 6
927 8
927 288
928 0
928 77
929 190
929 518
930 23
931 8
931 54
932 108
933 274
934 2
935 154
935 741
936 0
936 3
936 344
937 9
938 5
938 8
938 168
940 154
941 5
942 4
942 8
942 734
943 6
944 0
944 3
944 5
944 6
944 67
945 3
945 34
945 102
946 3
946 113
947 1
947 4
947 6
947 8
947 43
948 1
948 4
948 8
948 92
950 1
951 79
952 181
952 925
953 1
953 5
953 6
953 9
954 880
955 1
955 5
955 6
955 43
956 77
957 0
957 3
958 454
958 550
959 154
959 314
960 7
960 14
960 410
961 179
961 221
961 545
962 276
962 808
963 69
963 336
963 696
964 1
964 948
966 450
967 4
967 23
967 55
968 677
969 164
970 268
971 1
971 4
971 8
972 5
973 319
973 363
974 5
974 8
974 43
975 873
976 969
977 5
977 587
977 669
978 77
979 7
979 679
980 1
980 7
981 820
982 265
983 1
983 8
983 345
984 236
984 908
985 1
985 29
986 1
986 4
986 23
986 92
987 455
988 2
988 3
988 51
989 5
989 8
989 838
990 3
990 4
990 7
990 32
991 2
991 148
992 4
992 7
992 15
992 17
993 7
993 51
993 731
994 1
994 4
994 8
994 947
995 1
995 2
995 4
995 5
995 8
995 11
998 228
999 420
999 510
