1 0
2 0
2 1
3 0
3 1
3 2
4 0
4 1
4 2
4 3
5 0
5 1
5 2
5 3
5 4
6 0
6 1
6 2
6 3
6 4
6 5
7 0
7 1
7 2
7 3
7 4
7 5
7 6
8 0
8 1
8 2
8 3
8 4
8 5
8 6
8 7
9 0
9 1
9 2
9 3
9 4
9 5
9 6
9 7
9 8
10 9
11 6
11 8
12 1
12 2
13 1
13 6
13 8
14 0
14 2
15 14
16 3
16 9
17 12
18 3
18 4
18 7
19 3
19 7
19 9
20 7
21 16
22 2
22 12
23 5
24 2
24 3
24 6
24 9
25 14
25 15
26 9
26 16
27 3
27 5
28 25
29 1
29 8
29 9
30 6
31 0
31 6
31 8
32 7
32 20
33 6
33 13
34 20
35 10
36 6
37 4
37 7
38 8
38 9
39 8
40 15
41 0
41 1
41 2
42 1
42 13
43 2
43 7
44 4
44 7
45 0
45 41
47 2
47 14
48 4
49 29
51 7
51 37
52 0
52 31
53 0
53 1
54 38
55 0
55 3
56 10
56 35
57 15
57 40
58 8
58 39
60 14
60 15
60 25
61 2
62 2
63 6
65 0
65 3
66 0
66 14
67 6
67 9
68 10
68 35
69 11
70 40
71 15
72 9
72 16
73 31
74 8
74 11
75 24
76 2
76 24
77 8
77 29
78 19
79 40
79 70
80 2
80 3
81 20
82 3
83 6
83 13
84 8
85 1
86 67
87 40
88 2
88 3
89 79
91 1
91 85
93 2
94 0
95 4
96 6
96 33
97 0
97 9
98 6
98 96
99 14
99 15
100 6
103 10
103 35
104 0
104 2
105 3
106 15
106 71
107 7
108 0
108 1
109 0
109 104
110 11
110 69
111 6
111 7
113 9
114 7
114 19
115 3
115 7
117 24
118 4
118 37
119 107
120 111
121 1
123 12
123 22
125 40
125 79
126 3
126 105
127 25
127 60
128 75
129 71
130 3
132 0
132 2
132 3
133 9
134 73
135 118
136 3
137 1
138 44
139 5
140 22
140 123
141 0
142 13
142 83
143 0
143 45
144 2
144 4
145 83
146 31
146 73
147 27
148 8
148 29
148 77
149 1
149 2
150 35
150 103
151 1
151 108
152 8
154 3
154 136
155 3
157 94
158 109
159 4
159 5
159 6
160 2
161 60
162 127
163 15
163 71
163 106
164 7
164 9
164 19
165 16
165 72
166 83
166 142
167 5
167 8
168 6
168 31
169 0
170 163
171 1
171 8
173 3
173 115
174 151
175 7
175 18
176 6
176 100
177 9
178 83
179 104
179 109
181 9
181 164
182 2
182 14
183 6
183 7
184 58
185 15
185 40
186 9
187 0
187 143
188 4
188 48
189 104
190 85
191 2
191 14
192 111
192 120
193 19
194 130
195 2
195 88
196 4
196 18
198 9
199 25
200 79
201 5
202 83
203 83
203 178
204 3
204 126
205 3
206 8
206 77
208 105
209 155
210 8
210 38
212 83
212 178
213 79
213 200
214 1
214 91
215 108
215 151
216 196
217 2
217 47
218 2
218 4
219 1
219 12
220 0
221 0
221 94
222 2
223 9
225 5
225 23
226 123
227 9
227 198
228 9
228 133
229 9
229 19
230 35
231 136
232 110
233 24
233 76
234 3
234 115
235 7
235 115
236 5
236 27
237 0
237 14
238 39
238 58
239 118
240 29
241 0
242 29
242 77
243 2
243 218
244 25
244 199
245 91
248 9
248 181
249 2
249 222
250 29
251 18
251 196
253 3
254 10
254 68
256 3
256 27
258 248
259 7
259 37
259 51
260 202
261 79
261 125
262 221
264 8
265 58
265 184
266 0
266 14
267 14
268 3
268 105
269 58
269 265
270 140
271 8
271 84
272 24
273 8
273 210
274 4
274 6
275 70
275 79
279 8
279 77
280 22
280 123
281 39
282 1
282 42
283 29
284 67
285 6
285 8
287 40
288 9
290 105
290 268
291 25
291 28
293 6
293 274
294 9
294 198
295 2
296 60
296 127
297 44
298 3
298 80
299 16
300 6
300 13
301 75
302 67
302 284
303 2
304 98
305 181
306 0
307 1
308 40
308 185
309 19
310 7
310 20
310 32
312 237
313 29
314 1
314 5
315 187
316 226
317 35
317 68
318 317
320 1
320 307
321 77
321 242
322 236
323 8
323 152
324 8
324 264
326 57
330 0
330 55
331 3
331 154
332 26
333 8
333 29
334 8
334 31
335 6
336 12
336 123
337 3
337 65
338 6
339 2
339 93
340 14
340 182
341 175
342 221
343 6
343 11
344 181
344 305
345 25
346 4
348 303
349 10
349 35
351 8
351 323
353 8
353 29
353 148
354 96
355 31
355 168
356 129
357 104
357 109
358 2
358 160
359 26
359 332
360 76
360 233
361 104
361 109
362 267
363 69
364 9
366 45
367 7
367 235
368 108
369 1
369 3
369 8
370 41
371 29
371 49
372 7
372 37
373 20
373 81
374 6
374 13
374 33
375 1
375 4
376 304
377 15
377 106
378 372
379 9
380 130
381 3
381 256
382 1
382 149
383 351
384 203
385 3
386 152
387 0
387 2
388 7
389 58
390 40
391 79
391 261
392 126
392 204
393 1
394 25
396 0
396 108
397 206
398 14
398 266
400 20
400 310
401 69
401 110
403 309
404 341
405 3
405 5
406 76
406 360
407 353
408 9
408 67
409 256
410 2
410 9
412 105
413 85
413 91
414 225
415 4
417 5
417 9
418 0
418 1
418 8
419 31
419 146
420 8
420 418
421 6
421 7
421 9
422 7
422 18
423 2
423 8
424 3
425 146
426 35
426 150
427 6
427 176
429 2
429 7
430 27
430 147
431 35
432 13
433 413
434 432
435 127
436 2
436 3
436 6
436 9
437 10
440 142
441 40
441 287
442 118
443 45
443 366
444 310
445 8
445 39
446 0
447 29
447 77
449 251
450 9
451 26
452 127
452 435
454 129
456 6
456 421
457 69
457 363
458 407
459 432
460 178
462 370
463 206
464 126
464 204
464 392
465 190
467 271
468 2
469 367
470 75
470 301
471 2
471 144
472 0
473 8
474 9
474 19
475 379
476 40
476 287
477 178
478 16
478 26
480 4
480 415
481 208
482 175
483 3
483 7
483 18
484 0
484 14
485 2
486 357
487 8
487 11
488 6
489 8
490 4
490 196
491 0
491 1
492 40
492 390
493 282
494 13
494 83
494 142
495 5
495 417
496 0
496 132
498 4
499 407
499 458
500 24
501 2
501 41
502 68
503 12
504 7
504 107
506 2
506 218
507 259
508 488
509 39
509 445
510 9
510 421
511 146
512 67
512 86
513 84
514 108
515 100
515 176
516 25
516 127
517 15
517 25
518 299
519 3
519 105
520 10
521 6
521 24
522 67
523 7
524 240
525 3
525 27
526 0
527 6
527 11
528 222
528 249
529 8
530 435
531 7
531 9
532 2
532 4
533 45
534 27
534 525
537 298
538 251
538 449
539 5
539 23
539 225
540 7
541 7
542 15
542 163
543 4
543 5
544 9
545 29
545 353
546 185
547 25
547 345
548 310
548 444
550 79
550 261
551 83
551 142
552 118
553 511
554 514
555 12
555 123
556 196
557 35
557 56
559 18
559 483
561 210
562 107
564 3
565 3
565 298
566 38
566 210
567 1
567 2
568 1
568 42
569 208
570 370
570 462
571 99
572 6
573 13
573 432
574 67
574 86
574 512
576 435
576 452
577 450
578 5
579 177
580 367
581 190
582 108
582 151
583 547
584 7
585 574
586 4
586 144
589 478
590 3
592 443
594 2
594 410
595 135
596 6
597 8
597 171
598 389
599 56
600 14
600 267
601 8
602 74
603 300
604 3
604 55
605 241
606 111
607 5
607 6
607 159
610 310
610 548
611 305
613 9
614 2
615 458
616 5
616 6
616 7
617 2
617 5
618 367
619 583
620 303
621 432
621 459
622 83
624 0
625 9
625 67
626 2
626 61
627 178
628 136
628 231
630 14
630 266
632 185
633 120
634 142
635 282
636 219
638 2
638 626
639 85
639 190
640 233
641 39
641 281
642 3
642 155
643 1
644 85
644 413
645 31
645 419
647 478
648 142
648 634
649 594
650 0
650 132
651 528
652 185
652 308
654 38
654 210
654 566
655 6
655 31
656 115
656 234
657 18
657 483
657 559
658 570
660 510
662 17
663 48
664 374
665 1
665 567
666 6
666 427
667 522
668 0
668 52
669 5
670 1
670 137
671 79
672 271
672 467
673 93
674 452
678 574
679 127
679 162
680 185
680 632
681 3
681 105
682 371
684 233
684 640
685 273
686 300
687 8
687 285
688 73
688 134
689 31
689 146
691 287
692 9
694 41
694 501
695 421
696 267
696 362
698 0
698 484
699 31
700 538
701 2
701 339
702 8
703 8
703 351
704 378
705 7
705 421
706 227
707 105
707 681
708 698
709 11
711 24
712 432
713 66
714 67
715 100
715 515
716 370
716 462
718 370
720 73
720 134
721 7
722 75
722 470
724 2
724 218
725 200
725 213
726 123
726 336
727 585
728 564
729 14
729 267
730 24
730 711
731 264
732 235
733 0
734 2
736 210
737 595
738 3
739 6
739 168
740 561
741 31
741 419
742 81
742 373
743 5
743 139
744 40
744 441
745 24
745 711
745 730
746 421
746 705
748 266
750 626
750 638
751 0
752 58
753 8
754 9
754 16
755 72
757 77
758 191
759 314
760 574
761 27
761 147
763 9
764 196
764 556
765 2
765 594
766 6
766 168
767 0
767 45
768 739
769 45
769 143
770 190
771 315
772 261
772 550
773 610
774 14
774 729
775 93
775 339
777 7
777 8
778 484
778 698
779 421
781 203
782 222
783 339
784 83
785 573
786 190
787 99
788 204
789 10
789 68
790 9
790 97
791 1
791 8
792 4
795 37
795 372
796 22
796 123
797 75
797 722
798 9
798 10
799 355
800 63
801 667
802 511
803 31
803 689
804 27
804 147
805 754
806 15
807 8
807 58
808 358
809 672
810 68
811 1
811 219
812 3
813 32
814 149
814 382
815 10
815 520
816 616
818 68
821 396
822 104
825 67
825 522
826 47
827 68
828 8
830 9
830 421
831 798
832 44
833 525
834 421
834 830
835 2
835 626
836 105
836 268
837 807
838 6
838 30
839 133
840 151
840 215
842 3
842 126
843 14
844 9
845 670
846 234
847 154
847 331
848 57
849 845
850 25
850 60
851 83
852 813
853 5
853 8
854 2
854 104
855 163
856 261
856 772
857 378
858 307
858 320
859 271
859 467
860 531
861 698
862 358
863 5
864 390
864 492
865 628
866 47
866 826
867 31
868 436
869 670
872 5
873 6
873 596
874 494
875 5
876 443
877 22
878 7
878 705
879 58
880 1
880 91
882 6
883 31
883 689
884 0
884 1
886 681
887 236
888 8
888 29
889 6
890 199
890 244
892 6
893 85
894 0
894 733
895 88
896 39
896 641
897 9
898 638
898 750
899 226
899 316
900 127
900 679
901 812
903 168
904 18
904 196
904 251
905 344
906 15
906 25
907 663
908 634
909 527
911 19
912 8
912 167
913 96
914 115
914 234
915 2
917 299
918 2
918 12
920 133
921 299
921 518
922 76
922 233
923 729
925 337
926 19
928 4
928 18
928 196
929 7
929 483
931 698
931 861
932 1
932 320
933 73
934 602
935 159
935 607
936 98
936 304
937 422
939 290
940 35
941 104
941 854
942 10
943 444
943 548
944 621
945 511
946 148
948 55
949 287
949 691
951 35
951 940
952 67
952 512
953 7
953 37
954 142
954 494
955 778
957 7
957 44
959 8
962 5
963 3
963 842
964 4
964 218
965 743
966 234
967 672
968 2
968 144
969 922
970 19
971 302
973 304
973 936
974 105
974 208
975 430
976 971
977 239
979 55
980 39
980 238
983 20
984 45
985 754
985 805
986 83
987 576
988 7
988 777
990 42
991 35
991 557
992 143
992 187
993 99
993 787
994 77
994 242
995 31
996 89
997 25
997 517
998 25
998 517
999 512
999 574
