1 0
2 0
2 1
3 0
3 1
3 2
4 0
4 1
4 2
4 3
5 0
5 1
5 2
5 3
5 4
6 0
6 1
6 2
6 3
6 4
6 5
7 0
7 1
7 2
7 3
7 4
7 5
7 6
8 0
8 1
8 2
8 3
8 4
8 5
8 6
8 7
9 0
9 1
9 2
9 3
9 4
9 5
9 6
9 7
9 8
10 2
10 3
10 6
10 8
11 2
11 3
11 4
11 6
12 3
12 5
12 6
12 9
13 0
13 1
13 8
14 0
14 1
14 2
14 3
14 4
15 1
15 2
15 4
16 4
16 5
16 7
17 0
17 3
17 6
18 6
18 11
19 1
19 4
19 8
20 1
20 5
20 8
20 9
21 1
22 0
22 2
22 3
22 6
22 8
23 0
23 5
23 7
23 8
24 0
24 2
24 4
25 5
26 1
26 3
26 5
26 6
26 7
27 1
27 2
27 3
28 0
29 1
29 21
30 3
30 4
31 3
31 6
32 2
32 3
33 0
33 1
33 2
34 0
34 8
35 1
35 2
35 27
36 24
38 0
38 1
38 2
38 3
38 4
38 5
38 6
38 7
39 1
39 3
39 14
40 2
40 3
40 4
41 1
41 6
41 7
41 9
42 0
42 7
42 8
42 23
43 0
43 6
43 8
43 22
45 4
45 40
46 8
46 42
47 3
47 6
47 12
48 3
48 6
48 12
49 6
49 31
50 0
50 1
50 4
52 23
53 1
53 21
53 29
54 1
54 8
54 19
55 1
55 2
55 3
55 4
55 5
55 6
56 1
56 29
56 53
58 2
58 6
58 8
58 10
59 6
60 1
60 3
60 4
60 5
61 1
61 2
61 27
62 0
62 3
62 4
62 14
63 3
63 6
63 47
64 1
64 2
64 4
65 54
66 1
66 4
66 5
66 6
67 2
67 3
67 7
68 36
69 1
69 9
69 41
70 3
71 0
71 33
72 6
72 63
73 3
73 4
73 11
74 12
74 47
75 0
75 4
75 50
76 1
76 9
77 6
77 12
78 24
79 4
79 5
79 66
80 0
80 1
80 5
80 6
81 0
81 1
81 2
81 4
81 5
82 1
82 8
82 20
83 1
83 2
84 0
84 2
84 3
84 6
84 22
85 3
86 11
86 18
87 1
87 6
87 7
87 41
88 0
88 50
89 6
89 31
90 6
91 5
92 5
92 38
93 0
93 4
93 7
93 8
94 1
95 10
95 58
96 3
96 60
97 1
98 0
98 3
98 4
98 62
99 1
99 3
99 14
100 6
101 3
102 5
102 7
103 0
103 1
103 3
104 0
104 22
104 84
105 2
105 3
105 6
105 8
106 20
107 65
108 1
108 5
108 6
109 4
109 5
109 66
110 1
110 19
111 27
112 0
112 2
112 22
112 84
113 5
113 7
113 102
114 3
114 6
115 0
115 1
115 8
115 9
117 0
117 50
117 88
118 4
119 113
120 0
120 1
120 3
120 5
120 38
121 0
122 27
123 8
123 22
123 43
124 3
124 6
124 9
125 1
125 9
125 69
126 7
126 41
126 87
127 0
127 2
127 3
127 4
127 5
127 8
127 9
128 1
128 2
128 3
129 6
129 31
130 0
130 4
132 5
132 79
133 4
133 15
134 38
135 5
135 38
135 120
136 65
136 107
137 1
137 50
138 2
138 8
139 1
140 81
141 2
141 7
142 0
142 1
142 3
143 1
143 3
144 88
144 117
147 1
147 5
148 0
148 3
148 4
149 7
149 102
149 113
150 137
151 1
151 2
151 128
152 0
152 1
153 4
153 11
154 3
154 5
155 0
155 1
155 2
156 12
156 77
157 5
157 9
158 1
158 9
158 41
159 1
159 5
160 1
160 41
161 1
161 41
162 1
162 2
162 3
163 141
164 2
164 3
164 162
165 1
165 4
165 8
166 38
167 133
168 41
169 1
169 2
169 6
170 3
170 85
171 1
171 2
171 4
171 5
171 9
172 2
172 4
172 5
172 7
172 38
173 2
173 3
174 0
174 8
174 22
175 1
175 4
175 5
175 6
176 41
176 161
177 1
177 97
178 1
178 4
178 5
179 1
179 4
179 14
180 1
180 6
181 129
182 3
183 60
183 96
184 67
185 3
185 4
185 8
186 0
186 8
187 1
187 177
188 0
188 3
188 8
188 9
189 1
189 6
190 0
190 117
191 1
191 2
191 3
191 6
191 9
192 4
192 16
193 1
193 7
193 9
193 41
194 69
196 1
196 4
196 5
196 6
197 3
197 47
198 161
198 176
199 0
199 4
199 5
199 7
200 2
201 149
202 65
202 107
203 190
204 56
205 2
206 38
206 166
207 155
209 0
209 2
209 4
209 6
209 8
211 0
211 8
211 22
212 27
212 122
213 129
213 181
214 0
214 6
215 5
215 20
216 3
216 5
216 38
216 120
218 5
218 8
219 102
220 91
221 3
221 148
222 1
222 2
222 15
224 2
224 6
224 8
225 6
225 8
225 224
226 3
227 205
228 5
228 8
229 3
229 101
230 2
230 4
230 6
230 11
231 186
232 7
232 102
233 1
233 3
233 4
234 3
234 8
235 3
235 8
236 1
236 5
236 80
237 2
237 3
238 4
238 7
238 16
239 1
239 2
240 3
240 105
241 4
241 172
242 182
243 2
243 4
243 64
244 5
244 80
245 7
245 41
245 87
246 1
246 14
246 39
247 1
247 137
248 6
249 0
249 24
250 12
251 3
251 6
251 12
251 48
252 11
252 18
253 6
253 225
254 3
254 5
254 8
255 0
255 1
255 5
255 80
256 253
257 3
258 232
259 182
260 1
260 41
260 161
261 6
262 3
262 4
262 7
263 141
263 163
264 137
265 1
265 4
266 69
267 8
268 137
268 150
269 4
269 133
270 8
271 2
271 5
271 6
271 8
272 38
272 206
273 1
273 247
274 149
275 242
276 260
277 0
277 88
277 117
278 1
278 3
278 4
278 6
279 1
279 3
279 5
279 7
279 26
280 29
281 4
281 148
282 8
282 22
282 43
283 0
283 88
283 277
284 1
285 1
285 53
285 56
286 41
287 1
287 6
288 6
289 84
290 8
290 234
291 1
291 5
291 7
291 9
292 60
292 183
293 0
293 3
293 7
294 0
294 22
295 5
296 0
296 3
296 6
296 84
297 1
298 80
298 255
299 0
299 1
299 3
300 1
300 5
300 159
301 4
301 64
302 190
303 3
303 7
304 22
304 282
305 2
305 3
305 7
305 67
307 1
307 177
308 0
308 3
308 8
308 9
308 188
309 295
310 0
310 1
310 2
311 35
312 21
312 53
313 1
313 53
314 0
314 1
314 2
314 4
314 5
314 6
315 0
315 2
315 4
316 12
316 48
317 78
318 88
318 277
318 283
319 1
319 177
320 7
320 41
320 87
320 245
322 0
322 71
323 1
324 8
325 155
326 1
326 4
326 6
326 196
327 1
327 7
327 41
327 193
328 1
328 19
329 1
329 9
331 122
332 33
333 3
333 240
334 0
334 6
335 114
336 1
337 1
337 2
337 3
338 1
340 22
340 43
341 24
342 1
342 4
342 9
343 1
343 99
344 2
344 27
344 35
345 3
345 6
345 12
346 0
346 190
347 65
347 107
347 136
348 2
348 3
348 67
349 2
349 64
349 243
350 227
351 0
351 1
351 3
351 6
352 132
353 4
353 8
353 165
354 20
355 0
355 117
356 1
357 338
359 41
359 158
360 184
361 0
361 190
361 346
363 3
363 47
363 197
364 0
364 88
365 1
365 2
365 6
365 191
366 42
367 22
368 8
368 43
368 282
369 105
369 240
370 6
370 100
372 7
372 9
372 291
373 2
373 3
373 4
373 8
373 9
373 127
374 2
374 8
374 224
375 1
375 179
376 6
376 9
377 137
378 6
379 85
380 1
380 2
380 6
380 191
381 6
381 189
382 3
382 148
382 221
383 0
384 2
384 4
384 6
384 8
384 209
385 0
385 3
385 142
386 2
386 3
387 2
388 6
388 72
389 238
390 6
390 105
391 3
392 4
392 8
392 9
393 1
393 2
393 3
393 4
393 5
393 8
394 0
394 2
395 10
395 58
396 5
397 72
397 388
398 191
399 12
400 102
401 1
401 160
402 3
402 5
402 60
403 299
404 227
406 65
406 107
406 136
408 1
408 4
409 38
410 38
411 27
411 122
411 212
412 0
412 1
412 80
412 255
413 122
415 1
415 15
416 3
416 262
417 0
417 1
418 252
419 2
419 6
420 6
420 12
421 2
421 8
421 374
422 1
422 97
423 65
423 136
424 8
424 20
424 82
425 149
425 201
426 24
427 262
427 416
428 4
428 5
428 79
429 1
430 61
431 3
431 5
431 216
432 0
432 255
432 412
434 3
434 6
435 1
435 4
435 5
435 6
436 5
436 9
436 157
437 113
438 0
438 3
438 293
439 4
439 172
439 241
440 346
441 1
442 2
442 162
443 2
443 6
443 22
444 224
444 374
445 182
445 242
446 2
446 27
446 344
447 1
447 9
448 6
448 9
449 40
450 3
450 8
450 234
451 2
451 7
451 305
452 2
452 421
453 89
454 88
454 277
454 318
455 38
456 1
456 6
456 380
457 7
457 41
457 87
458 0
458 4
458 6
458 7
459 2
459 3
459 4
460 1
460 8
460 9
461 1
461 179
462 238
462 389
463 9
463 392
464 6
464 345
465 117
465 355
467 8
467 22
467 43
467 123
468 1
468 2
468 83
469 47
469 74
470 1
470 161
471 233
472 4
472 130
473 9
473 188
473 308
474 81
475 39
477 149
478 255
479 1
479 5
479 291
480 3
481 5
481 244
482 41
484 88
484 364
485 111
486 4
486 64
487 3
487 12
488 0
488 4
488 50
489 0
489 7
489 8
489 23
490 1
490 3
491 27
491 61
492 1
492 6
492 175
493 0
493 2
493 3
493 4
493 5
493 8
493 127
494 1
494 4
494 5
496 1
496 5
496 9
496 291
497 43
497 340
498 47
498 63
499 8
499 224
499 374
500 3
500 480
501 1
501 5
501 159
501 300
502 0
502 5
503 0
503 3
503 4
503 5
504 1
504 4
505 6
505 225
506 0
506 334
507 3
508 0
508 9
508 308
509 0
509 2
509 4
509 5
509 6
510 1
510 375
511 172
512 176
512 198
513 1
513 9
513 460
515 9
515 291
515 372
516 41
516 482
517 39
520 465
521 106
522 0
522 1
523 0
523 5
523 199
524 182
524 242
525 3
526 334
526 506
527 1
527 401
528 6
529 0
529 1
529 2
529 5
529 38
530 6
531 4
531 7
532 4
532 11
532 230
533 1
533 6
534 3
534 4
534 8
535 286
536 7
536 41
537 1
538 2
538 6
538 9
538 191
539 1
539 2
540 0
540 3
540 8
540 188
541 5
541 6
541 435
542 1
542 5
542 159
543 1
543 83
543 468
544 1
545 1
545 110
548 87
548 126
549 0
549 3
549 9
550 9
551 7
551 458
552 1
552 76
553 5
553 38
553 135
554 123
555 5
555 7
555 102
557 2
557 3
557 10
558 308
559 41
560 1
560 2
560 6
560 191
560 380
561 1
561 2
561 5
562 43
563 3
563 240
564 2
564 8
564 224
564 374
566 4
567 1
567 4
568 176
569 1
569 6
569 189
570 9
570 372
571 1
571 4
572 182
573 0
573 4
573 98
574 117
575 77
576 240
577 3
579 4
579 342
580 342
581 0
581 1
581 299
582 491
583 9
583 372
583 570
584 6
584 84
585 4
585 172
585 439
587 2
587 4
587 6
587 7
588 2
588 6
588 10
589 2
589 3
589 5
589 8
589 127
590 3
591 6
591 31
592 2
592 6
592 22
592 443
593 65
593 107
594 5
594 159
595 0
595 71
595 322
596 5
596 38
596 553
597 9
598 129
598 181
599 6
599 189
599 569
601 3
601 5
601 7
602 65
602 107
603 542
605 11
605 230
606 465
607 8
609 64
609 243
609 349
610 4
610 7
610 531
611 41
611 193
611 327
612 6
613 117
613 355
614 209
614 384
615 4
615 5
615 7
616 4
616 6
616 587
618 2
618 310
619 0
620 0
620 4
620 5
620 7
620 199
622 89
623 2
623 4
623 8
624 27
625 1
625 99
627 99
629 0
629 71
631 68
632 3
632 114
633 126
634 2
634 61
635 6
635 80
636 6
636 12
637 6
637 59
638 9
638 549
639 105
639 390
640 1
640 4
641 19
641 54
642 6
643 2
644 1
645 14
645 179
646 12
646 77
646 156
647 7
647 102
648 6
648 11
649 1
649 110
649 545
650 1
650 8
651 305
651 451
652 3
652 8
652 493
653 149
653 477
654 48
654 251
655 60
656 198
657 4
658 1
658 7
658 193
659 117
659 277
661 0
661 6
661 8
661 43
662 8
662 10
663 191
664 4
664 62
665 5
666 1
666 5
666 196
668 0
668 1
669 1
669 165
670 4
670 6
671 60
671 183
672 3
673 376
674 172
675 12
676 14
676 246
677 232
677 258
678 0
678 1
678 2
678 310
679 2
679 3
680 38
680 120
681 155
681 207
682 308
683 5
683 8
683 127
683 493
684 461
685 6
686 0
686 255
687 126
688 275
689 149
689 274
690 7
691 6
691 435
691 541
692 0
693 3
693 6
693 48
693 251
694 5
694 300
695 374
695 564
696 428
697 4
697 342
697 579
698 69
699 3
699 557
700 9
701 59
701 637
702 9
703 4
703 6
703 587
704 279
705 6
706 0
706 1
706 2
706 8
707 0
707 299
707 581
708 1
708 39
709 420
710 301
711 345
712 355
713 1
713 299
714 6
714 378
715 7
715 620
716 0
716 3
717 122
717 212
718 88
718 318
719 124
722 3
722 6
723 1
723 2
724 1
725 6
725 530
726 117
726 574
727 4
728 190
728 346
729 0
729 5
729 7
729 23
730 4
730 504
731 41
731 161
732 1
732 56
732 285
733 65
733 107
733 602
734 0
734 1
735 1
735 189
736 1
736 14
737 9
737 463
738 53
738 56
738 285
739 2
739 205
740 1
740 4
741 2
741 35
741 344
742 1
742 6
742 41
743 132
744 2
744 22
744 592
745 56
746 152
747 1
747 29
748 531
749 8
749 368
750 6
751 0
753 2
753 3
754 29
754 280
755 53
756 525
757 21
757 53
758 735
759 102
759 113
759 149
760 1
760 666
761 374
761 421
762 397
763 447
764 0
764 346
765 2
765 3
765 5
765 393
766 29
767 117
768 1
768 41
769 1
769 5
769 38
770 31
771 7
771 113
772 0
772 1
772 3
772 5
773 687
774 1
774 5
774 6
775 3
776 2
776 4
776 6
776 384
777 63
777 498
778 41
778 327
779 65
779 107
779 136
780 3
780 47
780 197
781 1
781 2
781 3
781 4
781 5
781 8
782 14
782 736
783 1
783 177
784 6
784 435
785 225
786 0
786 595
787 6
788 5
788 665
789 3
790 0
790 4
790 509
791 1
791 99
792 204
793 1
793 4
793 5
793 6
793 66
794 1
794 7
794 193
795 162
796 117
796 465
797 4
797 5
797 6
797 66
797 793
798 38
798 206
798 272
799 481
800 2
800 64
802 0
802 1
802 4
802 50
803 2
803 4
803 8
803 623
804 0
805 4
805 7
805 238
807 0
807 5
807 509
808 6
808 435
809 12
810 0
812 0
812 1
812 299
813 1
813 14
813 39
813 246
814 1
814 76
814 552
815 4
815 7
815 238
815 805
816 681
817 0
817 4
817 50
818 1
818 6
818 793
819 233
820 7
820 531
821 0
821 130
822 392
823 6
823 793
823 818
825 5
825 127
825 589
826 1
826 6
826 326
827 5
827 216
828 190
829 99
829 791
830 468
831 3
831 6
831 11
833 1
833 66
834 0
834 2
834 4
834 24
835 53
836 6
836 287
837 441
838 782
839 3
839 142
840 1
840 38
840 529
841 2
841 6
841 209
842 569
842 599
843 2
843 739
844 3
844 589
845 1
845 3
845 4
845 5
846 9
846 291
846 515
847 3
848 216
848 827
849 3
849 4
849 5
849 60
850 5
850 523
851 0
851 729
852 0
852 4
853 0
853 6
853 84
854 130
854 472
855 0
855 3
855 17
856 7
856 149
857 225
857 253
858 3
858 391
859 1
859 160
860 80
860 635
861 41
861 778
862 1
863 117
863 767
864 2
864 8
864 10
864 58
866 2
866 3
866 4
867 2
867 230
868 0
868 4
868 50
868 75
869 114
871 1
871 494
872 188
872 473
873 0
873 4
873 5
873 7
874 0
874 4
874 852
875 8
876 4
876 55
877 1
877 2
877 3
877 4
877 7
877 38
878 5
878 109
879 3
879 5
879 154
880 2
881 9
882 4
882 66
882 79
883 2
883 128
884 6
885 0
885 62
885 98
886 1
886 9
887 2
887 10
887 58
888 132
888 743
889 1
889 2
889 4
889 7
889 38
890 14
890 782
891 3
891 240
891 333
893 0
893 4
893 852
894 1
894 2
894 7
895 1
896 81
897 0
897 1
897 4
897 5
897 6
897 7
897 9
898 0
898 8
898 22
899 0
899 3
900 2
901 5
902 246
903 117
903 796
904 0
904 1
904 706
905 1
905 401
905 527
907 1
907 5
908 0
908 8
909 2
909 3
909 55
910 6
910 287
911 1
911 6
912 0
912 50
912 817
913 5
914 7
914 238
914 815
915 342
916 65
916 107
917 2
917 64
917 800
918 1
918 2
918 222
919 4
920 4
920 6
920 11
921 11
921 18
922 1
922 9
923 0
923 1
924 114
925 8
927 1
927 29
929 6
930 6
931 1
931 2
931 3
932 139
933 7
933 102
934 0
934 364
935 743
936 336
937 2
937 3
938 2
938 172
939 66
939 833
940 3
940 5
940 7
940 26
941 7
941 238
941 805
942 65
942 733
944 5
945 43
945 123
946 240
947 510
950 2
951 1
951 401
951 527
953 2
953 4
953 623
954 9
955 1
955 3
955 6
955 191
956 3
956 11
956 73
957 182
957 259
958 1
958 8
959 1
959 9
959 291
959 496
960 268
961 430
962 65
962 916
963 523
964 8
964 123
965 1
966 19
966 54
967 9
967 329
968 3
968 6
968 12
968 48
969 2
969 6
969 8
969 10
972 515
972 846
973 1
973 8
974 4
974 5
974 81
975 182
975 242
975 524
976 916
977 8
978 480
978 500
980 4
980 6
981 12
981 77
981 646
982 6
982 11
983 0
983 1
983 2
983 5
983 38
984 4
984 8
985 2
985 84
986 402
987 9
987 515
988 2
988 4
988 5
988 509
989 1
989 5
989 159
989 501
990 9
990 550
991 8
992 100
993 5
993 199
993 523
995 1
995 64
996 16
997 603
998 2
998 4
998 11
998 230
999 1
999 923
