1 0
2 0
2 1
3 0
3 1
3 2
4 0
4 1
4 2
4 3
5 0
5 1
5 2
5 3
5 4
6 0
6 1
6 2
6 3
6 4
6 5
7 0
7 1
7 2
7 3
7 4
7 5
7 6
8 0
8 1
8 2
8 3
8 4
8 5
8 6
8 7
9 0
9 1
9 2
9 3
9 4
9 5
9 6
9 7
9 8
10 0
11 3
11 4
12 6
13 4
13 5
14 4
14 5
14 8
15 2
15 3
15 4
15 6
16 3
16 9
17 1
17 2
17 6
18 3
18 5
18 9
19 5
20 2
20 4
21 6
21 17
22 3
22 11
23 1
23 2
23 7
23 8
24 1
24 3
24 4
25 7
26 3
26 7
27 1
27 2
27 9
28 2
28 3
29 6
29 17
30 3
30 15
31 1
32 0
32 2
33 3
33 7
33 26
34 2
34 9
35 0
35 1
35 4
35 6
36 26
36 33
37 3
37 6
38 1
38 2
38 6
39 6
39 8
40 0
40 6
41 6
41 12
42 2
43 4
43 7
43 8
44 5
45 6
45 37
46 0
46 4
47 2
47 5
47 7
48 0
49 2
50 5
51 3
51 9
52 2
53 4
53 7
54 0
54 3
56 8
58 1
59 0
59 1
59 3
60 15
61 2
61 5
61 9
62 3
62 30
63 0
64 4
64 20
66 1
66 8
66 23
67 1
69 1
69 5
70 0
70 48
71 2
71 17
72 0
72 2
73 25
74 4
76 3
76 33
77 2
77 42
78 3
79 2
79 32
80 2
80 3
81 3
81 9
82 0
82 70
83 0
83 32
85 1
85 2
85 3
86 3
86 26
87 3
87 81
88 4
89 23
91 4
92 7
94 28
95 88
96 0
96 1
96 2
97 0
97 2
98 17
99 4
99 46
100 1
102 4
103 2
103 6
104 13
105 6
106 64
107 83
108 7
108 92
109 72
111 88
111 95
112 20
113 3
114 98
115 61
117 2
117 103
118 7
119 4
120 4
120 46
120 99
121 8
122 62
123 31
124 8
125 6
125 21
126 0
126 1
126 4
126 35
127 1
127 23
127 66
129 6
130 26
131 4
131 88
132 52
133 4
133 5
133 13
134 9
134 61
135 3
137 115
138 2
138 17
139 8
139 124
140 3
140 37
141 113
142 8
143 0
143 2
143 6
143 7
144 1
144 3
144 4
144 7
145 7
145 33
146 70
146 82
147 4
147 6
147 15
149 4
149 119
150 38
151 2
151 79
152 26
154 0
154 1
154 4
154 126
155 37
156 8
156 139
157 20
158 4
159 3
160 6
160 17
160 21
161 3
163 67
164 7
165 6
166 33
167 3
167 4
167 8
167 9
168 78
169 155
170 4
170 126
170 154
171 7
173 154
173 170
175 125
176 23
176 66
177 1
178 2
178 17
179 2
179 3
179 8
180 28
181 6
181 15
181 147
182 2
182 117
183 1
183 2
183 4
184 3
184 179
186 133
187 0
187 2
188 96
189 6
189 38
190 7
191 46
191 120
192 0
192 1
192 2
192 4
192 6
192 8
193 1
193 7
194 20
195 14
196 7
196 118
197 2
197 27
198 4
198 119
200 2
200 6
200 7
202 58
203 191
204 4
204 120
205 2
208 1
208 6
209 7
209 200
210 2
210 42
210 77
211 0
211 187
213 2
213 3
213 80
214 0
214 1
214 4
214 192
215 0
215 4
215 5
215 7
215 8
217 0
217 192
217 214
218 2
218 34
219 6
219 29
221 142
222 1
222 5
223 15
224 0
224 7
225 125
225 175
227 9
227 16
230 6
230 21
231 2
232 1
232 2
232 4
234 1
234 4
235 3
236 92
236 108
237 8
237 23
238 9
238 51
240 0
240 4
240 5
240 215
242 197
243 50
244 4
244 5
245 154
245 173
246 3
246 6
247 3
247 4
248 4
248 247
249 5
249 215
250 9
250 51
251 4
251 5
252 26
252 33
252 36
253 1
253 4
253 35
253 126
255 0
255 187
259 135
260 3
260 9
260 18
261 0
261 5
261 7
261 8
261 215
263 2
263 9
263 34
264 119
264 198
265 2
265 27
266 4
267 133
270 6
270 143
271 6
271 192
272 2
272 200
273 3
273 11
273 22
274 23
275 1
276 3
276 5
277 192
277 214
278 2
278 27
278 197
279 98
280 0
280 261
281 8
281 192
282 39
283 1
283 66
284 0
285 33
287 3
287 26
288 23
288 274
289 244
290 58
291 4
291 35
292 2
293 139
294 168
295 52
296 1
296 283
297 191
297 203
298 3
298 140
299 283
299 296
300 105
301 83
301 107
302 1
302 4
302 5
302 6
303 192
305 2
305 32
306 118
306 196
308 21
308 125
309 4
310 0
310 4
312 33
313 265
314 0
314 63
315 200
316 4
316 251
317 215
317 261
318 4
318 204
319 6
320 1
320 127
321 1
322 3
322 87
324 4
324 154
324 170
325 250
326 4
328 26
329 1
329 7
330 0
330 4
331 276
333 28
334 1
334 2
334 3
334 85
335 2
336 52
337 13
337 104
338 1
338 6
338 208
340 0
340 59
341 1
341 66
344 2
344 96
345 312
346 248
347 0
347 1
347 2
349 8
350 3
350 11
350 273
351 3
351 76
352 31
353 17
354 6
355 4
355 204
356 1
356 66
357 0
357 32
358 147
358 181
359 70
359 82
360 273
361 98
362 187
362 211
363 76
363 351
365 4
367 11
368 0
368 4
368 46
369 196
370 82
370 146
372 76
373 261
373 280
374 86
375 23
376 42
376 210
377 7
377 190
378 1
378 283
379 197
379 278
380 6
380 270
381 2
381 210
383 4
383 74
385 380
386 197
387 114
388 261
389 6
389 8
390 17
391 3
391 33
392 8
393 1
393 4
393 144
395 222
396 3
396 28
397 6
398 1
399 227
400 89
402 8
403 197
403 379
404 7
405 6
405 15
405 147
406 70
406 82
406 146
407 12
407 41
408 133
409 6
409 8
409 9
410 1
410 59
411 1
411 38
413 4
414 2
414 3
414 80
414 213
415 23
415 66
415 176
416 4
417 1
417 347
418 277
420 5
421 1
421 6
421 9
422 1
422 8
422 23
422 66
423 261
425 3
426 1
426 341
427 59
427 340
428 4
428 355
429 26
429 252
430 38
430 411
431 0
431 3
431 5
432 2
432 335
434 2
434 335
436 3
437 6
437 147
437 181
438 32
438 83
439 6
440 211
440 362
441 35
441 253
442 197
443 85
444 362
445 3
446 144
447 2
447 187
448 154
448 173
449 345
450 2
450 42
451 406
452 77
452 210
453 4
454 26
454 33
454 36
455 23
457 244
458 197
458 442
459 376
461 66
462 202
464 0
464 70
464 82
465 221
466 1
466 100
467 150
468 60
469 23
469 375
470 6
470 409
471 143
473 429
474 8
474 23
475 50
477 2
478 0
478 5
478 9
479 139
480 0
480 1
480 5
480 7
481 80
482 11
483 142
484 6
484 45
486 1
487 133
488 2
489 214
490 26
490 33
491 0
491 1
491 214
492 7
493 273
494 1
494 127
494 320
496 6
497 1
498 66
499 4
499 393
500 11
500 273
501 480
502 11
502 273
503 3
503 33
504 0
505 144
505 446
506 6
506 12
506 41
507 51
507 250
508 261
508 317
510 2
510 32
510 305
511 305
511 510
512 6
512 270
512 380
513 354
514 7
514 215
514 261
515 8
517 1
517 253
518 203
519 8
519 39
520 100
522 334
524 0
524 1
524 35
524 126
525 211
525 362
526 88
527 26
527 328
528 215
528 261
528 514
529 204
529 355
530 417
531 277
531 418
532 3
532 235
533 62
534 46
535 66
535 356
536 312
536 345
537 218
538 70
539 489
540 1
540 356
541 3
541 140
541 298
542 173
543 221
544 3
544 80
545 2
545 61
546 120
546 191
547 188
548 502
549 211
550 7
550 215
551 215
552 1
552 320
553 214
553 491
554 70
554 146
555 1
555 8
555 66
555 422
556 260
557 222
557 395
558 211
558 362
559 4
559 91
560 8
560 156
561 3
562 8
563 99
564 26
566 8
568 127
569 6
571 1
571 208
571 338
572 4
572 74
573 4
573 5
573 133
574 3
575 2
575 210
575 381
576 181
576 437
577 36
577 252
578 2
578 6
578 143
579 7
580 203
580 518
581 380
581 385
582 215
583 187
584 191
584 297
585 236
586 4
586 35
586 253
588 13
589 3
592 1
593 8
594 3
594 11
594 22
595 142
596 6
597 179
597 184
598 4
598 120
599 15
599 147
600 409
601 33
601 166
604 215
604 551
606 250
606 325
607 51
608 0
608 1
608 6
609 340
610 263
611 4
611 232
612 1
612 38
613 0
613 5
614 52
615 7
615 43
616 305
617 33
617 36
618 2
619 345
620 4
620 330
621 3
621 22
622 144
622 393
623 0
623 1
623 5
623 7
624 4
624 131
625 1
625 466
627 338
628 0
628 70
630 312
631 15
632 34
633 599
634 117
635 2
635 34
635 218
636 0
636 46
637 98
638 312
638 345
638 536
639 8
639 422
640 155
641 1
641 66
642 1
642 5
642 7
642 480
644 3
644 85
645 378
646 6
646 29
647 6
647 12
647 41
647 506
649 0
649 5
650 0
650 2
650 7
652 8
653 139
654 310
655 6
655 608
656 1
658 7
658 209
659 4
659 11
660 4
660 416
661 0
661 7
661 261
662 381
663 7
664 2
664 4
665 8
666 119
666 149
667 2
667 3
667 85
668 0
668 82
669 38
670 0
670 7
671 500
672 3
672 179
672 184
673 420
674 85
674 667
675 209
676 214
676 491
677 411
678 409
679 6
680 9
680 18
682 3
683 399
684 325
684 606
685 42
686 17
686 178
687 354
689 557
690 31
690 123
691 4
691 119
692 511
693 272
694 77
696 147
696 181
696 358
697 646
698 112
699 375
700 120
700 546
701 4
701 13
701 133
702 2
702 32
703 1
703 3
703 59
705 3
705 76
705 351
706 29
707 120
708 1
708 2
709 1
709 6
709 208
709 338
710 3
711 579
712 147
712 696
713 442
713 458
714 248
714 346
715 1
715 571
717 4
717 573
718 197
718 403
720 261
720 423
721 1
722 15
722 147
722 599
723 8
724 511
724 692
725 667
725 674
726 4
726 158
727 17
728 0
728 214
729 192
729 303
730 82
730 146
731 1
731 426
732 196
732 306
733 0
734 52
734 132
736 30
737 2
738 7
738 92
739 99
740 417
740 530
741 15
741 631
742 6
742 15
742 147
743 298
744 37
744 140
747 0
747 4
747 7
747 215
748 475
750 35
751 0
752 231
753 125
753 175
754 380
754 385
755 9
756 43
757 175
757 225
758 17
759 349
760 0
760 1
762 0
762 215
764 214
765 7
765 261
766 66
766 641
767 120
767 546
768 9
768 61
769 1
769 4
769 6
770 4
770 5
770 7
770 8
771 261
772 66
772 176
773 78
773 168
774 305
775 0
775 3
775 6
777 99
778 2
779 264
780 696
781 375
781 699
782 4
782 13
782 701
784 8
784 515
785 122
786 6
787 0
787 747
788 8
789 173
790 6
790 12
791 4
791 247
792 0
792 280
793 668
794 3
794 7
794 33
795 532
796 208
796 338
797 4
797 120
797 598
799 96
799 344
800 77
800 694
801 564
802 0
802 1
803 0
803 1
803 4
803 35
804 1
805 125
805 175
806 6
806 147
807 4
807 6
807 15
808 23
809 532
810 3
811 9
812 1
812 2
813 29
813 219
814 4
814 198
816 66
817 156
818 64
818 106
820 2
820 187
821 777
822 11
822 502
823 2
823 200
824 7
824 765
825 125
826 181
826 437
826 576
827 54
828 5
829 4
830 4
830 572
831 773
832 7
832 623
833 799
834 647
835 0
835 2
835 5
835 7
836 70
837 834
838 6
838 40
839 95
840 0
840 6
841 1
841 5
842 203
842 518
843 142
844 125
845 179
845 672
846 4
846 15
847 126
848 636
849 208
850 41
850 407
851 0
852 61
853 420
854 792
855 76
855 372
856 0
857 190
858 2
858 85
858 667
859 203
859 518
859 842
860 4
860 572
861 4
861 6
861 8
863 176
864 6
865 439
866 5
867 718
868 125
868 753
869 119
869 198
870 3
870 710
871 715
872 4
873 5
873 9
874 119
874 264
876 36
876 252
876 577
877 66
878 759
879 2
879 618
881 0
883 6
883 181
886 23
886 89
888 5
890 0
890 1
890 4
890 192
891 211
891 362
891 440
892 80
893 439
893 865
894 340
894 427
895 1
895 4
895 253
896 8
896 261
898 261
898 373
899 582
900 296
901 4
901 13
901 782
902 0
902 1
904 1
905 1
906 8
906 23
906 66
907 15
908 50
908 475
910 345
910 638
912 4
912 782
912 901
913 9
913 18
914 2
915 7
915 835
916 8
916 896
917 0
917 464
918 557
918 689
919 76
919 351
920 329
921 346
922 210
923 120
923 546
923 767
925 32
926 4
926 5
926 14
928 210
929 8
929 261
930 1
930 67
931 133
931 408
932 104
933 14
933 195
934 554
935 926
936 8
936 124
938 66
939 96
939 799
941 2
942 540
943 429
944 17
944 353
945 51
946 730
947 139
948 6
949 8
949 562
950 793
951 1
951 283
951 296
952 210
953 156
955 273
956 29
958 176
958 772
959 672
959 845
960 86
960 374
961 259
962 46
962 191
963 4
963 6
963 7
963 8
965 920
966 427
966 894
967 240
968 406
968 451
969 663
970 23
971 6
972 6
972 29
972 219
973 857
974 2
975 1
975 2
975 7
976 917
977 230
979 381
981 6
981 129
982 2
982 3
982 6
983 807
984 674
985 50
986 2
986 42
986 77
987 15
988 176
989 7
989 824
990 383
991 557
991 918
992 36
992 252
993 210
994 540
994 942
997 305
998 3
999 251
