1 0
2 0
2 1
3 0
3 1
3 2
4 0
4 1
4 2
4 3
5 0
5 1
5 2
5 3
5 4
6 0
6 1
6 2
6 3
6 4
6 5
7 0
7 1
7 2
7 3
7 4
7 5
7 6
8 0
8 1
8 2
8 3
8 4
8 5
8 6
8 7
9 0
9 1
9 2
9 3
9 4
9 5
9 6
9 7
9 8
10 1
10 2
10 3
10 4
10 5
10 6
10 7
11 0
11 1
11 2
11 3
11 4
11 5
11 6
11 7
12 1
12 2
12 4
12 5
12 6
12 7
13 0
13 1
13 2
13 3
13 4
13 5
13 6
13 7
13 8
14 1
14 2
14 3
15 0
15 1
15 2
15 3
15 4
15 5
15 6
15 7
15 8
16 1
16 2
16 3
16 4
16 5
16 7
16 10
17 2
17 3
18 0
18 1
18 2
18 3
18 4
18 5
18 6
18 7
18 8
18 13
19 1
19 2
19 4
19 6
19 7
19 10
20 1
20 2
20 4
20 5
20 7
20 10
21 1
21 2
21 4
21 5
21 6
21 7
22 1
22 2
22 4
22 6
22 7
22 10
22 19
23 14
24 0
24 1
24 2
24 4
24 5
24 6
24 7
25 1
25 3
25 4
25 5
26 0
26 1
26 2
26 3
26 4
26 5
26 6
26 7
26 8
26 9
27 2
27 3
27 4
27 5
27 6
28 0
28 1
28 2
28 4
28 5
28 6
28 7
28 8
28 9
28 26
29 0
29 1
29 2
29 3
29 4
29 5
29 6
29 7
29 8
29 13
30 1
30 2
30 4
30 6
30 7
30 10
30 19
31 0
31 1
31 2
31 3
31 4
31 5
31 6
31 7
31 8
31 13
32 0
32 1
32 2
32 3
32 4
32 6
32 7
32 8
33 1
33 3
33 4
33 5
33 6
33 7
33 10
34 0
34 1
34 2
34 3
34 4
34 5
34 7
34 8
34 15
35 0
35 1
35 2
35 3
35 4
35 5
36 0
36 1
36 3
36 4
36 5
36 35
37 1
37 4
37 5
37 7
37 12
38 0
38 1
38 2
38 4
38 5
38 6
38 7
39 0
39 1
39 2
39 3
39 4
39 6
39 7
39 8
39 18
40 0
40 1
40 3
40 4
40 5
40 6
40 8
40 13
40 18
41 1
41 3
41 4
41 5
41 8
41 13
41 18
41 40
42 1
42 3
42 4
42 5
42 6
42 8
42 9
43 0
43 2
43 3
43 4
43 5
43 6
43 7
43 8
43 13
43 18
44 2
44 3
44 5
44 10
44 16
45 0
45 1
45 2
45 3
45 4
45 7
45 8
45 9
45 26
46 1
46 3
46 5
46 6
46 8
46 9
46 42
47 0
47 1
47 2
47 3
47 4
47 7
48 2
48 3
48 4
48 6
48 7
48 8
48 18
48 39
49 0
49 1
49 2
49 3
49 4
49 5
49 6
49 7
49 8
49 9
49 26
50 1
50 2
50 3
50 14
51 0
51 1
51 2
51 3
51 6
51 7
51 8
51 18
51 39
52 0
52 1
52 2
52 3
52 4
52 5
52 6
52 7
52 8
52 15
53 0
53 1
53 2
53 3
53 4
53 5
53 6
53 8
54 0
54 1
54 2
54 3
54 4
54 5
54 6
54 7
55 0
55 1
55 2
55 4
55 6
55 7
55 8
55 9
55 26
55 28
56 0
56 1
56 2
56 3
56 4
56 5
56 6
56 7
56 8
57 1
57 2
57 4
57 6
57 7
57 10
57 19
57 22
58 0
58 1
58 2
58 3
58 4
58 5
58 7
58 8
58 13
59 0
59 1
59 2
59 4
59 6
59 7
59 8
59 9
59 26
59 28
60 1
60 2
60 3
60 14
61 1
61 2
61 3
61 4
61 5
61 6
61 7
61 8
61 9
62 0
62 2
62 3
62 4
62 5
62 6
62 7
62 8
62 13
62 18
63 0
63 1
63 2
63 3
63 5
63 6
63 7
63 8
63 13
64 0
64 1
64 2
64 3
64 4
64 5
64 6
64 7
65 0
65 1
65 2
65 3
65 4
65 5
65 6
65 7
65 8
65 13
65 31
66 0
66 1
66 2
66 3
66 4
66 5
66 6
66 7
66 8
67 0
67 1
67 2
67 3
67 7
67 18
67 39
68 1
68 2
68 3
68 14
69 0
69 1
69 2
69 4
69 5
69 6
69 7
69 8
70 1
70 3
70 4
70 5
70 8
70 13
70 18
70 40
71 1
71 4
71 5
71 6
71 8
71 9
71 42
72 0
72 1
72 2
72 3
72 4
72 6
72 7
72 8
72 13
72 18
73 1
73 2
73 3
73 4
73 5
73 6
73 7
73 10
74 0
74 1
74 2
74 3
74 4
74 5
74 6
75 0
75 1
75 2
75 4
75 5
75 6
75 7
75 8
75 9
75 28
76 0
76 1
76 2
76 4
76 5
76 6
76 7
76 8
77 0
77 1
77 2
77 3
77 4
77 5
77 6
77 74
78 2
78 3
78 5
78 6
78 7
78 8
78 13
78 18
78 62
79 2
79 5
79 6
79 7
79 8
79 13
79 18
79 78
80 0
80 2
80 4
80 5
80 6
80 7
80 8
80 13
80 18
81 1
81 2
81 3
81 6
81 7
81 8
81 32
82 1
82 2
82 4
82 6
82 7
82 10
82 19
82 22
83 0
83 1
83 2
83 3
83 4
83 5
83 7
83 11
84 0
84 1
84 2
84 4
84 5
84 6
84 7
85 1
85 4
85 6
85 7
85 10
85 19
86 0
86 2
86 3
86 4
86 5
86 7
87 1
87 3
87 4
87 5
88 1
88 2
88 4
88 6
88 7
88 10
88 19
88 30
89 0
89 1
89 2
89 3
89 4
89 5
89 6
89 74
90 0
90 1
90 3
90 4
90 5
90 7
90 11
91 1
91 2
91 4
91 7
91 10
91 19
92 0
92 1
92 2
92 4
92 5
92 6
93 0
93 2
93 3
93 4
93 5
93 6
93 7
93 8
93 13
93 18
93 62
94 0
94 2
94 4
94 6
94 7
94 8
94 9
94 26
94 28
94 59
95 0
95 1
95 2
95 3
96 1
96 3
96 5
96 6
96 7
96 10
96 33
97 6
97 7
97 8
97 13
97 18
97 78
97 79
98 0
98 1
98 2
98 3
98 4
98 5
98 6
98 77
99 6
99 7
99 8
99 13
99 18
99 78
99 97
100 0
100 1
100 2
100 4
100 6
100 7
100 8
100 26
100 28
100 55
101 0
101 1
101 2
101 3
101 4
101 6
101 7
101 8
101 13
101 29
102 0
102 1
102 2
102 3
102 4
102 5
102 6
102 74
102 89
103 2
103 3
103 4
103 6
103 7
103 18
103 39
104 0
104 1
104 2
104 4
104 5
104 6
104 7
105 0
105 1
105 4
105 5
105 6
105 7
105 24
106 0
106 1
106 2
106 4
106 5
106 7
106 8
106 15
106 34
107 6
107 7
107 18
107 78
107 97
108 1
108 2
108 3
108 4
108 5
108 6
108 7
108 9
108 61
109 1
109 2
109 3
109 4
109 5
109 35
110 1
110 2
110 4
110 6
110 7
110 10
110 19
110 88
111 0
111 1
111 2
111 3
111 4
111 6
111 7
111 8
111 13
111 18
111 72
112 0
112 1
112 2
112 3
112 4
112 5
112 6
112 74
112 89
113 1
113 4
113 6
113 7
113 10
113 19
113 85
114 0
114 1
114 3
114 6
114 7
114 8
114 18
114 39
115 0
115 1
115 2
115 3
115 6
115 7
115 8
115 18
115 51
116 0
116 1
116 3
116 4
116 5
116 36
117 1
117 3
117 5
117 6
117 8
117 42
117 46
118 1
118 2
118 5
118 6
118 21
119 0
119 1
119 2
119 4
119 5
119 6
119 7
119 24
120 2
120 3
120 5
120 6
120 7
120 9
120 61
120 108
121 1
121 2
121 3
121 4
121 5
121 7
121 11
121 83
122 2
122 4
122 6
122 7
122 8
122 18
122 48
123 1
123 2
123 4
123 6
123 7
123 10
123 19
124 0
124 2
124 3
124 5
124 6
124 8
124 9
124 26
125 0
125 1
125 2
125 3
125 4
125 5
125 6
125 8
125 53
126 1
126 2
126 4
126 6
126 7
126 10
126 88
126 110
127 1
127 3
127 5
127 6
127 8
127 9
127 42
127 46
128 0
128 1
128 2
128 3
128 6
128 18
128 51
128 115
129 0
129 1
129 3
129 4
129 5
129 35
129 36
130 1
130 3
130 4
130 6
130 74
130 89
131 0
131 1
131 2
131 3
131 4
131 5
131 6
131 8
131 125
132 0
132 1
132 2
132 3
132 4
132 6
132 7
132 8
132 13
132 18
132 72
133 0
133 1
133 2
133 3
133 4
133 5
133 6
133 7
133 8
134 0
134 3
134 5
134 6
134 8
134 9
134 26
135 0
135 1
135 2
135 3
135 4
135 5
135 6
135 7
135 8
135 15
135 52
136 0
136 2
136 4
136 6
136 7
136 8
136 13
136 18
136 72
137 6
137 18
137 97
137 107
138 0
138 1
138 2
138 3
138 4
138 6
138 7
138 8
138 13
138 18
138 72
138 132
139 6
139 7
139 18
139 97
140 0
140 1
140 2
140 3
140 4
140 5
140 6
140 77
141 1
141 4
141 6
141 7
141 10
141 19
141 85
142 0
142 1
142 2
142 3
142 6
142 18
142 51
142 115
142 128
143 0
143 1
143 2
143 3
143 4
143 5
143 6
143 7
143 8
144 4
144 5
144 7
144 12
144 37
145 0
145 1
145 2
145 3
145 4
145 6
145 8
145 13
145 18
145 72
145 132
146 0
146 1
146 4
146 5
146 6
146 7
146 24
146 105
147 0
147 1
147 3
147 4
147 5
147 7
147 8
147 13
147 58
148 0
148 1
148 2
148 3
148 4
148 6
148 7
148 8
148 32
149 1
149 2
149 4
149 6
149 7
149 10
149 19
150 3
150 5
150 6
150 7
150 10
150 33
151 0
151 1
151 2
151 3
151 4
151 5
151 6
151 7
151 56
152 1
152 4
152 5
152 12
152 37
153 1
153 2
153 3
153 6
153 7
153 32
153 81
154 0
154 2
154 3
154 4
154 5
154 6
154 7
154 13
154 18
154 62
154 93
155 0
155 1
155 2
155 3
155 4
155 5
155 6
155 8
155 133
156 1
156 4
156 6
156 7
156 10
156 85
156 141
157 0
157 2
157 3
157 4
157 5
157 6
157 7
157 8
157 9
157 26
158 2
158 4
158 6
158 7
158 8
158 18
158 122
159 0
159 1
159 2
159 3
159 4
159 5
159 6
159 112
160 0
160 1
160 2
160 3
160 5
160 6
160 77
160 140
161 0
161 2
161 4
161 6
161 7
161 8
161 9
161 28
161 59
161 94
162 0
162 2
162 3
162 4
162 5
162 6
162 7
163 0
163 1
163 2
163 4
163 5
163 6
163 7
163 8
163 52
163 135
164 1
164 2
164 4
164 6
164 7
164 10
164 19
164 123
165 2
165 3
165 4
165 5
165 6
165 7
165 8
166 1
166 2
166 4
166 7
166 10
166 19
167 0
167 1
167 2
167 3
167 4
167 5
167 6
167 8
167 53
167 125
168 2
168 4
168 5
168 7
168 10
168 20
169 0
169 1
169 2
169 3
169 4
169 5
169 6
169 8
169 53
170 1
170 2
170 4
170 6
170 7
170 10
170 88
170 110
170 126
171 0
171 1
171 2
171 3
171 5
171 6
171 7
171 8
171 15
171 52
171 135
172 1
173 0
173 1
173 2
173 3
173 4
173 5
174 1
174 2
174 3
174 4
174 5
174 6
174 7
174 9
174 108
175 0
175 1
175 4
175 5
175 35
175 129
176 0
176 1
176 4
176 7
176 13
177 0
177 1
177 2
177 3
177 6
177 7
177 8
177 18
177 39
177 51
178 0
178 1
178 2
178 3
178 4
178 5
178 6
178 7
178 8
178 9
178 26
179 0
179 2
179 3
179 4
179 5
179 7
180 1
180 4
180 5
180 7
180 12
180 37
181 0
181 1
181 2
181 4
181 5
181 7
181 8
181 9
181 26
181 28
182 0
182 1
182 2
182 4
182 6
182 7
182 24
183 0
183 1
183 2
183 6
183 18
183 51
183 115
183 128
184 0
184 1
184 2
184 3
184 4
184 5
184 6
184 7
184 8
185 2
185 3
185 4
185 5
185 6
185 27
186 0
186 1
186 2
186 4
186 5
186 6
186 7
186 13
186 29
187 4
187 5
187 6
187 8
187 9
187 42
187 71
188 1
188 2
188 3
188 4
188 5
188 35
189 3
189 5
189 6
189 7
189 10
189 33
189 150
190 0
190 1
190 2
190 3
190 5
190 6
190 7
190 8
190 56
191 0
191 1
191 3
191 6
191 7
191 8
191 18
191 39
191 51
192 0
192 1
192 3
192 4
192 5
192 6
192 8
192 125
192 131
193 0
193 1
193 2
193 4
193 5
193 6
193 7
193 24
194 0
194 1
194 2
194 3
194 4
194 6
194 7
194 13
194 18
194 72
195 1
195 2
195 4
195 5
195 6
195 7
195 21
196 0
196 2
196 3
196 4
196 5
196 6
196 8
196 13
196 18
196 43
197 1
197 4
197 6
197 7
197 10
197 19
197 85
197 141
198 0
198 2
198 4
198 6
198 7
198 8
198 9
198 94
198 161
199 0
199 2
199 3
199 4
199 6
199 7
199 8
199 18
199 39
200 1
200 2
200 3
200 5
200 6
200 8
200 56
200 190
201 1
201 2
201 3
201 14
202 0
202 1
202 2
202 4
202 6
202 7
202 24
202 182
203 0
203 1
203 3
203 4
203 7
203 11
204 1
204 4
204 6
204 7
204 10
204 141
204 156
205 0
205 1
205 2
205 3
205 4
205 6
205 7
205 8
205 32
206 0
206 3
206 4
206 6
206 77
207 0
207 1
207 4
207 5
207 35
207 129
207 175
208 0
208 1
208 2
208 3
208 5
208 6
208 7
208 8
208 15
208 52
208 135
208 171
209 0
209 2
209 3
209 4
209 5
209 6
210 0
210 2
210 3
210 5
210 6
210 7
210 8
210 13
210 18
210 62
211 1
211 2
211 3
211 4
211 5
211 6
211 8
211 53
212 0
212 2
212 3
212 4
212 5
212 7
212 11
212 83
213 2
213 3
213 14
214 1
214 2
214 3
214 4
214 5
214 6
214 7
215 0
215 1
215 2
215 6
215 18
215 51
215 115
215 128
215 183
216 2
216 3
216 5
216 6
216 8
216 9
216 26
217 0
217 1
217 2
217 3
217 5
217 6
217 7
217 8
217 133
218 0
218 1
218 3
218 6
218 7
218 8
218 18
218 114
219 1
219 2
219 3
219 4
219 6
219 7
219 10
219 73
220 0
220 1
220 2
220 3
220 5
220 8
220 15
220 34
221 0
221 2
221 3
221 4
221 5
221 209
222 0
222 1
222 2
222 3
222 4
222 6
222 7
222 8
222 13
222 18
222 72
222 132
223 1
223 2
223 4
223 6
223 7
223 10
223 19
223 149
224 0
224 2
224 4
224 5
224 6
224 8
224 18
225 0
225 1
225 2
225 4
225 5
225 7
225 8
225 34
225 106
226 0
226 1
226 2
226 4
226 6
226 7
226 8
226 52
226 135
227 0
227 1
227 2
227 3
227 18
227 51
227 115
227 128
228 0
228 1
228 2
228 4
228 5
228 6
228 7
229 0
229 1
229 3
229 4
229 6
229 7
229 13
229 18
229 194
230 0
230 1
230 2
230 3
230 4
230 6
230 7
230 8
230 18
230 39
231 0
231 1
231 2
231 6
231 8
231 13
231 63
232 0
232 1
232 2
232 5
232 7
232 8
232 15
232 106
233 0
233 1
233 2
233 3
233 4
233 5
233 6
233 7
233 8
234 0
234 1
234 3
234 4
234 5
234 6
234 7
234 8
235 2
235 4
235 6
235 7
235 214
236 0
236 1
236 2
236 3
236 4
236 5
236 6
236 7
236 8
236 9
236 26
237 1
237 2
237 4
237 6
237 7
237 10
237 88
237 110
237 126
237 170
238 1
238 2
238 7
238 10
238 19
238 88
238 110
239 0
239 2
239 3
239 5
239 6
239 7
239 8
239 15
239 52
239 135
239 208
240 6
240 7
240 18
240 97
241 0
241 1
241 2
241 3
241 4
241 5
241 6
241 7
241 8
241 56
242 0
242 3
242 4
242 6
242 209
243 1
243 2
243 7
243 10
243 19
243 30
244 1
244 2
244 3
244 4
244 5
244 6
244 74
244 77
245 2
245 4
245 6
245 7
245 10
245 19
245 88
245 110
246 3
246 7
246 10
246 33
246 150
247 0
247 2
247 4
247 7
247 8
247 26
247 45
248 0
248 2
248 4
248 5
248 7
248 8
248 15
248 34
248 106
249 0
249 1
249 2
249 3
249 4
249 5
249 6
249 7
249 13
249 65
250 1
250 3
250 4
250 6
250 8
250 9
250 42
251 1
251 2
251 3
251 6
251 7
251 10
251 73
252 0
252 1
252 2
252 3
252 4
252 6
252 7
252 13
252 18
252 72
252 132
252 138
253 0
253 2
253 4
253 6
253 7
253 8
253 13
253 18
253 72
253 136
254 0
254 1
254 2
254 4
254 6
254 7
254 8
254 26
254 28
254 55
254 100
255 0
255 1
255 2
255 4
255 5
255 6
255 7
255 8
255 13
255 31
255 65
256 0
256 1
256 2
256 6
256 8
256 13
256 18
256 72
256 132
256 138
257 0
257 1
257 2
257 3
257 5
257 6
257 7
257 8
258 4
258 7
258 8
258 165
259 0
259 1
259 2
259 5
259 6
259 7
259 8
259 133
260 1
260 2
260 3
260 4
260 5
260 6
260 74
260 77
261 1
261 4
261 6
261 7
261 19
261 85
262 0
262 1
262 2
262 4
262 5
262 6
263 0
263 2
263 3
263 4
263 5
263 7
264 1
264 2
264 4
264 6
264 7
264 10
264 19
265 2
265 4
265 6
265 7
265 10
265 19
265 88
265 110
265 245
266 0
266 1
266 2
266 3
266 4
266 5
266 8
266 53
267 1
267 2
267 3
267 4
267 5
267 6
267 8
267 53
267 211
268 1
268 4
268 5
268 12
268 37
268 152
269 0
269 2
269 3
269 4
269 5
269 6
269 77
270 0
270 1
270 2
270 4
270 6
270 7
270 8
270 26
270 28
270 55
270 254
271 0
271 1
271 2
271 3
271 4
271 6
271 8
271 13
271 18
271 72
271 132
272 1
272 2
272 3
272 4
272 5
272 6
272 74
272 77
272 260
273 0
273 1
273 2
273 4
273 5
273 6
273 7
273 24
273 119
274 5
274 6
274 7
274 10
274 33
274 96
275 0
275 1
275 2
275 3
275 5
275 6
275 7
275 8
275 13
275 63
276 2
276 3
276 5
276 10
277 0
277 2
277 4
277 6
277 7
277 8
277 13
277 18
277 136
278 0
278 2
278 3
278 6
278 7
278 8
278 13
278 18
278 62
278 210
279 1
279 3
279 4
279 6
279 74
279 89
279 130
280 0
280 1
280 2
280 3
280 4
280 5
280 6
280 7
280 8
280 13
281 1
281 6
281 7
281 10
281 19
282 0
282 1
282 2
282 3
282 4
282 5
282 6
282 7
283 0
283 1
283 4
283 5
283 6
283 7
283 13
283 29
283 186
284 0
284 2
284 3
284 6
284 7
284 8
284 18
284 39
284 51
284 177
285 1
285 2
285 3
285 95
286 1
286 4
286 6
286 74
286 89
286 130
287 0
287 3
287 4
287 6
287 8
287 125
287 131
287 192
288 2
288 4
288 6
288 7
288 10
288 19
288 30
288 88
289 0
289 1
289 2
289 6
289 18
289 128
289 183
290 3
290 4
290 5
290 13
290 18
290 40
291 1
291 2
291 3
291 6
291 8
291 32
292 0
292 2
292 3
292 5
292 6
292 74
293 2
293 4
293 6
293 7
293 10
293 19
293 88
294 0
294 1
294 5
294 35
294 129
294 175
295 2
295 6
295 7
295 8
295 158
296 0
296 1
296 2
296 3
296 4
296 5
296 6
296 112
297 1
297 2
297 3
297 7
297 8
297 81
298 3
298 5
298 6
298 8
298 9
298 26
298 157
299 0
299 1
299 2
299 3
299 4
299 5
299 6
299 7
299 8
299 9
299 26
299 236
300 2
300 3
300 4
300 5
300 6
300 209
301 0
301 2
301 3
301 5
301 6
301 7
301 13
301 65
302 0
302 1
302 2
302 3
302 4
302 5
302 7
302 8
302 13
303 0
303 2
303 6
303 18
303 128
303 183
303 289
304 0
304 2
304 4
304 6
304 7
304 8
304 13
304 18
305 1
305 2
305 4
305 5
305 6
305 21
306 0
306 1
306 2
306 3
306 5
306 6
306 7
306 8
306 9
306 26
306 49
307 1
307 2
307 3
307 4
307 5
307 6
307 7
307 13
307 65
307 249
308 0
308 2
308 6
308 18
308 128
308 183
308 303
309 0
309 4
309 6
309 7
309 8
309 9
309 94
309 161
309 198
310 0
310 1
310 2
310 3
310 4
310 5
310 6
310 7
310 8
310 9
310 26
310 236
311 2
311 3
311 5
311 10
311 16
311 44
312 1
312 6
312 7
312 10
312 85
312 141
312 156
313 0
313 1
313 2
313 3
313 5
313 74
314 1
314 2
314 3
314 6
314 8
314 32
315 0
315 3
315 5
315 6
315 8
315 9
315 26
315 134
316 0
316 1
316 3
316 6
316 7
316 13
316 18
316 194
317 0
317 1
317 2
317 3
317 4
317 5
317 6
317 7
317 8
317 9
317 236
317 299
318 0
318 1
318 2
318 3
318 4
318 5
318 7
318 8
318 34
319 0
319 1
319 2
319 4
319 6
319 7
319 8
319 26
319 28
319 55
319 100
320 2
320 4
320 6
320 7
320 18
320 122
320 158
321 1
321 4
321 5
321 6
321 9
321 42
322 0
322 2
322 3
322 5
322 7
322 8
322 15
322 52
322 135
322 208
322 239
323 1
323 3
323 4
323 6
323 7
323 10
323 73
323 219
324 4
324 5
324 6
324 8
324 9
324 42
324 71
325 1
325 4
325 5
325 7
326 2
326 4
326 6
326 7
326 10
326 19
326 88
326 110
327 1
327 2
327 5
327 7
327 10
327 20
328 0
328 1
328 2
328 3
328 5
328 7
328 8
328 9
328 26
329 0
329 1
329 2
329 4
329 5
329 7
329 8
329 9
329 26
329 28
329 181
330 2
330 3
330 4
330 8
330 53
331 0
331 1
331 2
331 6
331 7
331 13
331 29
331 186
332 0
332 1
332 2
332 5
332 6
332 7
332 8
332 56
332 190
333 0
333 1
333 2
333 5
333 6
333 7
333 8
333 13
333 63
333 275
334 1
334 2
334 3
334 68
335 3
335 4
335 13
335 18
335 40
336 4
336 7
336 10
336 19
336 85
337 0
337 1
337 3
337 4
337 5
337 7
337 8
337 58
338 2
338 4
338 6
338 7
338 10
338 19
338 88
339 0
339 1
339 2
339 3
339 4
339 7
339 13
339 18
339 72
339 194
340 1
340 2
340 3
340 4
340 5
340 173
341 4
341 6
341 7
341 10
341 19
341 149
342 1
342 2
342 4
342 5
342 6
342 7
342 21
342 195
343 0
343 1
343 2
343 3
343 5
343 6
343 7
343 8
343 9
343 26
343 236
344 0
344 2
344 6
344 7
344 8
344 13
344 18
344 304
345 1
345 2
345 4
345 5
345 6
345 7
345 21
345 342
346 0
346 5
346 6
346 7
346 13
346 65
346 301
347 0
347 1
347 2
347 18
347 51
347 115
347 128
347 183
348 0
348 2
348 4
348 6
348 7
348 8
348 13
349 0
349 1
349 3
349 6
349 18
349 51
349 115
350 0
350 2
350 3
350 5
350 6
350 7
350 13
350 65
350 301
351 2
351 4
351 6
351 7
351 10
351 19
352 0
352 1
352 2
352 6
352 18
352 183
352 289
353 2
353 4
353 6
353 7
354 0
354 1
354 2
354 3
354 4
354 6
354 7
354 18
354 39
355 1
355 3
355 4
355 6
355 7
355 10
355 73
355 219
355 323
356 3
356 5
356 6
356 7
356 10
356 33
356 150
356 189
357 0
357 1
357 3
357 4
357 5
357 7
357 8
357 34
357 318
358 0
358 2
358 6
358 8
358 13
358 63
359 0
359 1
359 2
359 3
359 4
359 6
359 7
359 8
359 13
359 72
360 0
360 1
360 2
360 4
360 5
360 6
361 0
361 1
361 2
361 3
361 4
361 5
361 6
361 7
361 8
361 299
361 317
362 0
362 1
362 2
362 3
362 4
362 6
362 18
363 1
363 2
363 3
363 5
363 6
363 53
363 211
363 267
364 2
364 3
364 7
364 8
364 81
364 297
365 0
365 1
365 2
365 5
365 7
365 8
365 13
365 63
366 0
366 2
366 3
366 4
366 5
366 6
366 7
366 8
366 13
366 18
366 62
367 0
367 6
367 18
367 183
367 289
367 352
368 4
368 6
368 7
368 10
368 19
369 0
369 1
369 2
369 4
369 6
369 7
369 8
369 26
369 28
369 55
369 100
369 319
370 0
370 2
370 3
370 6
370 7
370 8
370 15
370 52
370 135
370 208
370 239
371 1
371 2
371 5
371 6
371 74
371 77
371 260
371 272
372 2
372 3
372 5
372 6
372 7
372 8
372 13
372 18
372 62
372 78
373 0
373 2
373 4
373 6
373 7
373 8
373 13
373 18
373 72
373 136
374 1
374 2
374 3
374 4
374 5
374 6
374 7
374 9
374 108
374 174
375 0
375 2
375 5
375 6
375 74
375 292
376 0
376 2
376 4
376 7
376 26
376 45
376 247
377 1
377 3
377 5
377 8
377 46
377 117
378 0
378 1
378 2
378 3
378 4
378 6
378 7
378 8
378 18
378 39
378 230
379 1
379 2
379 4
379 7
379 10
379 19
379 88
379 110
380 2
380 6
380 8
381 0
381 1
381 2
381 4
381 5
381 6
381 7
381 24
382 0
382 1
382 2
382 3
382 4
382 5
382 7
382 8
382 13
382 302
383 1
383 2
383 4
383 6
383 7
383 10
383 19
383 123
383 164
384 0
384 2
384 3
384 4
384 6
384 7
384 8
384 13
384 18
384 111
385 0
385 3
385 4
385 6
385 8
385 131
385 192
385 287
386 1
386 3
386 4
386 5
386 74
386 77
386 260
387 0
387 1
387 2
387 4
387 5
387 6
387 7
387 8
387 13
388 0
388 1
388 2
388 3
388 4
388 5
388 6
388 7
388 8
388 9
388 26
388 49
389 0
389 5
389 6
389 9
389 26
390 0
390 1
390 2
390 3
390 4
390 5
390 6
390 7
390 8
390 233
391 0
391 1
391 2
391 5
391 6
391 7
391 8
391 56
391 190
392 0
392 3
392 4
392 6
392 8
392 192
392 385
393 3
393 4
393 13
393 18
393 40
393 335
394 1
394 4
394 7
394 12
394 37
395 0
395 1
395 2
395 3
395 4
395 5
395 7
395 8
395 9
395 26
395 310
396 1
396 2
396 4
396 5
396 6
396 8
396 53
396 211
396 267
397 1
397 4
397 5
397 7
397 12
398 0
398 2
398 3
398 4
398 5
398 6
399 0
399 1
399 2
399 3
399 4
399 13
399 18
399 72
399 132
399 222
400 1
400 3
400 5
400 25
401 0
401 1
401 2
401 5
401 6
401 7
401 8
401 56
401 190
402 1
402 3
402 4
402 5
402 7
402 8
402 58
402 337
403 2
403 4
403 7
403 88
403 110
404 0
404 2
404 3
404 4
404 5
404 6
405 0
405 1
405 2
405 3
405 4
405 6
405 7
405 18
405 39
405 230
406 0
406 1
406 2
406 6
406 18
406 128
406 183
406 289
407 1
407 2
407 6
407 8
407 32
407 291
408 0
408 5
408 6
408 7
408 13
408 65
408 301
408 346
409 0
409 1
409 6
409 18
409 51
409 128
409 183
410 0
410 1
410 2
410 3
410 4
410 6
410 7
410 13
410 18
410 72
410 111
411 1
411 2
411 3
411 5
411 6
411 7
411 8
411 9
411 26
411 236
411 343
412 0
412 1
412 2
412 3
412 6
412 7
412 8
412 13
412 63
413 0
413 1
413 2
413 3
413 4
413 5
413 6
413 7
413 8
413 9
413 26
413 388
414 0
414 1
414 2
414 3
414 5
414 6
414 7
414 8
414 257
415 0
415 2
415 5
415 6
415 7
415 8
415 15
415 52
415 135
415 208
415 239
416 6
416 7
416 8
416 13
416 18
416 78
416 97
416 99
417 1
417 2
417 3
417 4
417 6
417 7
417 8
417 13
417 72
418 0
418 1
418 3
418 4
418 5
418 35
418 36
419 0
419 1
419 2
419 3
419 4
419 5
419 6
419 7
419 282
420 0
420 2
420 4
420 6
420 7
420 8
420 13
420 18
420 72
421 1
421 3
421 5
421 25
421 400
422 1
422 2
422 6
422 18
422 183
422 289
423 1
423 2
423 5
423 6
423 74
423 77
423 260
423 272
423 371
424 4
424 6
424 8
424 9
424 71
425 1
425 2
425 3
425 5
425 10
425 16
426 2
426 5
426 6
426 7
426 8
426 13
426 18
426 62
426 78
427 0
427 1
427 2
427 3
427 5
427 74
427 313
428 1
428 2
428 3
428 6
428 32
428 81
428 153
429 0
429 1
429 2
429 3
429 5
429 7
429 8
429 15
429 52
429 135
429 171
430 5
430 6
430 8
430 9
430 157
430 298
431 0
431 1
431 2
431 3
431 4
431 7
431 54
432 0
432 1
432 2
432 3
432 4
432 5
432 7
432 8
432 13
432 58
433 0
433 1
433 2
433 5
433 6
433 7
433 8
433 133
433 259
434 0
434 1
434 4
434 5
434 35
434 129
434 175
435 0
435 1
435 2
435 4
435 6
435 7
435 8
435 9
435 28
436 0
436 1
436 2
436 4
436 7
436 11
436 83
437 0
437 1
437 2
437 3
437 4
437 5
437 6
437 7
437 9
437 26
438 0
438 1
438 2
438 5
438 6
438 8
438 9
438 26
439 2
439 4
439 6
439 7
439 10
439 88
439 110
439 126
439 170
439 237
440 2
440 3
440 5
440 7
440 11
440 83
441 5
441 6
441 10
441 33
441 150
442 0
442 1
442 4
442 5
442 7
442 8
442 34
442 318
442 357
443 0
443 1
443 2
443 3
443 4
443 6
443 7
443 8
443 18
443 230
443 378
444 1
444 2
444 4
444 6
444 7
444 8
444 26
444 28
444 55
444 100
445 1
445 5
445 6
445 8
445 9
445 42
445 46
446 0
446 2
446 3
446 4
446 5
446 8
446 13
446 18
446 43
446 196
447 1
447 2
447 4
447 5
447 6
447 7
447 24
448 0
448 1
448 3
448 6
448 18
448 51
448 115
448 349
449 0
449 1
449 2
449 5
449 7
449 8
449 9
449 28
450 5
450 6
450 10
450 33
450 96
451 0
451 1
451 2
451 3
451 6
451 18
451 362
452 0
452 1
452 2
452 3
452 6
452 7
452 8
452 56
452 190
453 1
453 4
453 6
453 10
453 73
453 219
453 323
454 6
454 7
454 8
454 18
454 78
454 97
454 99
454 416
455 1
455 5
455 7
455 12
455 37
456 0
456 1
456 2
456 3
456 4
456 6
456 7
456 8
456 13
456 18
456 72
456 111
457 0
457 1
457 2
457 4
457 5
457 6
457 92
458 1
458 2
458 3
458 4
458 5
458 11
458 83
458 121
459 0
459 1
459 2
459 3
459 5
459 6
459 7
459 8
459 13
459 63
460 0
460 1
460 3
460 4
460 5
460 6
460 7
460 8
460 9
460 26
461 0
461 1
461 2
461 3
461 4
461 5
461 6
461 7
461 8
461 13
461 31
462 0
462 1
462 3
462 6
462 18
462 51
462 115
462 349
462 448
463 0
463 2
463 3
463 4
463 6
463 7
464 0
464 1
464 2
464 3
464 4
464 13
464 18
464 72
464 222
465 0
465 1
465 2
465 3
465 4
466 0
466 1
466 2
466 3
466 4
466 7
466 13
466 18
466 72
466 194
467 1
467 2
467 3
467 6
467 7
467 10
467 73
467 219
468 0
468 1
468 2
468 3
468 5
468 7
468 9
468 26
468 328
469 0
469 2
469 3
469 4
469 6
469 7
469 8
469 13
469 18
469 62
470 2
470 3
470 4
470 5
470 6
470 77
470 269
471 0
471 2
471 3
471 4
471 5
471 6
471 7
471 8
471 13
471 18
472 0
472 1
472 2
472 3
472 4
472 6
472 7
472 8
472 13
472 18
472 72
472 132
473 0
473 1
473 2
473 3
473 4
473 5
473 6
473 7
473 8
473 9
473 26
474 1
474 4
474 5
474 6
474 8
474 53
474 211
474 267
474 396
475 2
475 4
475 6
475 7
475 10
475 19
475 88
475 293
476 0
476 1
476 2
476 3
476 5
476 8
476 15
476 34
476 220
477 3
477 5
477 7
477 10
477 33
477 150
477 189
478 0
478 1
478 3
478 6
478 7
478 8
478 18
478 114
478 218
479 4
479 5
479 6
479 21
480 0
480 1
480 2
480 3
480 5
480 6
480 8
480 15
480 52
480 171
481 0
481 1
481 2
481 5
481 7
481 8
481 259
482 0
482 1
482 2
482 3
482 4
482 7
482 8
482 18
482 39
482 230
482 378
483 0
483 2
483 3
483 4
483 13
483 18
483 72
483 222
483 464
484 2
484 3
484 4
484 6
484 18
484 103
485 0
485 1
485 2
485 4
485 5
485 7
485 8
485 9
485 28
486 0
486 1
486 2
486 3
486 7
486 8
486 18
486 39
486 51
487 3
487 5
487 6
487 7
487 10
487 33
487 150
487 356
488 0
488 2
488 4
488 6
489 1
489 4
489 5
489 7
489 325
490 0
490 2
490 3
490 4
490 5
490 7
490 9
490 26
490 437
491 0
491 1
491 3
491 4
491 5
491 6
491 7
491 8
491 9
491 26
492 1
492 2
492 3
492 5
492 7
492 8
492 9
492 26
492 328
493 0
493 1
493 2
493 4
493 5
493 140
494 0
494 1
494 2
494 3
494 4
494 6
494 8
494 13
494 18
494 72
494 132
495 2
495 4
495 5
495 6
495 8
495 53
495 211
496 1
496 2
496 4
496 6
496 7
496 10
496 19
496 149
497 6
497 7
497 18
497 97
497 240
498 0
498 1
498 2
498 3
498 5
498 6
498 7
498 8
498 299
498 317
498 361
499 0
499 1
499 2
499 3
499 4
499 5
499 6
499 7
499 8
499 133
500 0
500 2
500 3
500 5
500 6
500 7
500 8
500 13
500 18
500 62
501 3
501 5
501 6
501 33
501 96
502 5
502 6
502 10
502 33
502 150
503 0
503 1
503 3
503 4
503 5
503 6
503 7
503 8
503 9
503 26
503 473
504 1
504 2
504 3
504 4
504 5
504 6
504 9
504 108
504 174
504 374
505 0
505 1
505 2
505 3
505 4
505 5
505 6
505 7
505 8
505 13
506 1
506 2
506 3
506 60
507 0
507 1
507 3
507 6
507 18
507 51
507 448
508 0
508 2
508 3
508 6
508 7
508 8
508 18
508 230
508 378
508 443
509 2
509 3
509 4
509 5
509 6
509 27
509 185
510 0
510 2
510 3
510 4
510 6
510 7
510 8
510 13
510 18
510 111
511 6
511 7
511 8
511 18
511 97
511 99
511 416
511 454
512 2
512 3
512 5
512 7
512 9
512 61
512 108
512 120
513 0
513 2
513 3
513 4
513 5
513 7
513 11
513 83
514 0
514 2
514 4
514 6
514 7
514 8
514 9
514 26
514 28
514 59
514 94
515 0
515 1
515 2
515 3
515 4
515 5
515 8
515 53
515 266
516 0
516 1
516 2
516 3
516 4
516 465
517 0
517 1
517 2
517 3
517 4
517 7
517 13
517 18
517 72
517 194
518 0
518 2
518 3
518 6
518 7
518 8
518 13
518 459
519 0
519 1
519 2
519 3
519 4
519 6
519 7
519 18
519 39
519 354
520 1
520 2
520 3
520 14
520 201
521 0
521 2
521 3
521 4
521 5
521 6
521 7
521 18
521 62
521 154
522 0
522 1
522 2
522 3
522 4
522 5
522 6
522 112
523 0
523 2
523 4
523 5
523 6
523 7
523 8
523 13
523 18
523 62
523 93
524 0
524 1
524 2
524 6
524 8
524 13
524 63
524 231
525 1
525 3
525 4
525 7
525 8
525 58
525 402
526 0
526 1
526 4
526 5
526 6
526 7
526 24
527 0
527 1
527 2
527 7
527 8
527 481
528 0
528 1
528 2
528 5
528 6
528 7
528 8
528 13
528 275
528 333
529 1
529 2
529 3
529 4
529 5
529 6
529 74
529 260
529 272
530 0
530 1
530 2
530 3
530 6
530 7
530 8
530 39
530 51
531 0
531 1
531 2
531 3
531 4
531 5
531 6
531 112
531 296
532 0
532 2
532 3
532 5
532 7
532 8
532 15
532 52
532 135
532 208
533 0
533 3
533 4
533 6
534 0
534 1
534 2
534 4
534 5
534 6
535 4
535 6
535 7
535 10
535 156
535 204
536 2
536 6
536 7
536 18
536 122
536 158
536 320
537 4
537 7
537 10
537 19
537 351
538 2
538 4
538 6
538 7
538 10
538 19
538 22
539 0
539 3
539 5
539 7
540 4
540 5
540 7
540 325
541 0
541 1
541 2
541 5
541 6
541 7
541 8
541 299
541 317
541 361
541 498
542 0
542 2
542 3
542 6
542 7
542 8
542 18
542 39
542 51
542 177
543 3
543 4
543 18
543 40
543 335
543 393
544 0
544 1
544 2
544 3
544 6
544 7
544 8
544 230
544 378
544 443
545 1
545 60
546 1
546 4
546 6
546 10
546 73
546 219
546 323
547 1
547 2
547 4
547 5
547 140
548 0
548 2
548 3
548 5
548 6
548 7
548 8
548 13
548 18
548 93
549 0
549 1
549 2
549 4
549 5
549 6
550 0
550 1
550 3
550 4
550 7
550 203
551 4
551 7
551 12
551 37
552 0
552 2
552 3
552 4
552 5
552 7
552 9
552 26
552 437
553 4
553 6
553 7
553 10
553 19
553 88
553 475
554 1
554 2
554 4
554 5
554 6
554 7
555 0
555 4
555 26
555 45
555 247
555 376
556 0
556 1
556 2
556 3
556 4
556 6
556 7
556 8
556 13
556 18
557 0
557 2
557 3
557 4
557 6
557 7
557 8
557 13
557 18
557 62
557 469
558 0
558 2
558 3
558 6
558 18
558 51
558 115
558 128
559 2
559 3
559 4
559 5
559 6
559 8
559 53
559 211
559 267
560 0
560 2
560 3
560 4
560 6
560 209
561 0
561 2
561 4
561 5
561 8
561 15
561 34
562 1
562 3
562 4
562 5
562 7
562 8
562 58
562 337
562 402
563 2
563 7
563 8
563 295
564 0
564 1
564 5
564 6
564 7
564 8
564 133
565 1
565 2
565 3
565 4
565 6
565 7
565 230
566 1
566 2
566 3
566 5
566 6
567 1
567 5
567 74
567 77
567 260
567 272
567 371
568 0
568 1
568 2
568 3
568 4
568 5
568 6
568 8
568 184
569 0
569 1
569 5
569 8
569 259
569 481
570 0
570 1
570 3
570 4
570 5
570 7
570 11
571 0
571 1
571 2
571 6
571 8
571 13
571 63
571 231
572 1
572 2
572 3
572 5
572 6
572 8
572 9
572 236
572 343
572 411
573 1
573 2
573 4
573 6
573 10
573 19
573 30
573 88
574 1
574 2
574 4
574 6
574 7
574 8
574 26
574 28
574 55
574 100
574 444
575 0
575 1
575 4
575 5
575 7
575 8
575 9
575 26
575 28
575 181
575 329
576 0
576 1
576 2
576 3
576 6
576 7
576 8
576 39
576 51
576 530
577 0
577 1
577 2
577 3
577 4
577 5
577 6
577 7
577 8
578 2
578 3
578 5
578 7
578 11
578 440
579 1
579 3
579 6
579 32
579 81
579 153
580 6
580 10
580 73
580 219
580 323
580 453
581 0
581 1
581 2
581 3
581 4
581 5
581 74
581 89
582 0
582 1
582 2
582 4
582 6
582 7
582 8
582 26
582 28
582 55
583 0
583 2
583 4
583 6
583 7
583 8
583 18
583 39
583 230
583 378
584 0
584 1
584 3
584 4
584 6
584 18
584 72
585 0
585 1
585 2
585 4
585 5
585 7
585 8
585 13
585 387
586 0
586 1
586 3
586 4
586 6
586 7
586 32
586 205
587 0
587 1
587 3
587 5
587 7
587 9
587 26
587 328
587 468
588 0
588 1
588 2
588 3
588 4
588 5
589 4
589 6
589 18
589 103
589 484
590 1
590 2
590 7
590 10
590 19
590 30
590 243
591 2
591 3
591 5
591 6
591 9
591 26
591 216
592 2
592 6
592 8
592 32
592 291
592 407
593 0
593 4
593 6
593 7
593 8
593 26
593 100
593 319
594 2
594 6
594 7
594 353
595 0
595 1
595 3
595 4
595 35
595 36
596 0
596 1
596 2
596 4
596 6
596 92
597 0
597 1
597 2
597 4
597 5
597 7
597 15
597 34
598 0
598 1
598 2
598 3
598 6
598 7
598 8
598 13
598 18
598 72
598 132
598 222
599 0
599 1
599 3
599 74
599 313
599 427
600 0
600 1
600 3
600 5
600 7
600 8
600 34
600 318
600 357
601 0
601 6
601 7
601 8
601 13
601 18
601 304
601 344
602 3
602 5
602 539
603 6
603 8
603 13
603 18
603 78
603 97
603 99
604 0
604 2
604 3
604 6
604 7
604 8
604 15
604 52
604 135
604 208
604 239
604 370
605 5
605 74
605 77
605 272
605 371
605 567
606 6
606 8
606 13
606 18
606 78
606 99
606 603
607 2
607 3
607 5
607 6
607 7
607 8
607 13
607 62
607 78
608 1
608 4
608 7
608 12
608 397
609 1
609 3
610 1
610 2
610 4
610 6
610 7
610 10
610 19
611 0
611 1
611 2
611 3
611 4
611 6
611 7
611 8
611 9
611 26
611 473
612 0
612 1
612 4
612 5
612 6
612 262
613 2
613 3
613 4
613 5
614 1
614 2
614 4
614 6
614 7
614 10
614 88
614 126
614 237
615 1
615 4
615 6
615 7
615 19
616 3
616 6
616 7
616 10
616 33
616 150
616 189
617 0
617 2
617 3
617 6
617 7
617 8
617 13
617 18
617 111
617 384
618 1
618 60
619 0
619 1
619 3
619 6
619 7
619 8
619 39
619 114
620 2
620 3
620 4
620 5
620 6
620 7
620 8
620 9
620 26
620 236
620 299
621 1
621 2
621 3
621 5
621 6
621 7
621 8
621 257
622 0
622 1
622 2
622 3
622 5
622 6
622 7
622 8
622 15
622 52
622 135
622 171
623 6
623 18
623 97
623 107
623 137
624 0
624 1
624 2
624 4
624 6
624 7
624 26
624 28
624 55
624 582
625 0
625 2
625 3
625 4
625 5
625 7
625 8
625 13
625 18
625 471
626 0
626 2
626 3
626 5
626 7
626 8
626 15
626 52
626 135
626 171
627 0
627 1
627 2
627 3
627 5
627 6
627 77
627 160
628 6
628 7
628 18
629 0
629 2
629 3
629 5
629 7
629 8
629 15
629 52
629 208
629 239
629 322
630 0
630 6
630 7
630 8
630 13
630 18
630 72
630 420
631 0
631 1
631 2
631 4
631 5
631 6
631 7
631 8
631 76
632 0
632 2
632 3
632 4
632 6
632 7
632 13
632 18
632 62
632 469
633 1
633 2
633 4
633 6
633 7
633 8
633 52
633 135
634 3
634 6
634 10
634 150
634 189
634 356
635 3
635 13
635 335
636 0
636 3
636 4
636 6
636 7
636 8
636 9
636 26
636 236
637 2
637 3
637 4
637 5
637 7
637 13
637 302
638 0
638 1
638 2
638 3
638 4
638 5
639 0
639 1
639 2
639 5
639 7
639 8
639 9
639 28
639 449
640 0
640 1
640 2
640 4
640 5
640 6
640 262
641 0
641 1
641 2
641 4
641 6
641 7
641 24
641 182
642 3
642 5
642 6
642 7
642 10
642 33
642 150
642 356
642 487
643 0
643 3
643 4
643 6
643 7
643 8
643 13
643 18
643 62
643 469
644 0
644 2
644 4
644 6
644 7
644 8
644 13
644 18
644 72
644 136
645 4
645 7
645 12
645 551
646 0
646 1
646 2
646 3
646 6
646 7
646 8
646 13
646 18
646 72
646 111
647 0
647 1
647 2
647 3
647 5
647 6
647 77
647 160
647 627
648 0
648 1
648 2
648 3
648 7
648 8
648 18
648 51
649 0
649 1
649 2
649 3
649 4
649 5
649 7
649 9
649 26
649 236
650 0
650 1
650 3
650 4
650 7
650 550
651 1
651 2
651 3
651 5
651 7
651 8
651 15
651 52
651 135
651 171
651 429
652 0
652 2
652 4
652 6
652 7
652 26
652 28
652 59
652 94
652 514
653 0
653 1
653 2
653 3
653 4
653 6
653 7
653 8
653 18
653 556
654 0
654 2
654 4
654 7
654 8
654 106
654 225
655 1
655 2
655 3
655 4
655 5
655 6
655 7
655 8
655 9
656 0
656 2
656 3
656 4
656 6
656 209
657 0
657 1
657 2
657 3
657 5
657 6
657 7
657 8
657 15
657 135
657 171
657 622
658 0
658 1
658 2
658 4
658 6
658 7
658 8
658 26
658 28
658 55
658 100
659 1
659 2
659 60
659 506
660 2
660 14
660 213
661 1
661 3
661 4
661 7
661 10
661 33
662 0
662 1
662 2
662 3
662 5
662 6
662 7
662 299
662 317
662 361
662 498
663 1
663 2
663 3
663 4
663 7
663 8
663 9
663 26
664 0
664 1
664 3
664 6
664 18
664 51
664 448
664 507
665 1
665 2
665 4
665 6
665 7
665 10
665 57
666 0
666 2
666 3
666 5
666 7
666 8
666 52
666 135
666 532
667 1
667 2
667 4
667 8
667 34
667 106
667 225
668 0
668 1
668 2
668 3
668 6
668 7
668 8
668 18
668 39
669 0
669 2
669 3
669 5
669 7
669 8
669 208
669 239
670 0
670 2
670 3
670 5
670 7
670 8
670 15
670 135
671 0
671 1
671 4
671 5
671 7
671 15
672 6
672 18
672 139
673 0
673 1
673 3
673 4
673 7
673 34
673 318
674 0
674 1
674 3
674 4
674 6
674 7
674 13
674 18
674 194
675 0
675 1
675 2
675 5
675 7
675 15
675 34
676 2
676 3
676 5
676 7
676 9
676 26
676 437
676 490
677 0
677 1
677 4
677 5
677 6
677 7
677 8
677 76
677 631
678 1
678 4
678 6
678 7
678 10
678 19
678 149
678 496
679 0
679 1
679 3
679 4
679 5
679 6
679 8
679 13
679 40
680 0
680 2
680 4
680 5
680 7
681 4
681 7
681 10
681 19
681 351
682 0
682 6
682 18
682 51
682 115
682 128
682 558
683 4
683 7
683 29
683 283
684 1
684 6
684 7
684 10
684 113
685 0
685 1
685 2
685 3
685 6
685 7
685 8
685 148
686 0
686 1
686 2
686 3
686 4
686 5
686 6
686 282
686 419
687 1
687 2
687 4
687 6
687 7
687 10
687 88
687 126
687 614
688 1
688 2
688 3
688 4
688 6
688 7
688 10
688 219
689 0
689 2
689 3
689 5
689 7
689 8
689 15
689 52
689 135
689 208
689 532
690 2
690 3
690 4
690 5
690 6
690 269
690 470
691 0
691 4
691 5
691 6
691 7
692 0
692 1
692 2
692 5
692 6
692 7
692 38
693 0
693 1
693 3
693 6
693 18
693 51
693 115
693 349
694 1
694 2
694 6
694 7
694 8
694 32
694 81
695 0
695 1
695 3
695 7
695 18
695 51
695 648
696 0
696 2
696 3
696 209
696 221
697 1
697 2
697 4
697 6
697 7
697 24
697 182
697 202
698 2
698 4
698 5
698 6
698 7
698 8
698 13
698 18
698 471
699 0
699 1
699 2
699 6
699 26
699 28
699 55
699 254
700 0
700 1
700 2
700 3
700 4
700 5
700 7
700 8
700 58
701 0
701 1
701 2
701 3
701 18
701 362
702 0
702 2
702 3
702 5
702 8
702 15
702 135
703 0
703 1
703 3
703 6
703 7
703 13
703 18
703 194
703 229
704 4
704 6
704 8
704 9
704 71
704 424
705 0
705 1
705 2
705 4
705 5
705 7
705 8
705 58
705 700
706 0
706 1
706 2
706 3
706 4
706 5
706 6
706 112
706 159
707 1
707 2
707 3
707 4
707 11
707 83
707 121
707 458
708 3
708 4
708 18
708 40
708 335
708 393
709 2
709 4
709 6
709 7
709 8
709 13
709 18
709 72
709 136
710 1
710 3
710 14
711 0
711 1
711 2
711 6
711 18
711 128
711 183
711 289
711 406
712 0
712 1
712 2
712 4
712 6
712 7
712 8
712 26
712 28
712 55
712 100
712 319
712 369
713 5
713 6
713 8
713 9
713 42
713 46
713 445
714 0
714 2
714 5
714 6
714 7
714 8
714 15
714 52
714 135
714 208
714 239
715 1
715 2
715 6
715 28
715 55
715 254
716 6
716 7
716 353
716 594
717 0
717 1
717 2
717 3
717 4
717 6
717 7
717 282
718 0
718 1
718 4
718 5
718 6
718 7
718 24
719 1
719 3
719 4
719 5
719 6
719 7
719 10
720 1
720 2
720 3
720 4
720 5
720 6
720 8
720 211
720 267
721 6
721 8
721 13
721 18
721 97
721 99
722 4
722 5
722 6
722 8
722 9
722 42
722 71
722 187
723 1
723 2
723 4
723 6
723 7
723 21
724 0
724 1
724 2
724 3
724 4
724 6
724 8
724 13
724 18
724 72
724 132
725 0
725 2
725 4
725 6
725 7
725 24
725 202
726 0
726 3
726 18
726 51
726 448
726 507
727 0
727 1
727 4
727 5
727 6
727 7
727 8
727 9
727 28
727 75
728 0
728 2
728 3
728 5
728 7
728 8
728 15
728 52
728 208
728 239
728 322
728 629
729 0
729 1
729 2
729 4
729 6
729 7
729 24
729 273
730 0
730 1
730 2
730 3
730 4
730 5
731 1
731 2
731 6
731 10
731 19
731 30
731 88
731 573
732 1
732 4
732 5
732 6
732 8
732 53
732 211
732 267
732 396
732 474
733 3
733 4
733 5
733 7
733 13
733 302
734 1
734 2
734 3
734 4
734 5
734 6
734 7
734 8
734 9
734 236
734 299
734 317
735 1
735 5
735 6
735 21
735 118
736 0
736 2
736 3
736 4
736 5
736 7
736 9
736 26
736 437
736 552
737 1
737 2
737 3
737 4
737 5
737 6
737 77
738 0
738 1
738 2
738 4
738 6
738 7
738 8
739 0
739 1
739 2
739 3
739 4
739 5
739 7
739 8
739 58
739 700
740 1
740 2
740 6
740 18
740 183
740 289
740 422
741 1
741 3
741 4
741 173
742 0
742 2
742 3
742 7
742 8
742 18
742 39
742 51
743 0
743 1
743 2
743 18
743 51
743 128
743 183
743 347
744 0
744 1
744 2
744 3
744 5
744 7
744 8
744 257
744 414
745 0
745 3
745 6
745 8
745 192
745 385
745 392
746 0
746 1
746 313
746 599
747 0
747 1
747 2
747 4
748 0
748 1
748 2
748 3
748 4
748 5
748 6
748 8
748 9
748 26
748 178
749 0
749 1
749 2
749 3
749 4
749 5
749 6
749 8
749 9
749 26
749 178
749 748
750 2
750 3
750 4
750 6
750 7
750 8
750 9
750 26
750 236
750 299
751 1
751 2
751 3
751 4
751 5
751 11
751 83
751 121
752 0
752 1
752 2
752 3
752 4
752 6
752 7
752 18
753 6
753 7
753 10
753 33
753 189
753 616
754 0
754 18
754 51
754 448
754 507
754 726
755 0
755 1
755 2
755 3
755 5
755 6
755 7
755 8
755 13
755 63
755 459
756 5
756 6
756 8
756 9
756 42
756 71
756 187
756 722
757 0
757 2
757 4
757 6
757 7
757 8
757 13
757 18
757 72
757 253
758 0
758 2
758 3
758 7
758 8
758 15
758 135
759 1
759 2
759 3
759 4
759 5
759 11
759 83
759 121
759 458
760 2
760 3
760 5
760 6
760 7
760 8
760 13
760 62
760 78
761 3
761 5
761 6
761 8
761 9
761 42
762 2
762 6
762 7
762 13
762 18
762 304
762 344
763 0
763 1
763 2
763 3
763 6
763 7
763 8
763 148
764 1
764 4
764 5
764 7
764 12
764 37
765 0
765 2
765 3
765 4
765 6
765 8
765 18
765 556
765 653
766 1
766 2
766 4
766 6
766 10
766 19
766 22
767 0
767 1
767 6
767 18
767 51
767 128
768 1
768 2
768 3
768 7
768 8
768 32
768 81
769 0
769 1
769 2
769 4
769 6
769 7
769 8
769 52
769 135
769 226
770 0
770 1
770 2
770 3
770 5
770 7
770 8
770 15
770 135
770 171
771 1
771 74
771 77
771 260
771 272
771 371
771 567
772 4
772 5
772 6
772 209
772 300
773 0
773 2
773 3
773 5
773 7
773 8
773 15
773 52
773 208
773 239
773 322
774 2
774 14
774 660
775 1
775 3
775 4
775 5
775 6
775 7
775 8
775 234
776 2
776 3
776 4
776 6
776 7
776 10
777 0
777 2
777 6
777 7
777 8
777 52
777 135
777 239
777 415
778 0
778 1
778 2
778 3
778 4
778 6
778 7
778 717
779 2
779 4
779 6
779 7
779 9
779 26
779 28
779 59
779 94
780 1
780 4
780 7
780 671
781 1
781 4
781 6
781 74
781 89
781 286
782 0
782 2
782 3
782 4
782 5
782 6
782 7
782 8
782 9
782 236
783 1
783 4
783 5
783 7
783 12
783 37
783 764
784 0
784 1
784 3
784 6
784 18
784 51
784 115
784 349
785 0
785 2
785 4
785 5
785 7
785 8
785 13
785 18
785 62
785 93
785 523
786 0
786 1
786 2
786 4
786 5
786 6
786 13
786 29
787 3
787 5
787 8
787 46
787 377
788 1
788 2
788 4
788 6
788 7
788 10
788 88
788 126
788 614
788 687
789 1
789 2
789 3
789 4
789 5
789 6
789 9
789 108
789 174
790 0
790 1
790 2
790 3
790 4
790 5
790 6
790 7
790 8
790 9
790 26
791 1
791 2
791 6
791 18
791 289
791 422
791 740
792 0
792 1
792 2
792 3
792 4
792 5
792 6
792 7
792 8
792 184
793 1
793 2
793 3
793 68
794 1
794 2
794 4
794 6
794 7
794 10
794 123
794 164
794 383
795 2
795 3
795 5
795 6
795 7
795 13
795 18
795 62
795 78
795 372
796 0
796 1
796 3
796 4
796 5
796 6
796 8
796 9
796 26
796 748
796 749
797 0
797 1
797 3
797 5
797 74
797 313
798 1
798 3
798 5
798 6
798 7
798 8
798 9
798 26
798 491
799 1
799 4
799 5
799 35
799 129
799 175
799 434
800 0
800 1
800 2
800 3
800 6
800 7
800 8
800 39
800 51
800 530
801 1
801 4
801 7
801 671
801 780
802 1
802 2
802 4
802 5
802 7
802 597
803 0
803 1
803 2
803 3
803 4
803 6
803 7
803 8
803 72
803 359
804 0
804 1
804 2
804 3
804 6
804 7
804 8
804 18
804 51
805 2
805 5
805 6
805 7
805 61
805 108
805 120
806 2
806 3
806 5
806 6
806 27
806 185
806 509
807 1
807 2
807 4
807 7
807 10
807 19
807 22
807 57
808 2
808 3
808 5
808 6
808 26
808 216
808 591
809 2
809 4
809 5
809 6
809 21
809 195
810 2
810 4
810 6
810 7
810 10
810 88
810 110
810 126
810 170
810 237
811 0
811 1
811 2
811 3
811 6
811 7
811 8
811 39
811 51
811 530
811 576
812 2
812 3
812 5
812 7
812 15
812 52
812 135
812 208
813 0
813 1
813 2
813 6
813 18
813 51
813 115
813 128
813 183
813 215
814 0
814 1
814 4
814 6
814 7
814 8
814 631
814 677
815 2
815 6
815 7
815 18
815 122
815 158
815 320
816 4
816 10
816 19
816 351
816 537
817 0
817 1
817 2
817 4
817 6
817 7
817 26
817 28
817 55
817 100
817 319
817 369
818 1
818 2
818 4
818 5
818 6
818 7
818 9
818 61
818 108
819 0
819 1
819 2
819 3
819 4
819 6
819 7
819 18
819 39
819 354
820 0
820 1
820 2
820 3
820 5
820 6
820 77
820 160
820 627
820 647
821 2
821 3
821 4
821 7
821 8
821 18
821 39
822 0
822 1
822 2
822 3
822 4
822 5
822 6
822 7
823 0
823 1
823 4
823 5
823 6
823 8
823 13
823 18
824 0
824 1
824 2
824 6
824 8
824 26
824 28
824 55
824 658
825 0
825 1
825 3
825 5
825 7
825 8
825 257
825 414
826 1
826 3
826 5
826 25
826 400
827 0
827 2
827 6
827 8
827 63
827 358
828 0
828 1
828 2
828 4
828 6
828 8
828 28
829 0
829 1
829 2
829 3
829 5
829 6
829 160
829 647
830 0
830 2
830 4
830 6
830 7
830 8
830 9
830 28
830 435
831 1
831 2
831 3
831 5
831 10
831 16
831 425
832 2
832 3
832 4
832 5
832 7
832 302
832 637
833 0
833 2
833 4
833 6
833 7
833 24
833 202
833 725
834 0
834 3
834 4
834 6
834 209
834 242
835 3
835 5
835 6
835 7
835 10
835 189
836 0
836 1
836 2
836 3
836 6
836 7
836 18
836 354
836 519
837 0
837 1
837 2
837 3
837 4
837 6
837 8
837 53
837 169
838 3
838 6
838 10
838 150
838 356
838 634
839 0
839 2
839 4
839 6
839 7
839 8
839 26
839 28
839 55
839 100
840 1
840 2
840 4
840 7
840 8
840 26
840 28
840 55
840 100
841 1
841 4
841 5
841 6
841 534
842 0
842 1
842 2
842 3
842 5
842 6
842 7
842 13
842 459
843 6
843 73
843 219
843 323
843 453
844 0
844 2
844 4
844 5
844 6
844 7
844 8
844 13
844 18
844 93
845 2
845 3
845 6
845 7
845 8
845 13
845 18
845 111
845 384
845 617
846 0
846 4
846 7
846 8
846 106
846 654
847 0
847 1
847 2
847 7
847 8
847 481
847 527
848 0
848 1
848 6
848 51
848 115
848 349
848 448
848 462
849 0
849 1
849 5
849 7
849 8
849 414
849 825
850 0
850 1
850 2
850 3
850 4
850 5
850 6
850 822
851 0
851 1
851 2
851 5
851 7
851 8
851 26
852 0
852 2
852 3
852 4
852 5
852 7
852 8
852 13
852 18
852 471
853 0
853 2
853 4
853 5
853 7
853 9
853 26
853 437
853 552
853 736
854 2
854 3
854 6
854 18
854 103
854 484
855 0
855 1
855 2
855 3
855 4
855 5
855 6
855 8
855 53
856 0
856 4
856 5
856 6
856 7
856 8
856 13
856 18
856 80
857 1
857 2
857 3
857 6
857 8
857 56
857 190
858 0
858 1
858 2
858 3
858 5
858 6
858 7
858 8
858 13
858 63
858 275
859 0
859 2
859 5
859 6
859 7
859 8
859 13
859 29
860 0
860 1
860 2
860 3
860 4
860 5
860 58
860 700
861 3
861 5
861 6
861 8
861 9
861 26
861 298
862 1
862 2
862 4
862 5
862 6
862 7
862 8
862 9
862 26
863 0
863 1
863 4
863 7
863 13
864 0
864 2
864 3
864 5
864 6
864 7
864 9
864 26
864 236
865 0
865 1
865 2
865 4
865 6
865 7
865 8
865 13
865 18
865 72
865 132
866 0
866 1
866 3
866 5
866 8
866 15
866 34
866 220
867 0
867 1
867 3
867 4
867 6
867 7
867 8
867 15
868 0
868 1
868 2
868 3
868 4
868 5
868 6
868 8
868 133
868 155
869 0
869 3
869 4
869 6
869 209
869 242
870 2
870 4
870 6
870 7
870 10
870 88
870 110
870 126
870 170
870 237
871 0
871 1
871 2
871 3
871 4
871 6
871 7
871 8
871 72
871 359
871 803
872 0
872 1
872 3
872 74
872 313
872 797
873 1
873 4
873 6
873 7
873 8
873 13
873 18
874 0
874 1
874 4
874 6
874 7
874 8
874 9
874 26
874 28
875 3
875 5
875 6
875 27
875 185
875 806
876 0
876 2
876 4
876 7
876 8
876 13
876 18
876 277
877 1
877 2
877 4
877 6
877 7
877 10
877 88
877 126
877 614
877 687
878 1
878 2
878 3
878 4
878 5
878 6
878 7
879 0
879 1
879 2
879 3
879 6
879 7
879 8
879 39
879 51
879 530
879 576
880 0
880 1
880 3
880 4
880 5
880 6
880 8
880 125
880 192
881 1
881 2
881 3
881 6
881 32
881 81
881 428
882 5
882 6
882 8
882 9
882 42
882 71
882 187
882 722
883 0
883 1
883 2
883 4
883 5
883 6
883 7
883 8
883 9
883 26
883 28
884 1
884 2
884 3
884 4
884 5
884 7
884 34
884 318
885 0
885 1
885 2
885 4
885 5
885 6
885 7
885 8
885 9
885 26
885 28
886 0
886 1
886 2
886 5
886 6
886 7
886 8
886 13
886 63
886 275
886 333
887 4
887 6
887 8
887 9
887 424
887 704
888 1
888 2
888 3
888 5
888 7
888 8
888 135
888 171
888 429
889 2
889 3
889 4
889 11
889 83
889 121
890 0
890 1
890 3
890 4
890 6
890 9
890 26
890 437
891 2
891 3
891 5
891 6
891 7
891 8
891 13
891 18
891 62
891 78
891 372
892 0
892 2
892 3
892 5
892 7
892 8
892 15
892 52
892 135
892 171
892 626
893 0
893 1
893 2
893 3
893 5
893 6
893 13
893 459
893 842
894 1
894 3
894 4
894 5
894 6
894 7
894 8
894 234
894 775
895 1
895 18
895 289
895 422
896 0
896 1
896 2
896 3
896 5
896 6
896 7
896 299
896 317
896 498
896 662
897 0
897 1
897 2
897 3
897 4
897 5
897 6
897 7
897 8
897 13
897 18
898 0
898 3
898 4
898 5
898 6
898 7
898 8
898 43
899 0
899 1
899 2
899 5
899 8
899 259
899 481
900 0
900 18
900 51
900 448
900 507
900 726
900 754
901 0
901 2
901 4
901 5
901 6
901 7
901 8
901 13
901 18
902 0
902 1
902 2
902 3
902 4
902 5
902 6
902 7
902 64
903 0
903 1
903 3
903 6
903 7
903 63
903 412
904 0
904 1
904 2
904 5
904 6
904 8
904 13
904 63
904 275
904 333
905 0
905 1
905 2
905 3
905 4
905 5
905 6
905 7
905 9
905 26
905 49
906 1
906 4
906 465
907 0
907 2
907 3
907 4
907 6
907 7
907 18
907 62
907 154
907 521
908 1
908 3
908 5
908 6
908 7
908 8
908 9
908 26
908 491
908 798
909 0
909 1
909 2
909 3
909 4
909 5
909 74
910 0
910 1
910 4
910 5
910 11
910 90
911 4
911 40
911 708
912 1
912 2
912 6
912 8
912 53
912 211
912 267
912 396
913 1
913 6
913 10
913 19
914 0
914 2
914 3
914 5
914 7
914 179
915 0
915 1
915 2
915 3
915 5
915 6
915 7
915 8
915 63
916 2
916 5
916 6
916 7
916 228
917 5
917 6
917 10
917 33
917 150
917 502
918 0
918 3
918 4
918 5
918 6
918 8
918 192
919 0
919 1
919 2
919 3
919 4
919 5
919 7
919 15
920 0
920 2
920 3
920 6
920 7
920 8
920 15
920 52
920 135
920 208
920 239
921 0
921 2
921 3
921 4
921 5
921 7
921 8
921 13
921 18
921 471
922 4
922 5
922 6
922 8
922 9
922 42
922 324
923 0
923 1
923 2
923 3
923 4
923 5
923 6
923 8
923 9
923 26
923 236
924 2
924 6
924 7
924 8
924 18
924 122
924 158
925 0
925 2
925 3
925 4
925 5
925 7
925 8
925 56
926 1
926 3
926 4
926 5
926 6
926 8
926 9
926 26
926 748
926 749
927 0
927 1
927 6
927 7
927 692
928 0
928 1
928 2
928 5
928 6
928 8
928 76
929 0
929 1
929 2
929 3
929 4
929 8
929 58
930 2
930 4
930 6
930 7
930 28
930 59
930 94
930 514
930 652
931 1
931 2
931 3
931 4
931 6
931 7
931 8
931 13
931 72
931 417
932 0
932 1
932 3
932 4
932 6
932 8
932 18
932 72
932 132
932 271
933 0
933 2
933 3
933 6
933 7
933 8
933 15
933 52
933 135
933 208
933 239
933 920
934 5
934 6
934 8
934 9
934 42
934 761
935 1
935 2
935 4
935 5
935 7
935 9
935 61
935 108
935 818
936 1
936 2
936 4
936 5
936 6
936 7
936 13
936 29
937 1
937 7
937 10
937 19
937 30
937 243
938 1
938 2
938 4
938 7
938 10
938 19
938 379
939 1
939 2
939 4
939 6
939 10
939 19
940 0
940 2
940 3
940 5
940 7
940 8
940 15
940 52
940 135
940 208
940 532
941 1
941 2
941 3
941 4
941 6
941 7
941 8
941 13
941 18
941 72
941 111
942 0
942 1
942 2
942 5
942 7
942 9
942 26
942 328
942 468
943 0
943 1
943 2
943 3
943 4
943 5
943 6
943 7
943 8
943 9
943 26
943 236
943 310
944 1
944 2
944 4
944 6
944 10
944 123
944 164
944 383
945 0
945 1
945 4
945 6
945 7
945 8
945 26
945 28
945 55
946 0
946 4
946 7
946 8
946 9
946 28
946 59
946 94
946 161
947 0
947 2
947 4
947 5
947 7
947 8
947 13
947 18
947 62
947 93
948 0
948 1
948 2
948 3
948 4
948 5
948 6
948 7
948 9
948 26
949 0
949 2
949 4
949 5
949 7
949 8
949 15
949 34
950 2
950 3
950 5
950 7
950 8
950 15
950 52
950 135
950 208
950 940
951 2
951 4
951 7
951 10
951 19
951 88
951 379
952 0
952 2
952 4
952 8
952 13
952 18
952 277
952 876
953 1
953 2
953 4
953 7
953 10
953 88
953 126
953 237
953 614
954 0
954 1
954 2
954 3
954 4
954 5
954 6
954 7
954 8
954 233
955 0
955 2
955 13
955 72
955 132
955 138
955 256
956 0
956 1
956 2
956 3
956 4
956 5
956 6
956 7
956 8
956 15
957 0
957 1
957 3
957 4
957 5
957 6
957 7
957 8
957 9
957 26
958 1
958 2
958 4
958 5
958 7
958 8
958 9
958 26
958 28
958 181
959 4
959 6
959 8
959 9
959 71
959 424
960 6
960 18
960 628
961 1
961 2
961 4
961 5
961 6
961 8
961 211
961 267
961 720
962 0
962 1
962 2
962 3
962 4
962 5
962 6
962 53
963 0
963 1
963 3
963 6
963 7
963 13
963 18
963 674
964 0
964 1
964 3
964 4
964 5
964 6
964 8
964 133
964 155
964 868
965 0
965 1
965 2
965 3
965 5
965 6
965 7
965 8
965 13
965 63
965 275
966 0
966 2
966 4
966 5
966 6
966 7
966 13
966 18
966 901
967 0
967 1
967 2
967 7
967 8
967 481
968 2
968 3
968 4
968 6
968 7
968 8
968 9
968 236
968 299
968 750
969 0
969 1
969 2
969 3
969 4
969 5
969 6
969 7
969 9
969 26
970 6
970 13
970 18
970 304
970 344
970 762
971 2
971 5
971 6
971 7
971 61
971 108
971 120
971 805
972 0
972 2
972 3
972 4
972 5
972 6
972 53
973 0
973 2
973 3
973 4
973 5
973 6
973 53
973 972
974 4
974 7
974 10
974 19
974 336
975 0
975 4
975 5
975 7
975 26
975 437
975 552
975 736
976 0
976 4
976 6
976 7
976 8
976 9
976 94
976 198
976 309
977 2
977 4
977 6
977 7
977 10
977 19
977 88
977 110
977 245
978 0
978 1
978 3
978 4
978 6
978 7
978 72
978 359
978 803
978 871
979 0
979 1
979 2
979 8
979 13
979 63
979 275
979 333
979 904
980 0
980 2
980 3
980 7
980 8
980 52
980 208
980 239
980 322
980 773
981 0
981 1
981 2
981 3
981 6
981 7
981 18
981 519
981 836
982 0
982 2
982 3
982 4
982 7
982 162
983 0
983 1
983 2
983 3
983 4
983 5
983 6
983 8
983 133
983 499
984 1
984 2
984 4
984 5
984 7
984 9
984 61
984 818
985 6
985 97
985 107
985 137
985 623
986 1
986 2
986 4
986 7
986 10
986 19
986 379
987 1
987 2
987 3
987 4
987 35
988 0
988 4
988 6
988 7
988 8
988 9
988 26
988 236
988 636
989 3
989 5
989 6
989 7
989 10
989 33
989 150
989 189
990 0
990 6
990 9
990 26
990 389
991 2
991 14
991 660
992 0
992 1
992 4
992 7
992 8
992 9
992 26
992 28
993 0
993 1
993 3
993 4
993 6
993 7
993 8
993 13
993 18
994 2
994 4
994 6
994 7
994 10
994 88
994 110
994 126
994 170
994 237
994 439
995 0
995 1
995 2
995 3
995 5
995 6
995 7
995 8
995 13
995 63
995 275
995 858
996 0
996 2
996 3
996 4
996 5
996 6
996 13
996 43
997 2
997 3
997 4
997 5
997 6
997 27
997 185
997 509
998 0
998 1
998 3
998 6
998 18
998 51
998 115
998 349
998 448
999 1
999 2
999 3
999 6
999 7
999 8
999 18
999 51
999 115
