1 0
2 0
2 1
3 0
3 1
3 2
4 0
4 1
4 2
4 3
5 0
5 1
5 2
5 3
5 4
6 0
6 1
6 2
6 3
6 4
6 5
7 0
7 1
7 2
7 3
7 4
7 5
7 6
8 0
8 1
8 2
8 3
8 4
8 5
8 6
8 7
9 0
9 1
9 2
9 3
9 4
9 5
9 6
9 7
9 8
10 0
10 1
11 0
11 1
11 3
11 4
11 5
11 6
11 7
12 0
12 1
12 4
13 1
13 2
14 0
14 1
14 2
14 3
14 4
15 0
15 1
15 2
15 3
15 4
15 5
15 6
16 0
16 1
16 2
16 3
17 2
17 3
17 4
17 5
17 6
17 7
17 8
18 0
18 1
18 2
18 3
18 4
18 5
18 15
19 1
19 2
19 3
19 4
20 0
20 1
20 2
21 0
21 1
21 2
21 4
21 5
21 6
21 7
22 0
22 1
22 2
22 3
22 5
22 6
22 7
23 0
23 1
23 4
23 5
23 6
24 0
24 1
24 2
24 3
24 4
24 5
25 0
25 3
25 4
25 5
25 6
25 7
25 8
26 0
26 1
26 2
26 3
26 4
26 5
26 6
26 7
27 0
27 1
27 2
27 3
27 4
27 15
27 18
28 0
28 1
28 5
28 6
28 23
29 1
29 2
29 3
29 4
29 5
29 6
29 7
30 0
30 1
30 4
30 5
30 6
30 7
30 26
31 0
31 1
31 2
31 4
31 5
31 15
32 2
32 3
32 4
32 5
32 6
33 0
33 2
33 3
33 6
33 7
33 8
33 9
34 0
34 2
34 3
34 4
34 5
34 6
35 0
35 1
35 3
35 4
35 5
36 0
36 2
36 3
36 6
36 7
36 8
36 9
37 0
37 5
37 6
37 23
37 28
38 0
38 4
38 5
38 6
38 7
38 21
39 2
39 3
39 6
39 7
39 9
40 0
40 4
40 12
41 2
41 3
41 4
41 5
41 6
41 7
42 0
42 1
42 2
42 3
42 4
42 6
42 7
42 8
43 0
43 1
43 2
43 3
43 4
43 15
43 18
43 27
44 0
44 3
44 4
44 5
44 6
44 7
45 0
45 3
45 4
45 5
45 6
45 7
45 8
45 25
46 0
46 2
46 5
46 6
46 7
47 0
47 1
47 2
47 3
47 4
47 6
47 15
48 2
48 3
48 6
48 7
48 17
49 0
49 2
49 4
49 5
49 15
49 31
50 2
50 7
50 9
51 0
51 1
51 4
51 5
52 1
52 4
52 5
52 6
52 7
52 26
53 0
53 1
53 2
53 3
53 4
53 5
54 0
54 2
54 4
54 6
54 7
54 8
54 42
55 0
55 1
55 3
55 4
55 6
55 7
55 9
56 0
56 2
56 4
56 5
56 24
57 1
57 2
57 3
57 6
57 15
57 47
58 0
58 1
58 3
58 4
58 5
59 5
59 7
59 26
59 52
60 0
60 2
60 3
60 4
60 5
61 1
61 2
61 3
61 4
61 19
62 0
62 1
62 2
62 3
62 4
62 5
62 6
63 0
63 1
63 2
63 3
63 5
64 1
64 2
64 3
64 15
64 18
65 0
65 1
65 2
65 3
65 4
65 5
65 6
65 7
66 0
66 1
66 2
66 4
66 6
66 7
66 8
67 1
67 2
67 3
67 4
67 19
68 0
68 1
68 2
68 3
68 4
68 5
68 6
68 7
68 65
69 3
69 4
69 19
70 0
70 2
70 6
70 8
70 9
70 36
71 0
71 1
71 2
71 3
71 4
71 53
72 1
72 2
72 3
72 4
72 5
72 6
72 7
72 65
72 68
73 1
73 2
73 3
73 19
73 67
74 0
74 2
74 3
74 18
74 27
75 0
75 2
75 3
75 4
75 5
75 6
75 7
76 0
76 2
76 5
76 15
76 31
77 0
77 1
77 2
77 4
77 5
77 6
77 62
78 2
78 3
78 6
78 7
78 17
79 0
79 3
79 4
79 5
79 6
79 7
79 26
80 2
80 3
80 7
80 17
80 48
81 0
81 1
81 6
81 23
82 2
82 7
82 17
82 48
82 80
83 0
83 2
83 5
83 15
83 31
84 0
84 4
84 7
84 8
84 42
84 54
85 0
85 1
85 2
86 0
86 2
86 3
86 4
86 5
86 6
86 7
87 0
87 1
87 2
87 15
88 1
88 2
88 3
88 19
89 1
89 2
89 3
89 19
90 1
90 2
90 3
90 6
90 15
90 47
91 0
91 4
91 6
91 7
91 21
92 0
92 2
92 4
92 5
92 6
92 7
93 0
93 3
93 4
93 7
93 9
93 55
94 0
94 1
94 2
94 3
94 4
94 5
94 6
95 2
95 3
95 4
95 5
95 7
95 8
95 17
96 0
96 4
96 31
96 49
97 1
97 3
97 19
97 73
98 7
98 17
98 48
98 80
98 82
99 3
99 19
99 69
100 2
100 3
101 2
101 6
101 7
101 17
101 48
102 0
102 1
102 2
102 3
102 5
103 0
103 2
103 3
103 4
103 5
103 6
103 7
103 86
104 1
104 4
104 5
104 6
104 7
104 26
104 30
105 0
105 1
105 2
105 20
106 0
106 2
106 5
106 31
107 2
107 3
107 7
107 17
107 48
107 80
108 0
108 1
108 2
108 3
108 4
108 5
108 6
108 7
109 0
109 1
109 2
109 3
109 4
109 14
110 2
110 7
110 8
110 17
110 95
111 1
111 2
111 3
111 4
111 5
111 6
111 7
112 0
112 1
112 2
112 3
112 4
113 0
113 1
113 2
113 3
113 4
113 112
114 0
114 3
114 4
114 5
114 6
114 7
114 11
115 0
115 3
115 4
115 7
116 3
117 0
117 1
117 3
117 4
117 5
117 6
118 0
118 10
119 0
119 4
119 5
119 31
120 0
120 1
120 3
120 4
120 15
120 18
121 2
121 3
121 6
121 7
121 17
121 78
122 3
122 7
122 17
122 48
122 107
123 0
123 1
123 3
123 4
123 15
124 7
124 8
124 42
124 54
125 2
125 3
125 5
125 8
125 95
126 0
126 1
126 3
126 15
126 18
127 1
127 2
127 3
127 6
127 15
127 47
128 0
128 1
129 0
129 1
129 2
129 5
129 63
130 1
130 2
130 4
130 5
130 6
130 7
131 1
131 2
131 20
132 0
132 1
132 4
132 5
132 15
132 31
133 1
133 3
133 4
133 5
133 6
134 0
134 2
134 3
134 6
134 7
135 2
135 17
135 48
135 80
136 0
136 2
136 3
136 4
136 15
136 27
137 0
137 2
137 3
137 4
137 5
137 6
137 7
137 8
138 0
138 7
138 21
139 0
139 1
139 2
139 3
139 4
139 5
139 6
139 7
139 65
139 68
140 0
140 1
140 3
140 4
140 5
140 53
141 0
141 1
141 4
141 15
141 120
142 0
142 2
142 5
142 6
142 7
143 1
143 2
143 3
143 6
143 15
143 47
143 57
144 1
144 2
144 3
144 6
144 47
144 127
145 0
145 1
145 2
145 3
145 5
145 8
146 0
146 2
146 3
146 18
146 27
147 2
147 3
147 6
147 7
147 17
147 78
148 1
148 3
148 4
148 5
148 6
148 7
149 2
149 4
149 6
149 7
149 8
149 17
150 1
150 3
150 4
150 6
150 8
150 9
151 0
151 1
151 2
151 3
151 4
151 5
151 6
151 7
151 65
152 0
152 1
152 3
152 4
152 5
152 6
152 7
152 65
153 2
153 3
153 5
153 6
153 41
154 0
154 4
155 1
155 3
155 4
155 5
156 0
156 1
156 3
156 4
156 6
156 7
156 8
156 42
157 0
157 1
157 3
157 6
158 2
158 3
158 6
158 7
158 17
158 78
159 0
159 1
159 2
159 3
159 4
159 5
159 6
159 7
159 65
159 139
160 0
160 1
160 3
160 4
160 5
160 6
160 11
161 0
161 1
161 2
162 5
162 8
162 95
163 0
163 1
163 2
163 3
163 4
163 5
163 6
163 26
164 1
164 3
164 4
164 6
164 7
164 8
164 42
164 156
165 1
165 2
165 6
165 15
165 47
165 57
166 0
166 2
166 3
166 5
166 8
166 145
167 0
167 1
167 2
167 3
167 4
167 5
167 53
168 0
168 1
168 3
168 53
169 2
169 7
170 0
170 1
170 2
170 3
170 4
170 5
170 6
170 7
171 7
171 17
171 48
171 80
171 82
171 98
172 0
172 1
172 3
172 4
173 0
173 3
173 4
173 123
174 0
174 1
174 4
174 7
174 26
175 0
175 4
176 4
176 5
176 31
177 0
177 2
177 6
177 7
178 0
178 3
178 6
178 7
178 8
178 9
179 1
179 4
179 6
179 8
180 0
180 1
180 2
180 5
180 6
180 7
180 21
181 0
181 3
181 4
181 6
181 114
182 0
182 3
182 4
182 5
183 0
183 1
183 3
183 4
184 0
184 2
184 5
184 6
184 7
184 142
185 1
185 4
185 5
185 117
186 0
186 2
186 3
186 6
186 7
186 9
186 36
187 3
187 4
187 6
187 7
187 26
187 79
188 2
188 3
188 6
188 7
188 17
189 0
189 1
189 2
189 5
189 53
190 1
190 2
190 3
190 64
191 0
191 3
191 5
191 6
191 7
192 0
192 5
192 6
192 7
193 7
193 17
193 107
194 0
194 3
194 4
194 5
194 6
194 11
195 1
195 2
195 4
195 26
196 0
196 1
196 3
196 4
196 5
196 6
196 7
196 170
197 0
197 1
197 2
197 3
197 4
197 6
198 0
198 3
198 4
198 15
199 0
199 1
199 4
199 5
199 6
199 11
200 1
200 2
200 4
200 19
200 61
201 3
201 6
201 7
201 17
201 78
202 0
202 1
202 2
202 5
202 6
202 7
202 21
202 180
203 0
203 1
203 3
203 4
203 5
203 6
204 0
204 4
205 0
205 3
205 4
205 183
206 2
206 4
206 6
206 8
206 66
207 0
207 4
207 6
207 114
207 181
208 0
208 1
208 2
208 4
208 53
208 167
209 1
209 2
209 3
209 6
209 47
209 57
210 60
211 2
211 3
211 7
211 17
211 48
211 80
212 3
212 19
213 0
213 1
213 3
213 4
213 5
213 6
213 7
213 65
213 159
214 0
214 3
214 4
214 15
214 198
215 3
215 4
215 6
215 7
215 8
215 42
216 1
216 3
216 4
216 18
216 27
217 0
217 1
217 3
217 5
217 6
217 15
218 1
218 2
218 3
218 4
218 19
219 5
219 6
219 23
219 28
219 37
220 0
220 1
220 6
221 2
221 3
221 8
221 145
221 166
222 0
222 3
222 18
222 27
222 74
223 3
223 4
223 15
224 0
224 4
224 198
224 214
225 0
225 2
225 3
225 6
225 7
225 134
226 7
226 8
226 17
226 110
227 1
227 2
227 4
227 19
228 1
228 4
228 5
228 7
228 26
228 30
228 104
229 0
229 1
229 3
229 5
230 0
230 1
230 4
230 5
230 6
230 7
230 26
230 30
231 1
231 2
231 4
231 5
231 7
232 2
232 3
232 6
232 47
232 127
232 144
233 0
233 3
233 4
233 14
233 109
234 3
234 5
234 6
234 7
234 191
235 4
236 3
236 4
236 5
236 7
236 8
236 17
237 5
237 6
238 0
238 1
238 4
238 6
238 7
238 8
238 42
239 2
239 3
239 7
239 17
239 48
240 3
240 4
240 15
240 198
241 7
241 8
241 17
242 7
242 17
242 48
242 80
242 82
242 98
242 171
243 0
243 1
243 4
243 6
243 7
243 26
243 30
243 230
244 0
244 5
244 6
244 7
244 108
245 1
245 4
245 19
245 227
246 0
246 3
246 6
246 7
246 8
246 178
247 3
247 6
247 7
248 0
248 2
248 5
248 106
249 3
249 4
249 5
249 6
249 7
249 75
250 1
250 2
250 4
250 7
251 2
251 6
251 7
251 17
251 78
251 147
252 0
252 2
252 5
252 6
252 7
252 92
253 1
253 2
253 4
253 5
253 6
253 7
253 130
254 0
254 1
254 2
254 4
254 5
254 53
255 0
255 6
255 8
255 9
255 178
256 0
256 4
256 154
257 1
257 6
257 15
257 47
257 57
257 143
258 0
258 3
258 4
258 15
258 198
259 0
259 1
259 2
259 5
260 0
260 5
260 6
260 7
260 86
261 0
261 4
262 0
262 3
262 4
262 6
262 7
262 159
262 213
263 3
263 7
263 17
263 48
263 80
264 0
264 1
264 3
264 6
264 203
265 0
265 1
265 2
265 3
265 53
266 3
266 7
266 17
266 78
267 0
267 2
267 3
267 6
267 7
267 134
268 0
268 8
268 9
268 178
268 255
269 0
269 4
269 6
269 11
269 199
270 0
270 2
270 3
270 6
270 7
270 8
270 36
271 0
271 1
271 2
271 3
271 53
272 0
272 1
272 2
272 5
272 6
272 26
273 0
273 2
273 15
273 31
273 83
274 0
274 1
274 2
274 3
274 4
274 5
274 6
274 7
274 65
274 139
275 0
275 1
275 5
275 6
275 160
276 0
276 3
276 4
277 0
277 3
277 4
277 5
277 6
277 44
278 0
278 3
278 18
278 74
278 222
279 3
279 7
279 17
280 0
280 1
280 3
280 4
280 5
281 0
281 4
281 7
282 1
282 2
282 3
282 15
282 18
282 64
283 2
283 3
283 5
283 6
284 0
284 1
284 2
284 3
284 4
284 5
284 6
284 7
284 65
285 0
285 1
285 4
285 6
285 7
285 66
286 2
286 4
286 6
286 8
286 66
287 1
287 2
287 4
287 5
287 6
287 130
288 0
288 1
288 5
288 6
288 7
289 3
289 4
289 6
289 7
289 8
289 42
289 156
289 164
290 7
290 8
290 42
290 54
291 1
291 2
291 4
291 5
291 6
291 26
292 4
292 15
292 258
293 0
293 3
293 4
293 5
293 6
293 194
294 1
294 2
294 4
294 5
294 6
294 7
294 65
295 6
295 9
296 2
296 7
296 17
296 48
296 80
296 82
297 0
297 3
297 5
297 6
297 7
297 65
297 152
298 0
298 1
298 2
298 3
298 4
298 5
299 3
299 4
299 15
299 198
300 2
300 4
300 6
300 8
300 17
300 149
301 0
301 3
301 5
301 280
302 0
302 1
302 2
302 4
302 53
302 167
302 208
303 4
303 5
303 6
303 7
303 148
304 2
304 3
304 5
304 7
304 29
305 3
305 4
305 5
305 155
306 1
306 4
306 5
306 130
306 287
307 2
307 4
307 15
308 0
308 2
308 3
308 4
308 15
308 27
308 136
309 0
309 1
309 5
309 6
309 7
309 230
310 0
310 7
310 21
310 138
311 3
311 7
311 17
311 48
311 80
311 263
312 0
312 1
312 2
312 4
313 0
313 10
313 118
314 0
314 1
314 2
314 3
314 5
314 8
315 2
315 3
315 5
315 7
316 0
316 3
316 4
316 5
316 53
316 140
317 0
317 1
317 2
317 4
317 5
317 6
317 15
318 0
318 1
318 2
318 3
318 5
318 6
318 65
318 68
319 0
319 1
319 3
319 6
319 203
319 264
320 2
320 3
320 4
321 1
321 2
321 89
322 0
322 1
322 3
322 4
322 15
322 18
322 120
323 0
323 1
323 2
323 3
324 0
324 3
324 4
324 5
324 6
324 7
324 8
325 0
325 1
325 3
325 4
325 5
325 6
326 6
326 7
326 17
326 78
327 0
327 1
327 7
328 0
328 1
328 3
328 4
328 5
328 6
328 7
329 0
329 1
329 3
329 4
329 6
329 8
329 42
329 156
330 0
330 3
330 6
330 8
330 178
331 1
331 5
331 6
331 7
331 65
331 68
332 1
332 5
332 53
332 254
333 0
333 3
333 4
333 5
334 3
334 15
334 198
335 0
335 2
335 3
335 4
335 5
335 6
336 0
336 1
336 2
336 5
336 7
336 21
336 180
337 4
337 7
337 44
338 2
338 3
338 5
338 6
338 41
338 153
339 0
339 1
339 4
339 6
339 7
339 9
339 55
340 0
340 2
340 3
340 8
340 145
341 0
341 3
341 4
341 6
341 7
341 11
342 3
342 4
342 7
342 8
342 17
342 95
343 0
343 3
343 4
343 7
343 55
343 93
344 0
344 1
344 2
344 4
345 0
345 3
346 4
346 6
346 8
346 42
346 156
346 329
347 0
347 1
347 2
347 323
348 1
348 2
348 3
348 47
348 57
349 1
349 2
349 4
349 5
349 7
350 0
350 31
350 119
351 0
351 2
351 7
351 142
351 184
352 1
352 2
352 5
352 7
353 4
353 227
354 1
354 2
354 4
354 5
354 6
354 130
355 2
355 3
355 6
355 7
355 8
355 17
356 0
356 1
356 4
356 7
356 9
357 3
357 4
357 15
358 0
358 3
358 5
358 6
358 11
359 1
359 168
360 2
360 6
360 188
361 0
361 1
361 2
361 3
361 5
361 6
361 9
362 0
362 1
362 5
362 6
362 7
362 288
363 3
363 6
363 47
363 127
363 144
363 232
364 5
364 6
364 23
364 28
364 37
364 219
365 0
365 1
365 2
365 3
365 4
365 5
365 6
365 7
365 65
365 68
365 139
366 2
366 7
366 17
366 147
367 0
367 3
367 4
367 5
367 53
368 2
368 15
369 3
369 17
369 48
369 263
370 3
370 18
370 216
371 0
371 1
371 2
371 3
371 4
371 5
371 6
371 7
372 2
372 6
372 17
372 78
373 0
373 1
373 3
373 6
373 157
374 1
374 3
374 5
374 6
374 7
375 4
376 3
376 4
376 15
376 299
377 0
377 1
377 2
377 3
377 5
377 6
378 0
378 3
378 5
378 6
378 7
378 11
379 0
379 1
379 2
379 3
379 4
379 5
379 6
379 7
379 65
379 139
380 0
380 1
380 3
380 8
380 145
381 3
381 7
381 17
381 48
381 80
382 0
382 2
382 6
382 7
382 142
383 0
383 2
383 3
383 4
383 5
383 6
383 62
384 0
384 3
384 4
384 5
384 6
384 7
385 4
385 15
385 258
385 292
386 0
386 5
386 6
386 7
386 11
386 378
387 2
387 188
388 0
388 1
388 3
388 4
388 5
389 2
389 17
390 0
390 1
390 2
390 3
390 4
390 5
390 6
390 7
390 65
390 139
391 0
391 1
391 7
392 3
392 6
392 7
392 187
393 0
393 1
393 2
393 3
393 6
393 15
394 0
394 2
394 3
394 6
394 7
394 65
394 284
395 1
395 3
395 4
396 7
396 107
396 193
397 0
397 4
397 5
397 7
397 8
398 0
398 4
398 6
398 42
399 0
399 1
399 3
399 5
399 6
399 15
400 2
400 3
400 6
400 17
400 78
400 121
401 2
401 3
401 6
401 47
401 57
401 209
402 0
402 2
402 6
402 7
402 8
403 4
403 6
403 7
403 26
403 104
404 0
404 2
404 4
404 5
404 15
405 0
405 2
405 5
405 6
405 7
405 92
406 0
406 3
406 4
406 6
406 7
406 8
407 2
407 5
407 6
407 41
407 153
407 338
408 3
408 18
408 370
409 0
409 1
409 2
409 6
409 26
410 0
410 1
410 3
410 4
410 6
410 11
410 160
411 1
411 2
411 5
411 6
411 130
412 0
412 2
412 4
412 5
412 6
412 7
412 139
412 274
413 2
413 4
413 8
413 66
413 286
414 0
414 1
414 2
415 0
415 1
415 2
415 3
415 4
415 5
415 6
415 7
415 8
416 2
416 7
416 48
416 239
417 1
417 2
417 15
417 18
417 64
417 282
418 1
418 2
418 3
418 5
418 6
418 68
419 0
419 3
419 5
420 0
420 31
420 119
421 3
421 5
421 7
421 191
421 234
422 1
422 2
422 3
422 53
423 0
423 2
423 3
423 4
423 6
423 7
423 65
423 68
423 139
424 7
424 17
424 48
424 80
424 82
424 171
425 0
425 7
425 21
426 0
426 2
426 5
426 56
427 0
427 1
427 3
428 0
428 1
428 4
428 5
428 15
428 18
429 3
429 7
429 48
429 80
429 263
429 311
430 3
430 4
430 5
430 7
430 8
430 17
430 236
431 1
431 6
431 203
432 0
432 3
432 6
432 9
433 0
433 1
433 2
433 3
433 4
433 112
434 2
434 7
434 17
434 48
434 80
434 82
435 4
435 7
435 11
435 114
436 0
436 1
436 2
436 4
436 5
437 2
437 6
437 7
437 17
437 121
438 0
438 4
438 5
438 6
438 15
439 4
439 6
439 7
439 26
439 79
439 187
440 0
440 3
440 5
440 6
440 324
441 0
441 3
441 5
441 280
441 301
442 1
442 2
442 3
442 19
443 1
443 3
443 4
443 5
443 280
444 7
444 26
444 79
444 187
444 439
445 0
445 3
445 4
445 6
445 7
445 406
446 0
446 1
446 3
446 5
446 6
446 15
447 0
447 1
447 2
447 3
447 5
447 6
447 9
447 361
448 1
448 6
448 23
448 81
449 3
449 7
449 191
449 234
449 421
450 0
450 1
450 2
451 3
451 7
451 17
452 0
452 1
452 3
452 4
452 6
452 7
452 8
452 42
453 4
454 0
454 2
454 5
454 7
454 92
455 0
455 4
455 6
455 199
455 269
456 0
456 2
456 3
456 53
456 271
457 2
457 3
457 6
457 17
457 78
458 1
458 2
458 3
458 15
458 18
458 64
458 282
459 0
459 4
459 5
459 7
459 8
460 0
460 1
460 3
460 4
460 5
460 388
461 0
461 3
461 4
461 123
461 173
462 5
462 23
462 37
462 219
463 0
463 2
463 6
463 7
463 142
463 184
464 6
464 7
464 17
464 78
465 1
465 2
465 3
466 3
466 4
466 136
467 0
467 1
467 2
467 3
467 4
467 5
467 7
467 65
467 139
467 159
468 0
468 1
468 3
468 4
468 5
469 3
469 4
469 6
469 7
469 406
469 445
470 0
470 1
470 7
470 21
471 4
471 7
471 8
471 42
471 54
472 0
472 1
472 3
472 4
472 35
473 0
473 3
473 4
473 6
473 7
473 406
474 6
474 7
474 17
474 78
474 147
474 251
475 0
475 2
475 7
475 142
475 184
476 1
476 2
476 3
476 6
476 47
476 209
477 1
477 3
477 6
477 47
477 57
477 209
478 0
478 2
478 4
478 5
478 6
478 62
479 1
479 5
479 7
480 0
480 1
480 2
480 4
480 6
480 7
480 8
481 17
481 48
481 98
482 2
482 3
482 6
482 47
482 57
482 209
483 0
483 1
483 3
483 4
483 5
483 6
483 7
483 26
484 0
484 1
484 6
484 26
484 30
484 230
484 243
485 0
485 3
485 4
485 182
486 2
486 3
486 5
486 8
486 95
487 0
487 1
487 4
487 5
487 15
488 0
488 2
488 4
488 5
488 6
488 7
488 8
488 137
489 0
489 3
489 4
489 140
489 316
490 1
490 4
490 117
491 1
491 2
491 3
491 6
491 15
491 47
491 57
492 2
492 6
492 7
492 17
492 121
493 3
493 6
493 47
493 57
493 209
493 477
494 0
494 2
494 5
494 6
494 142
494 184
495 2
495 7
495 17
495 78
495 147
495 251
496 3
496 17
497 2
497 3
497 4
497 5
497 6
497 7
498 5
498 41
498 153
499 0
499 1
499 2
499 3
499 53
500 1
500 2
500 3
500 4
500 5
500 6
501 3
501 4
501 5
501 7
501 8
501 17
501 236
501 430
502 0
502 3
502 4
502 5
502 7
502 8
502 324
503 1
503 6
503 15
503 143
503 257
504 0
504 2
504 6
504 7
504 142
504 184
505 2
505 3
505 15
505 18
505 282
506 7
506 42
506 54
507 2
507 6
507 17
507 48
507 101
508 0
508 1
508 2
508 3
508 4
508 5
508 6
508 7
508 108
509 0
509 3
509 4
510 0
510 1
510 2
510 3
510 4
510 5
510 6
510 7
511 3
511 4
511 5
511 155
512 5
512 6
512 23
512 37
512 219
512 364
513 0
513 2
513 3
513 18
513 27
514 1
514 2
514 4
514 6
514 7
515 1
515 3
515 4
515 6
515 7
515 8
515 156
515 164
516 1
516 3
516 427
517 2
517 6
517 15
517 47
517 57
517 165
518 0
518 3
518 4
518 5
518 6
518 7
518 170
518 196
519 1
519 2
519 3
519 4
519 5
519 6
519 7
519 65
519 139
519 390
520 0
520 2
520 4
520 6
520 7
520 274
520 412
521 7
521 17
521 48
521 80
521 82
521 98
521 171
521 242
522 1
522 2
522 3
522 15
522 47
523 0
523 1
523 2
523 4
523 5
523 6
523 7
524 4
524 6
524 187
524 439
525 0
525 6
525 26
525 30
525 230
525 484
526 3
526 4
526 472
527 3
527 4
527 15
527 198
527 240
528 2
528 56
528 426
529 2
529 3
529 4
529 5
529 6
529 7
530 2
530 3
530 6
530 17
530 78
530 121
530 400
531 3
531 6
531 247
532 0
532 1
532 4
532 5
533 0
533 4
533 5
533 6
534 0
534 2
534 3
534 4
534 5
534 6
534 62
534 383
535 0
535 1
535 4
535 6
535 7
535 55
535 339
536 0
536 1
536 2
536 3
536 4
536 5
536 53
537 4
537 5
537 31
537 49
538 7
538 17
538 48
538 82
538 98
538 171
539 0
539 1
540 2
540 7
540 17
540 95
541 0
541 1
541 26
541 30
541 230
541 243
541 484
542 3
542 5
542 6
542 41
542 153
543 0
543 4
543 6
543 11
543 199
543 269
544 0
544 1
544 3
544 4
544 5
544 6
544 68
545 0
545 5
545 6
545 11
546 7
546 17
546 48
546 80
546 263
547 0
547 1
547 2
547 3
547 15
547 18
547 27
548 3
548 4
548 5
548 155
548 511
549 0
549 1
549 3
549 4
549 5
549 6
549 7
549 328
550 3
550 5
550 6
550 7
550 8
551 6
551 17
551 78
551 147
551 251
551 474
552 7
552 107
552 193
552 396
553 1
553 2
553 3
553 67
553 73
554 0
554 1
554 3
554 53
554 499
555 3
555 4
555 6
555 7
555 79
556 0
556 1
556 3
556 4
556 5
556 53
556 140
557 0
557 2
557 3
557 6
558 0
558 2
558 3
558 6
558 7
558 65
558 284
559 2
559 3
559 6
559 7
559 9
560 2
560 3
560 6
560 47
560 144
560 232
561 0
561 2
561 3
561 6
561 7
561 267
562 0
562 1
562 3
562 4
562 5
562 6
562 7
562 483
563 7
563 8
563 17
563 241
564 7
564 17
564 48
565 0
565 1
565 2
565 3
565 53
565 499
566 1
566 3
566 4
566 6
566 7
566 8
566 42
566 156
567 1
567 2
567 3
567 47
567 57
567 143
568 2
568 6
568 17
568 48
568 101
568 507
569 1
569 2
569 5
569 6
569 7
569 65
569 390
569 519
570 1
570 3
570 67
570 73
570 553
571 0
571 2
571 6
571 134
571 267
572 7
572 17
572 78
572 251
572 474
573 3
573 7
573 191
573 234
573 421
574 3
574 5
574 155
575 1
575 2
575 3
575 6
575 7
575 65
575 139
576 0
576 2
576 3
576 15
576 27
576 136
577 1
577 4
577 7
577 42
577 156
577 566
578 0
578 1
578 3
578 4
578 5
578 468
579 0
579 1
579 3
579 5
579 6
579 117
580 2
580 6
580 78
580 121
580 400
581 3
581 4
581 6
581 7
581 8
581 42
582 0
582 3
582 4
582 5
582 6
582 79
583 3
583 4
583 5
583 6
583 7
583 17
584 0
584 1
584 2
584 436
585 3
585 5
585 6
585 7
585 378
586 0
586 1
586 2
586 4
586 344
587 3
587 4
587 6
587 7
587 8
587 42
588 0
588 1
588 3
588 5
588 388
589 3
589 4
589 5
589 7
589 8
589 324
589 502
590 0
590 1
590 2
590 3
590 4
590 5
590 6
590 7
590 65
591 1
591 3
591 4
591 5
591 6
591 7
591 65
591 68
592 7
592 80
592 82
592 171
593 1
593 3
593 4
593 5
593 578
594 1
594 4
594 5
594 231
595 1
595 2
595 3
595 4
595 5
595 6
595 7
595 139
595 519
596 0
596 4
596 7
597 0
597 3
597 4
597 8
597 324
597 502
598 1
598 3
598 4
598 35
599 3
599 14
599 109
600 0
600 1
600 2
600 3
600 4
600 5
600 6
600 7
600 108
601 5
601 6
601 23
601 28
601 37
601 219
601 364
602 0
602 2
602 6
602 7
602 284
602 558
603 1
603 3
603 67
603 73
603 553
604 1
604 2
604 3
604 4
604 6
604 7
605 3
605 5
605 7
605 8
605 17
605 236
606 1
606 3
606 6
606 7
607 2
607 7
607 17
607 78
607 147
607 251
607 495
608 0
608 1
608 2
608 3
608 4
608 5
608 167
609 3
609 4
609 5
609 6
609 7
609 75
610 1
610 2
610 6
610 7
611 0
611 1
611 5
611 6
611 15
611 446
612 3
612 4
612 7
612 17
612 95
612 342
613 5
613 49
613 537
614 2
614 3
614 47
614 127
615 3
615 4
615 5
615 7
615 8
615 17
615 236
616 1
616 2
616 4
616 19
616 61
617 0
617 2
617 106
617 248
618 2
618 3
618 6
618 47
618 57
619 0
619 2
619 4
619 6
620 1
620 2
620 3
620 67
620 73
621 4
621 6
621 8
621 66
621 206
622 0
622 1
622 2
622 3
622 5
622 6
623 4
623 8
623 42
623 156
623 329
623 346
624 2
625 0
625 1
625 2
625 3
625 4
625 5
625 6
625 7
625 65
625 151
626 0
626 2
626 6
626 7
626 142
626 184
626 463
627 1
627 2
627 4
627 5
627 6
627 7
627 130
627 253
628 1
628 2
628 4
629 2
629 7
629 17
629 147
629 366
630 1
630 3
630 6
630 7
630 604
631 0
631 1
631 2
631 3
631 4
631 5
631 6
631 7
631 108
631 600
632 2
632 4
632 5
632 7
632 65
632 294
633 0
633 1
633 4
633 15
633 120
634 3
634 4
634 6
634 79
634 582
635 3
635 4
635 5
635 7
635 8
635 17
635 236
635 430
635 501
636 0
636 4
637 1
637 3
637 5
637 6
637 7
637 148
638 0
638 1
638 2
638 3
638 4
638 6
638 7
638 65
639 0
639 1
639 2
639 3
639 4
639 15
639 18
639 27
640 0
640 1
641 1
641 3
641 19
641 67
642 1
642 2
642 19
643 0
643 1
643 2
643 6
644 3
644 4
644 6
644 17
644 583
645 1
645 4
645 5
645 51
646 0
646 6
646 7
647 2
647 4
647 19
647 616
648 1
648 2
648 15
648 18
648 64
648 282
649 1
649 4
649 5
649 117
649 185
650 0
650 6
650 26
650 30
650 230
650 484
650 525
651 4
651 187
651 524
652 0
652 3
652 4
652 6
652 11
652 160
653 6
653 7
653 17
653 78
654 1
654 2
654 5
654 7
654 352
655 0
655 3
655 4
655 6
655 7
656 3
656 7
656 234
656 421
656 573
657 3
657 4
657 5
657 8
657 17
657 236
657 430
657 501
658 0
658 1
658 2
658 20
659 0
659 1
659 2
659 4
660 2
660 6
660 188
661 0
661 1
661 3
661 4
661 5
661 6
661 15
662 4
662 8
662 42
662 54
663 0
663 3
663 5
663 6
663 8
663 25
664 1
664 3
664 67
664 641
665 3
665 4
665 5
665 8
665 17
666 0
666 2
666 53
666 271
666 456
667 2
667 4
667 7
667 21
668 6
668 7
668 184
669 0
669 3
669 6
669 267
669 561
670 0
670 3
670 4
670 5
670 6
670 7
670 26
671 4
671 317
672 0
672 1
672 5
672 6
672 7
672 230
672 309
673 3
673 6
673 44
674 0
674 2
674 4
674 5
674 6
674 7
674 139
674 274
674 412
675 0
675 3
675 4
675 5
675 7
676 1
676 6
676 7
676 390
676 569
677 3
677 18
677 216
678 2
678 21
678 667
679 0
679 1
679 2
679 3
679 5
679 15
680 3
680 5
680 280
680 301
680 441
681 1
681 2
681 18
681 547
682 0
682 4
682 6
682 11
682 199
683 1
683 3
683 8
683 145
683 380
684 0
684 1
684 3
684 4
684 6
684 8
684 42
684 156
684 329
685 1
685 2
685 4
685 5
685 6
685 7
685 130
686 3
686 5
686 7
686 8
686 17
686 236
686 605
687 0
687 1
687 2
687 4
687 5
687 298
688 2
688 667
688 678
689 0
689 6
689 7
690 0
690 1
690 2
690 3
690 4
690 7
690 65
690 638
691 1
691 2
691 6
691 409
692 0
692 2
692 5
692 7
692 21
692 180
692 336
693 0
693 2
693 4
693 6
693 8
693 42
694 3
694 5
694 6
694 8
695 1
695 6
696 1
696 4
696 5
696 185
697 1
697 5
697 6
697 68
698 4
698 256
699 0
699 1
699 3
699 4
699 5
699 661
700 2
700 3
700 6
700 15
700 47
700 57
701 1
701 2
701 4
702 0
702 1
702 3
702 4
702 5
702 6
702 7
702 65
702 139
703 1
703 3
703 73
703 553
703 603
704 2
704 3
704 7
704 17
704 48
704 80
705 0
705 1
705 5
705 259
706 0
706 1
706 4
707 1
707 4
707 5
707 6
708 0
708 1
708 2
708 3
708 27
709 1
709 2
709 3
709 6
709 7
709 65
710 0
710 3
710 4
710 5
710 53
710 367
711 0
711 1
711 5
711 259
712 5
712 6
712 7
712 192
713 0
713 4
713 6
713 199
714 2
714 4
714 6
714 7
714 8
714 17
715 2
715 7
715 284
715 558
715 602
716 0
716 4
716 5
716 333
717 0
717 3
717 6
717 7
717 8
717 9
717 178
718 0
718 1
718 2
718 4
718 15
718 18
719 3
719 47
719 209
719 477
719 493
720 2
720 4
720 5
720 6
720 7
720 139
720 274
721 0
721 2
721 456
721 666
722 6
722 187
722 439
722 524
723 0
723 1
723 3
723 4
723 5
723 6
723 65
723 151
724 1
724 2
724 5
724 6
724 7
724 21
724 180
724 202
725 2
725 6
725 17
725 355
726 0
726 3
726 4
726 6
726 7
726 159
726 213
727 0
727 1
727 3
727 4
727 5
727 7
728 1
728 20
729 0
729 1
729 6
729 23
729 28
730 0
730 1
730 6
730 157
730 373
731 0
731 2
731 4
731 5
731 6
732 0
732 2
732 3
732 5
732 6
732 9
732 447
733 1
733 2
733 4
733 5
733 6
733 7
733 130
733 253
734 0
734 1
734 4
734 15
734 18
735 0
735 4
735 7
735 26
735 174
736 0
736 2
736 5
736 7
736 180
736 336
736 692
737 1
737 5
737 6
737 7
737 26
737 52
738 0
738 1
738 2
739 0
739 1
739 3
739 4
739 6
739 42
739 156
740 0
740 1
740 2
740 4
740 6
740 7
740 8
740 42
741 0
741 1
741 2
741 3
741 4
741 5
741 6
741 94
742 6
742 127
742 144
742 232
742 363
743 0
743 1
743 2
743 3
743 4
743 5
743 53
743 167
744 0
744 3
744 4
744 182
745 1
745 2
745 4
745 5
745 53
745 536
746 2
746 368
747 0
747 1
747 23
747 28
747 729
748 0
748 1
748 2
748 3
748 5
749 0
749 1
749 3
749 5
749 6
749 7
750 0
750 3
750 4
750 6
750 11
750 160
751 8
751 9
751 178
751 255
752 6
752 7
752 17
752 78
753 3
753 7
753 191
753 234
753 421
754 2
754 7
754 17
754 95
755 0
755 1
755 2
755 3
755 4
755 5
755 6
755 7
755 65
755 139
756 3
756 17
756 48
756 704
757 1
757 3
757 4
757 5
757 6
757 133
758 0
758 3
758 4
758 8
758 324
758 502
759 0
759 4
759 6
759 7
759 8
760 7
760 17
760 48
760 98
760 171
760 242
761 3
761 17
761 48
761 756
762 0
762 2
762 6
762 7
762 142
763 0
763 1
763 3
763 4
763 58
764 1
764 2
764 3
764 4
764 15
764 18
765 2
765 3
765 5
766 2
766 3
766 6
766 47
766 209
767 7
767 17
767 80
768 0
768 1
768 3
768 6
768 399
769 2
769 7
769 284
769 558
769 602
770 0
770 6
771 2
771 3
771 6
771 47
771 209
771 401
772 0
772 3
772 6
773 1
773 2
773 5
773 6
773 7
773 21
773 180
773 202
774 0
774 4
774 5
774 6
774 7
774 11
774 114
775 0
775 2
775 5
775 31
776 0
776 2
776 31
777 0
777 3
777 205
778 0
778 2
778 5
778 7
778 92
779 3
779 4
779 5
779 6
779 17
779 583
780 2
780 3
780 6
780 47
780 57
780 209
781 0
781 1
781 4
781 5
781 6
781 7
781 371
782 7
782 17
782 263
783 2
783 3
783 7
783 284
783 558
784 0
784 4
784 6
784 181
784 207
785 0
785 2
785 3
785 6
786 0
786 1
786 3
786 5
786 6
786 15
786 399
787 0
787 3
787 4
787 6
787 7
787 8
787 406
788 3
788 234
788 421
788 573
788 656
789 0
789 1
789 2
789 3
789 5
789 53
789 167
789 743
790 210
791 3
791 4
791 5
791 7
791 8
791 17
791 95
792 0
792 1
792 2
792 15
792 18
793 2
793 6
793 7
793 92
793 252
794 1
794 2
794 3
794 67
794 73
795 3
795 6
795 7
795 8
795 42
795 587
796 0
796 4
796 6
796 8
796 42
796 156
797 0
797 1
797 3
798 2
798 4
798 5
798 6
798 7
798 139
799 0
799 1
799 4
799 7
799 9
799 356
800 3
800 4
800 6
800 7
800 8
800 42
801 198
801 299
802 1
802 2
802 3
802 4
802 5
802 6
802 7
802 139
802 519
803 0
803 3
803 5
803 6
803 15
803 446
804 0
804 2
804 3
804 4
804 5
804 6
805 0
805 6
805 157
806 0
806 5
806 6
806 7
806 230
806 309
807 4
807 40
808 0
808 4
808 49
808 96
809 0
809 1
809 5
809 6
809 26
809 30
810 0
810 1
810 4
810 15
810 141
811 1
811 2
811 3
811 4
811 5
811 500
812 1
812 3
812 47
812 57
812 143
812 567
813 1
813 3
813 15
813 47
813 57
813 491
814 0
814 2
814 4
814 6
814 7
814 68
814 423
815 1
815 2
815 3
815 47
815 127
816 6
816 7
817 3
817 47
817 127
817 144
817 232
818 5
818 6
818 192
818 712
819 6
819 127
819 232
819 742
820 4
820 6
820 17
820 644
821 0
821 2
821 3
821 4
821 6
821 7
821 65
821 151
822 3
822 5
822 6
822 324
822 440
823 0
823 53
823 271
823 456
824 1
824 2
824 3
824 4
824 5
824 6
824 7
824 65
824 390
824 519
825 17
825 78
825 251
825 474
826 0
826 3
826 5
826 6
826 7
827 0
827 2
827 3
827 4
827 5
827 6
827 335
828 0
828 3
828 4
828 5
828 661
829 0
829 3
829 6
829 8
829 178
830 0
830 1
830 2
830 6
830 7
830 108
830 631
831 1
831 2
831 4
831 6
831 7
831 740
832 3
832 7
832 48
832 80
832 263
832 311
832 429
833 1
833 3
833 4
833 6
833 7
833 8
833 156
833 164
833 515
834 1
834 2
834 3
834 19
834 73
835 1
835 12
836 0
836 2
836 3
836 18
836 27
836 74
837 3
837 19
837 212
838 0
838 3
838 4
838 5
838 6
838 7
838 26
838 79
839 0
839 1
839 2
839 15
839 679
840 0
840 3
840 4
840 5
840 6
840 7
840 170
840 196
840 518
841 2
841 4
841 6
841 7
841 139
842 0
842 1
842 2
842 3
842 4
842 5
842 6
843 1
843 4
843 15
843 810
844 1
844 3
844 4
844 5
844 578
844 593
845 2
845 53
845 536
846 0
846 2
846 5
846 6
846 7
846 92
846 405
847 3
847 7
847 48
847 80
847 429
848 2
848 3
848 47
848 127
848 144
849 0
849 1
849 3
849 6
850 3
850 6
850 445
851 3
851 5
851 280
852 2
852 3
852 4
852 5
852 53
853 4
853 7
853 236
853 430
853 501
853 635
854 0
854 1
854 2
854 15
854 18
854 27
855 3
855 4
855 6
855 7
855 609
856 0
856 2
856 6
856 184
856 463
857 0
857 2
857 5
857 7
857 180
857 336
857 692
858 3
858 5
858 280
858 441
859 0
859 2
859 3
859 4
859 112
859 113
860 0
861 2
861 3
861 4
861 5
861 6
861 139
861 519
862 3
862 73
862 603
863 2
863 3
863 15
863 47
863 57
864 0
864 1
864 4
864 6
864 7
864 26
864 483
865 2
865 142
865 382
866 0
866 1
866 7
866 9
868 4
868 7
868 26
868 174
868 735
869 0
869 5
869 31
869 119
870 0
870 2
870 7
870 21
870 180
872 0
872 3
872 4
872 6
872 7
872 406
872 473
873 4
873 8
873 324
873 502
873 758
874 0
874 1
874 2
874 3
874 4
874 6
874 197
875 0
875 2
875 3
875 6
875 7
875 9
875 36
876 1
876 2
876 4
876 5
876 6
876 7
876 130
877 0
877 2
877 3
877 5
877 6
877 7
877 86
878 1
878 6
878 15
878 143
878 257
879 0
879 2
879 3
879 6
879 65
879 284
879 394
880 0
880 5
880 6
880 7
880 11
880 114
880 774
881 2
881 3
881 18
881 27
881 74
882 0
882 3
882 4
882 5
882 6
882 7
882 79
883 0
883 3
883 9
884 0
884 2
884 3
884 4
885 0
885 1
885 3
885 4
885 5
885 6
885 7
885 328
886 1
886 168
886 359
887 0
887 1
887 2
887 3
887 5
887 6
887 622
888 4
888 5
888 31
888 49
889 0
889 4
889 5
889 6
890 3
890 4
890 17
890 644
891 3
891 6
891 7
891 26
891 79
891 187
892 0
892 3
892 4
892 6
892 7
892 11
893 5
893 6
893 7
893 712
894 0
894 3
894 4
894 5
894 7
894 75
895 1
895 2
895 4
895 7
895 231
896 0
896 1
896 5
896 6
896 30
896 809
897 0
897 2
897 3
897 4
897 5
897 6
897 827
898 0
898 31
898 119
899 0
899 1
899 5
899 160
900 1
900 2
900 3
900 19
900 61
901 0
901 1
901 3
901 4
901 6
901 7
901 885
902 3
902 4
902 7
902 8
902 17
902 236
902 615
903 3
903 234
903 421
903 573
903 656
903 788
904 0
904 1
904 2
904 3
904 63
905 1
905 2
905 6
905 7
905 65
905 519
905 569
906 1
906 2
906 3
906 19
906 442
907 0
907 4
907 5
907 6
908 2
908 3
908 6
908 47
908 127
908 144
909 1
909 4
909 5
909 11
910 0
910 1
910 3
910 4
910 172
911 0
911 1
911 2
912 3
912 283
913 8
913 42
913 156
913 329
913 346
914 7
914 17
914 98
914 171
915 0
915 1
915 3
915 4
915 5
915 6
915 7
915 371
916 8
916 42
916 156
916 329
916 346
916 913
917 0
917 1
917 3
917 4
917 5
917 6
917 15
917 661
918 0
918 2
918 4
918 6
918 7
918 412
918 520
919 0
919 9
919 178
919 255
919 268
920 0
920 1
920 4
920 5
920 7
920 65
920 151
920 625
921 2
921 17
921 78
921 457
922 3
922 7
922 48
922 80
922 263
922 311
923 0
923 2
923 6
923 7
923 8
923 402
924 2
924 47
924 127
924 144
924 232
925 0
925 1
925 2
925 5
925 6
925 26
925 272
926 1
926 4
926 19
927 1
927 2
927 3
927 5
927 6
927 7
927 65
927 68
927 72
928 4
928 6
928 8
928 42
928 329
928 346
929 0
929 1
929 2
929 5
929 6
930 3
930 19
930 212
931 1
931 6
931 8
931 42
931 329
932 1
932 2
932 3
932 4
932 5
932 6
932 7
932 65
932 390
932 519
932 824
933 0
933 2
933 5
933 102
934 1
934 2
934 3
934 4
934 5
934 65
934 68
935 4
935 5
935 6
935 139
935 861
936 3
936 14
936 109
937 1
937 6
937 15
937 143
937 257
938 3
938 5
939 3
939 5
939 7
939 378
939 585
940 0
940 3
940 5
940 6
940 7
940 8
940 25
940 45
941 1
941 3
941 6
941 7
941 604
942 2
942 3
942 7
942 558
943 0
943 1
943 3
943 58
943 763
944 0
944 3
944 6
944 170
944 196
944 518
945 0
945 134
945 267
946 0
946 1
946 4
946 6
946 7
946 8
946 42
947 1
947 5
947 7
947 26
947 30
947 104
947 228
948 7
948 107
948 193
948 552
949 0
949 6
949 7
949 92
950 0
950 3
950 5
950 419
951 4
951 5
951 7
951 8
951 791
952 5
952 95
953 2
953 6
953 8
953 9
953 36
953 70
954 4
954 5
955 0
955 4
955 5
955 6
955 26
955 30
956 0
956 1
956 2
956 3
956 4
956 7
956 139
956 467
957 2
957 5
957 6
957 7
957 65
957 151
957 625
958 0
958 1
958 2
958 4
958 7
958 65
958 638
959 1
959 5
959 6
959 30
959 809
959 896
960 2
960 5
960 6
960 41
960 153
960 338
961 0
961 3
961 6
961 7
961 65
961 284
962 3
962 17
962 644
963 0
963 1
963 2
963 3
963 5
963 6
963 622
963 887
964 0
964 5
964 6
964 23
964 28
965 0
965 3
965 196
966 0
966 1
966 2
966 3
966 4
966 5
966 6
966 7
966 65
966 151
966 625
967 0
967 1
967 2
967 4
967 65
967 638
967 958
968 0
968 3
968 4
968 6
968 7
968 8
968 406
969 5
969 17
969 236
970 1
970 4
970 5
970 130
970 287
971 0
971 1
971 15
971 18
972 3
972 7
972 17
972 78
973 0
973 1
973 3
973 4
973 183
974 0
974 1
974 2
974 5
974 6
974 9
974 361
975 321
976 2
976 5
976 6
976 41
976 153
977 0
977 1
977 2
977 3
977 4
977 5
977 6
977 108
977 600
977 631
978 3
978 4
978 6
978 7
978 75
978 249
979 1
979 3
979 4
979 5
979 6
979 7
979 196
980 3
980 7
980 17
980 48
981 0
981 1
981 2
981 3
981 4
981 5
981 6
981 7
981 65
981 151
981 625
981 966
982 0
982 1
982 3
982 6
982 157
983 1
983 3
983 4
983 578
983 593
984 1
984 2
984 15
984 18
984 64
984 282
985 1
985 2
985 4
985 15
985 31
986 1
986 2
986 4
986 312
987 235
988 2
988 3
988 47
988 57
988 209
989 1
989 3
989 15
989 18
989 64
989 282
990 0
990 1
990 2
990 4
990 53
990 167
990 208
990 302
991 0
991 1
991 3
991 4
991 388
992 1
992 2
992 3
992 6
992 47
993 1
993 2
993 4
993 6
993 7
993 740
994 987
995 1
995 4
995 5
995 6
995 68
995 139
996 2
996 3
996 4
996 5
996 53
996 852
997 0
997 1
997 5
997 388
998 2
998 144
998 232
998 924
999 0
999 1
999 2
999 344
999 586
