1 0
2 0
2 1
3 0
3 1
3 2
4 0
4 1
4 2
4 3
5 0
5 1
5 2
5 3
5 4
6 0
6 1
6 2
6 3
6 4
6 5
7 0
7 1
7 2
7 3
7 4
7 5
7 6
8 0
8 1
8 2
8 3
8 4
8 5
8 6
8 7
9 0
9 1
9 2
9 3
9 4
9 5
9 6
9 7
9 8
10 0
10 1
10 2
10 3
11 1
11 2
11 3
11 4
11 5
11 6
12 0
12 2
12 3
12 4
12 6
12 7
12 8
12 9
13 0
13 1
13 4
15 0
15 1
15 2
15 3
15 4
15 5
15 6
16 2
16 3
17 1
17 2
17 3
17 5
17 6
18 0
18 1
19 0
19 1
19 2
19 3
19 4
19 5
19 6
20 0
20 1
20 2
20 4
20 5
20 6
21 0
21 1
21 3
21 4
21 5
21 6
22 0
22 1
22 2
22 3
22 4
22 5
22 6
22 7
22 8
23 0
23 2
23 3
23 4
23 7
23 8
23 9
24 1
24 2
24 3
24 5
24 6
25 0
25 1
26 0
26 4
26 7
26 8
26 9
26 23
27 1
27 2
27 5
27 6
28 0
28 1
28 2
28 4
28 5
28 6
28 20
29 3
29 16
30 0
30 4
30 7
30 8
30 9
30 23
31 1
31 4
31 5
31 6
32 1
32 2
33 0
33 1
33 2
33 3
33 4
33 5
33 6
33 7
33 8
33 9
34 0
34 1
34 2
34 3
34 4
34 5
34 6
34 7
34 8
35 1
35 2
35 3
35 5
35 6
35 24
36 4
36 5
36 6
37 0
37 2
37 3
37 4
37 6
37 7
37 8
37 9
37 12
38 0
38 3
38 4
39 0
39 2
39 4
39 8
39 9
40 0
40 4
40 5
40 6
41 0
41 1
41 2
41 3
41 4
41 5
41 6
41 7
41 8
41 9
41 33
42 1
42 2
42 3
42 4
42 5
42 6
42 11
43 0
43 1
43 3
43 4
43 5
43 6
43 7
44 0
44 1
44 2
44 4
44 5
44 7
44 8
45 0
45 1
45 2
45 3
45 4
45 5
45 6
45 7
45 8
45 9
45 33
46 0
46 1
46 3
46 4
46 5
46 6
47 0
47 3
47 4
47 7
47 8
47 9
47 12
48 0
48 1
48 4
48 13
49 0
49 1
49 2
49 3
49 5
49 7
49 8
49 9
49 33
50 0
50 1
50 3
50 4
50 5
50 6
51 0
51 1
51 4
51 5
51 6
51 7
52 0
52 1
53 1
53 2
53 3
53 5
53 6
53 7
53 8
53 9
53 33
54 2
55 0
55 1
55 2
55 3
55 4
55 5
55 7
55 8
57 3
57 4
57 5
57 6
58 0
58 1
58 2
58 3
58 4
58 5
58 6
58 7
59 0
60 0
60 1
60 3
60 4
60 5
60 6
61 0
61 1
61 2
61 3
61 6
62 0
62 1
62 2
62 3
63 0
63 1
63 2
63 3
63 5
63 7
63 9
63 33
64 0
64 4
64 7
64 8
64 9
64 23
65 0
65 1
65 2
65 10
66 0
66 3
66 4
66 6
67 0
67 1
67 2
67 4
67 5
67 6
67 20
68 0
68 1
68 3
68 4
68 5
68 6
68 7
68 8
69 0
69 2
69 3
69 4
69 7
69 8
69 9
70 0
70 1
70 2
70 3
70 5
70 7
70 8
70 33
71 1
71 5
71 6
71 20
72 0
72 1
72 13
73 0
73 3
73 4
73 38
74 1
74 2
74 3
74 4
74 5
74 6
74 7
74 8
74 9
74 33
75 1
75 2
75 3
75 5
75 6
76 0
76 25
77 0
77 1
77 2
77 5
77 6
77 20
78 0
78 2
78 4
78 7
78 8
78 9
79 0
79 1
79 2
79 3
79 4
79 5
79 6
80 0
80 1
80 2
80 3
80 5
80 9
80 33
81 0
81 1
81 2
81 3
81 4
81 5
81 6
81 7
81 8
82 0
82 1
82 2
82 4
82 5
82 6
82 7
82 9
82 33
83 0
83 2
83 4
83 7
83 8
83 9
84 2
84 3
84 7
84 8
84 9
84 69
85 0
85 1
85 3
85 4
85 5
85 6
85 7
85 8
85 81
86 0
86 1
86 2
86 3
86 4
86 5
86 6
86 7
86 8
86 9
87 0
87 1
87 2
87 3
87 4
87 5
87 6
87 8
88 0
88 1
88 2
88 3
88 4
88 5
89 2
89 3
89 4
89 5
89 6
89 7
89 8
90 1
90 2
90 4
90 6
90 20
91 0
91 1
91 2
91 3
91 5
91 33
92 0
92 1
92 2
92 4
92 5
92 6
93 0
93 2
93 3
93 4
93 6
93 7
93 8
93 12
94 3
95 0
95 2
95 3
95 8
95 9
95 23
96 2
96 3
96 5
96 6
96 75
97 0
97 2
97 3
97 4
97 6
97 7
97 8
97 9
97 12
98 0
98 1
98 2
98 3
98 4
98 5
98 7
98 8
99 0
99 1
99 52
100 3
100 4
100 5
100 6
101 0
101 1
101 2
101 3
101 4
101 5
102 0
102 1
102 2
102 3
102 4
102 5
102 6
103 1
103 3
103 5
103 11
104 0
104 1
104 2
104 3
104 4
104 5
104 6
104 7
104 8
104 81
105 0
105 1
105 2
105 3
105 4
105 5
105 6
105 7
105 8
106 3
107 0
107 1
107 2
107 3
107 5
107 33
107 91
108 0
108 1
108 5
108 92
109 1
109 4
109 5
109 6
109 60
110 1
110 2
110 3
110 4
110 5
110 6
110 7
111 0
111 1
111 3
111 4
111 5
112 1
112 5
112 20
112 71
113 2
113 4
113 7
113 9
114 0
114 2
114 4
114 7
114 8
114 9
114 78
115 1
115 2
115 4
115 20
115 90
116 0
116 3
116 5
116 6
117 2
117 3
117 4
117 6
117 7
117 8
118 1
118 2
118 5
118 6
118 20
119 0
119 2
119 4
119 5
119 6
119 20
119 28
120 3
121 0
121 1
121 3
121 4
121 5
121 6
121 7
122 0
122 2
122 3
122 4
122 7
122 8
122 9
123 1
123 2
123 3
123 4
123 5
123 7
123 8
123 9
123 33
124 0
124 2
124 3
124 6
124 7
124 8
124 9
125 1
125 2
125 3
125 4
125 5
125 6
125 7
125 33
125 74
126 0
126 2
126 4
126 8
126 9
126 83
127 0
127 3
127 4
127 5
127 8
128 1
128 2
128 3
128 5
129 0
129 1
129 3
129 5
129 33
130 0
130 1
130 2
130 5
130 6
131 0
131 1
131 2
132 0
132 1
132 3
132 5
132 33
133 3
133 4
133 5
133 6
133 100
134 0
134 2
134 3
134 4
134 6
134 7
134 8
134 9
135 0
135 3
135 4
135 5
135 6
135 7
136 0
136 1
136 5
136 6
136 20
137 0
137 1
137 2
137 3
137 10
138 0
138 1
138 2
138 5
138 6
138 20
139 3
139 4
140 0
140 1
140 2
140 3
140 33
141 1
141 2
141 3
141 5
141 6
142 1
142 2
142 3
142 137
143 0
143 2
143 3
143 4
143 5
143 6
143 7
143 8
144 1
144 3
144 6
145 0
145 1
145 2
145 3
145 4
145 5
146 2
146 5
146 6
147 0
147 2
147 3
147 5
147 7
147 8
147 33
148 0
148 2
148 4
148 7
148 8
148 9
148 78
149 0
149 2
149 3
149 6
149 7
149 8
149 9
150 2
150 4
150 5
150 6
150 11
151 1
151 2
151 5
151 6
151 7
151 58
152 0
152 1
152 3
152 4
152 5
152 6
152 7
153 0
153 2
153 3
153 4
153 6
153 7
153 12
153 93
154 0
154 1
154 3
154 4
154 5
154 6
154 7
155 1
155 2
155 3
155 4
155 5
155 6
155 7
155 8
156 1
156 3
156 5
157 0
157 1
157 2
157 5
157 6
158 1
158 4
158 13
159 0
159 1
159 3
159 4
159 5
159 7
160 0
160 1
160 3
160 5
160 6
160 50
161 0
161 1
161 4
161 6
161 7
161 43
162 0
162 1
162 2
162 4
162 5
162 6
162 7
162 8
163 3
163 4
163 5
163 6
163 7
164 3
164 4
165 0
165 2
165 3
165 4
165 5
165 145
166 0
166 2
166 3
166 4
166 6
166 7
166 8
166 9
167 0
167 2
167 3
167 4
167 5
167 6
167 102
168 0
168 1
168 2
168 3
168 4
168 5
168 6
168 7
168 8
169 0
169 2
169 3
169 4
169 6
169 7
169 9
170 0
170 2
170 4
170 5
170 6
170 7
170 8
171 0
171 2
171 4
171 7
171 8
171 9
172 2
172 5
172 6
172 20
173 0
173 1
173 2
173 4
173 5
173 6
173 20
174 2
174 3
174 6
174 7
174 8
175 1
175 5
175 20
175 71
175 112
176 1
176 2
176 6
176 17
177 0
177 1
177 2
177 3
177 5
177 6
177 7
177 8
177 9
177 33
178 1
178 4
178 6
178 7
179 0
179 3
179 62
180 0
180 1
180 5
180 6
180 20
181 0
181 2
181 7
181 8
181 9
182 0
182 2
182 3
182 9
182 23
183 0
183 1
183 2
183 4
183 6
183 20
183 173
184 0
184 2
184 3
184 4
184 6
184 7
184 8
184 9
185 0
185 1
185 2
185 5
185 6
185 20
186 2
186 3
186 33
186 140
187 2
187 5
187 6
188 0
188 4
188 5
188 6
189 3
189 6
190 1
190 2
190 3
190 4
190 5
190 6
190 7
190 33
190 74
191 2
191 7
191 9
192 0
192 1
192 2
192 5
192 6
192 20
192 77
193 1
193 20
193 71
194 2
194 3
194 5
194 9
194 33
194 80
195 1
195 2
195 4
195 5
195 6
195 7
195 8
195 162
196 0
196 3
196 5
197 1
197 2
197 5
197 6
197 20
198 3
198 4
198 6
198 57
199 0
199 1
199 2
199 3
199 62
200 2
200 4
200 7
200 8
200 9
200 78
200 148
201 0
201 1
201 2
201 4
201 5
201 6
201 7
202 0
202 1
202 4
202 5
202 7
203 2
203 6
203 8
203 174
204 0
204 3
204 4
204 5
204 6
204 7
205 1
205 2
205 3
205 5
205 6
205 7
205 8
205 9
206 0
206 2
206 4
206 5
206 6
206 20
206 28
207 0
207 2
207 3
207 5
207 102
208 0
208 2
208 3
208 6
208 7
208 9
209 0
209 4
209 8
209 9
209 23
210 0
210 1
210 2
210 4
210 5
210 6
210 7
210 8
210 81
210 104
211 0
211 1
211 3
211 5
211 6
211 50
212 0
212 1
212 5
212 6
212 50
213 0
213 1
213 2
213 4
213 6
213 20
213 173
214 0
214 1
214 5
214 92
215 1
215 2
215 3
215 4
215 5
215 7
215 8
215 9
216 0
216 4
216 8
216 9
216 23
216 209
217 0
217 1
217 2
217 3
217 4
217 5
217 6
217 7
217 8
217 34
218 0
218 1
218 2
218 3
218 4
218 5
218 7
218 8
219 0
219 1
219 2
219 3
219 5
219 8
219 9
219 33
219 49
220 0
220 2
220 3
220 4
220 6
220 7
220 8
220 9
220 134
221 0
221 2
221 4
221 7
221 8
221 9
222 0
222 2
222 3
222 6
222 7
222 9
223 1
223 4
223 5
224 0
224 1
224 4
224 5
224 6
224 50
225 0
225 1
225 3
225 4
225 5
225 50
226 0
226 2
226 4
226 7
227 0
227 1
227 4
227 5
227 6
227 20
228 0
228 2
228 3
228 8
228 23
229 4
229 6
229 7
229 178
230 0
230 3
230 4
230 5
230 6
230 15
231 0
231 1
231 3
231 4
231 5
231 6
231 7
231 154
232 0
232 1
232 5
232 108
233 0
233 1
233 2
233 3
233 4
233 5
233 6
233 7
233 8
233 9
234 0
234 1
234 2
234 3
234 4
234 5
234 6
234 7
234 8
234 33
235 0
235 1
235 2
235 3
235 33
236 0
236 3
236 4
236 7
236 8
236 9
237 1
237 2
237 3
237 4
237 5
237 6
237 7
237 8
237 9
237 33
238 0
238 2
238 3
238 4
238 5
238 6
238 7
238 8
238 9
238 33
239 0
239 7
239 8
239 9
239 23
240 3
240 164
241 0
241 1
241 3
241 33
242 0
242 1
242 3
242 4
243 2
243 4
243 6
243 7
243 8
243 9
244 1
244 2
244 3
244 4
244 5
244 6
245 0
245 3
245 4
245 5
245 8
246 0
246 1
246 2
246 3
246 4
246 5
246 7
246 8
247 0
247 1
247 4
247 6
247 7
248 0
248 3
248 6
248 8
248 9
248 12
249 0
249 1
249 2
249 4
249 5
249 6
249 20
250 0
250 2
250 33
251 0
251 1
251 5
251 6
251 20
252 0
252 2
252 3
252 6
252 7
252 8
252 9
252 149
253 4
253 7
253 9
253 23
253 64
254 0
254 1
254 3
254 4
254 5
254 6
254 7
255 2
255 5
255 6
256 1
257 1
257 2
257 6
257 20
258 0
258 1
258 2
258 4
258 6
258 92
259 3
259 106
260 1
260 3
260 4
260 6
260 7
261 6
261 189
262 0
262 1
262 4
262 5
263 0
263 1
263 3
263 4
263 5
263 6
264 0
264 1
264 4
264 6
264 20
265 0
265 3
265 4
265 5
266 1
266 2
266 5
266 6
266 20
267 1
267 4
267 20
267 90
268 1
268 2
268 5
268 6
268 20
269 0
269 1
269 2
269 10
270 0
270 1
270 3
270 33
271 0
271 1
271 2
271 4
271 7
271 8
271 33
271 41
272 0
272 4
272 8
272 209
272 216
273 0
273 1
273 2
273 3
273 4
273 6
273 7
273 8
273 9
273 33
273 45
274 0
274 4
274 5
274 6
274 7
275 0
275 1
275 2
275 4
275 5
275 6
275 7
275 8
275 162
276 0
276 2
276 3
276 6
276 7
276 8
277 0
277 2
277 4
277 7
277 8
277 9
277 78
278 0
278 1
278 3
278 5
278 33
279 0
279 2
279 3
279 33
280 0
280 3
280 6
281 0
281 3
281 4
281 7
281 8
281 9
281 12
282 0
282 1
282 2
282 4
282 6
282 7
282 8
283 0
283 1
283 3
283 5
283 6
284 0
284 3
284 38
284 73
285 0
285 3
285 270
286 1
286 2
286 3
286 4
286 5
286 6
286 8
286 9
286 33
287 0
287 1
287 2
287 4
287 6
287 20
287 173
288 0
288 2
288 3
288 7
288 8
288 9
289 2
289 3
289 6
290 2
290 3
290 4
290 6
290 7
290 8
290 9
291 1
291 2
291 4
291 5
291 6
291 7
291 8
292 0
292 2
292 3
292 4
292 5
293 0
293 1
293 2
293 4
293 5
293 7
293 8
294 0
294 2
294 3
294 8
294 23
295 1
295 3
295 4
295 5
295 7
296 0
296 1
296 3
296 5
296 6
297 0
297 1
297 5
297 92
298 0
298 3
298 4
298 6
298 66
299 1
299 3
299 4
299 6
299 7
299 8
300 0
300 2
300 4
300 5
300 7
300 8
301 0
301 1
301 3
301 5
302 1
302 3
302 5
303 2
303 6
304 1
304 2
304 3
304 4
304 7
304 8
304 9
304 215
305 0
305 3
305 4
305 5
305 145
306 0
306 2
306 3
306 6
306 7
306 8
306 9
307 0
307 1
307 2
307 4
307 5
307 6
307 7
307 33
308 0
308 1
308 2
308 3
308 4
308 5
309 0
309 1
309 2
309 3
309 4
309 5
309 6
309 7
310 0
310 1
310 3
310 4
310 5
310 7
310 152
311 0
311 2
311 3
311 6
311 8
312 0
312 1
312 2
312 4
312 5
312 6
312 8
313 1
313 3
313 5
313 11
313 103
314 0
314 1
314 2
314 4
314 5
314 6
314 92
315 1
315 2
315 5
315 8
315 9
315 33
316 0
316 1
316 2
316 5
316 6
316 185
317 2
317 4
317 7
317 8
317 9
318 4
318 8
318 9
318 23
318 209
318 216
319 0
319 1
319 2
319 5
319 6
319 20
319 77
320 1
320 2
320 3
320 4
320 5
320 6
320 11
321 2
321 4
321 6
322 2
322 3
322 5
322 6
322 7
322 8
322 9
322 205
323 4
323 5
323 6
323 60
323 109
324 2
324 3
324 5
324 6
324 8
324 33
325 1
325 2
325 4
325 5
325 6
325 8
325 162
325 195
326 0
326 2
326 3
326 5
326 7
326 8
326 147
327 0
327 1
327 2
327 3
327 4
327 6
327 7
327 9
327 33
327 45
328 0
328 1
328 2
328 7
328 8
329 0
329 1
329 3
329 4
329 5
330 2
330 3
330 4
330 5
330 6
330 244
331 0
331 1
331 3
331 62
332 0
332 1
332 2
332 4
332 5
332 6
332 8
333 3
333 5
333 6
333 7
333 8
333 9
333 205
334 0
334 1
334 2
334 4
334 5
334 6
335 0
335 2
335 3
335 4
335 6
335 7
335 8
335 9
336 0
336 2
336 10
336 65
337 0
337 1
337 2
337 5
337 8
337 293
338 0
338 3
338 38
338 73
338 284
339 0
339 1
339 3
339 5
339 50
340 0
340 1
340 2
340 5
340 20
341 0
341 1
341 3
341 4
341 5
342 0
342 1
342 3
342 4
342 5
342 6
342 7
342 8
343 2
343 3
343 4
343 6
343 7
343 8
344 1
344 6
344 17
344 176
345 2
345 3
345 4
345 5
345 7
345 8
345 9
345 33
345 238
346 0
346 1
346 4
346 6
346 8
347 2
347 3
347 4
347 5
347 6
347 102
348 1
348 2
348 3
348 4
348 5
349 0
349 2
349 4
349 5
349 6
349 7
349 8
349 275
350 4
350 5
350 6
350 60
350 109
351 0
351 1
351 2
351 3
351 4
351 5
351 6
351 7
351 8
351 9
351 33
352 0
352 7
352 8
352 9
352 23
352 26
353 2
353 3
353 6
353 7
353 8
354 0
354 3
354 8
354 23
354 95
355 0
355 1
355 2
355 3
355 5
355 6
355 7
355 8
356 0
357 0
357 2
357 33
358 1
358 3
358 5
358 8
358 9
358 33
358 49
359 3
359 38
359 284
359 338
360 0
360 2
360 3
360 4
360 7
360 9
361 0
361 2
361 3
361 4
361 6
361 7
361 8
361 184
362 0
362 1
362 2
362 4
362 6
362 20
362 173
363 3
363 4
363 5
364 2
364 3
364 4
364 5
364 6
364 7
364 8
364 9
364 33
365 3
365 57
365 198
366 0
366 1
366 2
366 4
366 5
366 6
367 0
367 2
367 4
367 7
367 8
367 9
367 78
368 0
368 2
368 4
369 0
369 2
369 4
369 6
369 20
369 173
369 183
370 0
370 1
370 5
370 6
370 20
371 1
371 2
371 3
371 5
371 6
372 3
372 4
372 6
372 7
372 8
372 9
372 33
373 0
373 1
373 3
373 4
373 5
373 7
373 121
374 1
374 2
374 4
374 20
375 0
375 1
375 3
375 5
375 6
375 296
376 1
376 2
376 4
376 5
376 6
376 33
376 74
377 0
377 2
377 4
377 7
377 8
377 9
377 148
378 0
378 2
378 3
378 6
378 7
378 8
379 0
379 2
379 4
379 7
379 8
379 9
379 78
379 114
380 0
380 1
380 2
380 20
380 173
381 2
381 3
381 4
381 6
381 7
381 8
381 89
382 2
382 4
382 6
382 8
383 2
383 5
383 6
384 0
384 4
384 5
384 6
385 0
385 1
385 2
385 3
385 5
385 6
385 7
385 81
386 2
386 3
386 4
386 5
386 6
387 0
387 1
387 3
387 4
387 5
387 7
387 152
388 1
388 2
388 3
388 142
389 0
389 2
389 3
389 5
389 6
389 102
389 167
390 1
390 2
390 4
390 20
391 1
391 4
391 5
392 1
392 2
392 3
392 5
392 107
393 3
393 4
393 6
393 244
394 0
394 2
394 4
394 7
394 8
394 9
394 78
395 2
395 3
395 4
395 7
395 8
396 0
396 2
396 5
396 6
396 20
397 0
397 4
397 5
397 8
398 0
398 1
398 2
398 4
398 5
399 0
399 1
399 4
399 7
400 0
400 3
400 4
400 5
400 6
400 7
400 8
400 9
400 33
400 238
401 0
401 1
401 6
401 20
401 173
401 183
402 0
402 1
402 3
402 5
402 6
402 50
403 4
403 20
404 0
404 1
404 2
404 4
404 5
404 6
404 7
404 33
405 0
405 1
405 4
405 6
405 92
406 0
406 4
406 173
407 0
407 6
407 92
408 1
408 2
408 4
408 5
408 6
408 7
409 2
409 3
409 4
409 7
409 8
409 134
410 0
410 2
410 3
410 6
410 7
410 8
410 9
411 0
411 4
411 8
411 9
411 23
411 209
412 4
412 5
412 6
412 109
413 0
413 1
413 2
413 3
413 4
413 6
413 7
413 9
413 33
413 45
414 0
414 2
414 4
414 7
414 8
414 9
415 0
415 3
415 4
415 5
415 145
416 0
416 3
416 7
416 8
416 9
416 12
417 0
417 1
417 3
417 4
417 5
417 7
417 8
418 2
418 5
419 1
419 6
420 0
420 2
420 4
420 6
420 20
420 173
420 183
421 0
421 1
421 2
421 5
421 6
421 20
422 6
423 2
423 7
423 8
424 0
424 1
424 2
424 3
424 4
424 5
424 6
424 8
424 87
425 2
425 4
425 5
425 6
425 110
426 0
426 2
426 3
426 4
426 7
426 8
427 2
427 3
427 6
427 7
428 2
428 3
428 5
428 9
428 33
428 80
429 0
429 3
429 4
429 5
429 8
430 0
430 2
430 8
430 9
431 2
431 3
431 5
431 6
431 8
431 33
432 0
432 2
432 4
432 6
432 20
432 173
432 183
433 0
433 1
433 2
433 3
433 4
433 5
433 7
433 8
434 3
434 38
434 73
435 0
435 1
435 3
435 4
435 5
436 0
436 4
436 5
436 40
437 2
437 4
437 6
437 8
437 9
437 243
438 0
438 1
438 3
438 5
438 7
438 417
439 3
440 0
440 1
440 2
440 3
440 4
440 6
440 7
440 9
440 33
440 45
441 4
441 6
441 7
441 178
442 0
442 2
442 3
442 4
442 6
442 7
442 8
442 9
443 0
443 2
443 4
443 5
443 20
443 28
444 0
444 2
444 5
444 6
444 20
444 77
445 1
445 2
445 5
445 6
445 7
445 8
445 9
446 0
446 2
446 10
447 0
447 3
447 4
447 5
447 6
447 7
447 8
447 33
448 0
448 1
448 3
448 4
448 6
448 7
449 0
449 4
449 5
449 20
450 1
450 2
450 3
450 5
450 6
450 7
450 8
451 0
451 1
451 6
451 173
451 183
452 1
452 2
452 32
453 0
453 3
453 5
453 6
453 296
454 0
454 3
454 5
454 50
455 1
455 2
455 5
455 11
455 320
456 0
456 1
456 2
456 4
457 0
457 1
457 2
457 7
458 0
458 2
458 3
458 5
458 145
458 165
459 0
459 8
459 9
459 23
459 209
460 2
460 4
460 5
461 0
461 1
461 2
461 3
461 4
461 6
461 7
461 8
461 9
461 33
462 2
462 4
462 6
462 110
463 0
463 4
463 5
463 6
463 20
464 0
464 1
464 2
464 4
464 5
464 7
464 8
464 162
465 2
465 8
466 0
466 3
466 4
466 38
466 73
467 0
467 1
467 2
467 3
467 4
467 5
467 6
467 7
467 8
467 9
467 33
468 0
468 1
468 4
468 5
468 6
469 0
469 1
469 2
469 3
469 4
470 1
470 4
470 20
471 1
471 2
471 4
471 5
471 6
471 7
471 8
471 291
472 0
472 1
472 2
472 4
472 5
472 6
472 7
472 8
472 275
473 2
473 4
473 7
473 8
473 83
474 0
474 2
474 3
474 6
474 7
474 8
474 252
475 0
475 1
475 3
475 5
475 50
476 1
476 4
476 7
476 8
476 81
477 0
477 2
477 3
477 4
477 7
477 9
477 360
478 0
478 2
478 3
478 4
478 6
478 7
478 8
478 9
478 12
479 1
479 6
479 17
480 0
480 1
480 2
480 5
480 6
480 7
480 8
480 9
480 33
481 1
481 2
481 3
481 4
482 1
482 2
482 4
482 5
482 6
482 7
483 1
483 2
483 4
483 5
483 6
483 7
483 8
484 0
484 1
484 2
484 8
484 33
484 41
484 271
485 1
485 2
485 4
485 5
485 6
485 162
486 1
486 2
486 5
486 7
487 2
487 4
487 6
487 110
488 1
488 2
488 3
488 4
488 6
488 7
489 1
489 3
489 5
489 6
490 4
490 5
491 0
491 6
491 92
492 3
492 5
492 9
492 33
492 80
493 0
493 1
493 2
493 6
493 20
494 1
494 5
494 6
495 0
495 2
495 3
495 4
495 5
495 88
496 2
496 4
496 5
496 6
496 110
496 425
497 0
497 1
497 4
497 6
497 7
498 0
498 2
498 3
498 4
498 5
498 6
498 8
498 9
498 238
499 0
499 1
499 5
499 6
500 0
500 1
500 2
500 8
500 293
501 4
501 8
501 9
501 23
501 209
501 216
501 318
502 4
502 5
502 6
502 60
503 3
503 4
503 7
503 8
503 9
504 0
504 4
504 7
504 8
504 9
504 23
505 0
505 4
505 5
505 6
505 28
505 206
506 1
506 108
507 0
507 4
507 9
507 12
508 1
508 2
508 4
508 6
508 7
508 8
508 81
508 104
509 0
509 1
509 4
509 5
509 6
509 7
509 9
509 33
510 0
510 1
510 2
510 3
510 9
510 33
510 63
511 0
511 1
511 2
511 9
511 33
511 63
512 0
512 1
512 2
512 6
512 7
512 8
513 0
513 2
513 3
513 4
513 6
513 7
513 9
513 134
514 2
514 3
514 4
514 5
514 6
514 102
514 167
515 1
515 2
515 3
515 4
515 5
515 7
515 8
515 9
516 1
516 2
516 6
516 20
516 257
517 0
517 1
517 4
517 5
518 0
518 4
518 6
518 20
518 183
518 432
519 0
519 3
519 5
519 6
520 0
520 1
520 2
520 3
520 5
520 8
520 33
520 70
521 0
521 2
521 3
521 6
521 7
521 8
521 252
521 474
522 1
522 4
522 5
522 6
522 7
522 8
522 291
523 1
523 2
523 4
523 7
523 8
523 162
524 0
524 3
524 4
524 5
524 7
524 8
525 0
525 3
525 4
526 0
526 1
526 5
526 6
527 3
527 4
527 6
527 57
527 198
528 0
528 3
528 4
528 7
529 0
529 1
529 4
529 6
529 7
530 0
530 1
530 2
530 3
530 4
530 5
530 6
530 7
530 8
531 1
531 5
532 0
532 1
532 5
532 92
533 0
533 1
533 2
533 4
533 5
534 3
534 9
534 23
535 0
535 1
535 3
535 5
535 6
535 50
536 1
536 2
536 3
536 4
536 5
536 6
536 8
536 33
537 3
537 5
537 9
537 33
537 80
538 1
538 2
538 4
538 5
538 7
538 195
539 0
539 2
539 3
539 7
539 8
539 252
539 474
540 0
540 2
540 4
540 7
540 8
540 9
540 148
541 0
541 2
541 8
541 9
542 3
542 8
542 9
543 0
543 1
543 2
543 3
543 5
543 6
543 7
543 8
543 34
544 1
544 2
544 3
544 5
544 6
544 7
544 81
545 1
545 3
545 5
545 11
545 103
546 0
546 2
546 3
546 6
546 7
546 8
546 9
547 0
547 4
547 7
547 8
547 9
547 78
548 0
548 2
548 3
548 6
548 8
548 9
548 12
549 0
549 2
549 3
549 4
549 5
549 6
549 7
549 8
550 1
550 4
551 4
551 5
551 6
551 36
552 2
553 4
553 5
553 6
553 109
553 412
554 0
554 1
554 5
554 6
554 20
555 3
555 4
555 5
555 6
556 0
556 1
556 3
556 4
556 5
556 8
556 417
557 6
558 3
558 4
558 5
558 6
558 7
559 0
559 2
560 1
560 3
560 4
560 481
561 0
561 2
561 3
561 4
561 5
561 6
561 8
561 9
561 238
562 0
562 4
562 8
562 9
562 23
562 209
562 216
563 1
563 2
563 3
563 5
563 6
564 0
564 3
564 4
564 38
564 73
565 0
565 2
565 6
565 20
565 77
566 0
566 1
566 3
566 4
566 5
566 6
567 0
567 1
567 2
567 3
567 4
567 7
568 0
568 3
568 5
569 0
569 4
569 6
569 20
569 28
570 2
570 3
570 5
570 33
570 80
570 194
571 0
571 1
571 3
571 4
571 5
571 6
571 8
572 1
572 2
572 4
572 20
573 0
573 4
573 5
573 6
573 8
573 33
574 0
574 3
574 5
574 6
574 102
574 167
575 2
575 4
575 7
575 8
575 9
576 2
576 3
576 4
576 5
576 145
577 3
577 4
577 7
577 8
577 12
578 0
578 1
578 2
578 3
578 5
578 6
579 2
579 6
579 8
579 33
580 2
580 8
581 0
581 3
581 4
581 8
582 2
582 3
582 4
582 5
582 6
582 167
583 0
583 4
583 5
583 6
583 384
584 0
584 1
584 2
584 5
584 6
584 7
584 33
584 307
585 0
585 2
585 3
585 4
585 5
585 6
585 7
585 8
585 143
586 0
586 2
586 3
586 6
586 8
586 9
586 12
587 406
588 0
588 1
588 2
588 4
588 5
588 6
589 0
589 7
589 8
589 9
590 0
590 1
590 4
590 5
590 6
590 20
591 0
591 3
591 4
591 6
591 7
591 8
591 9
591 12
592 0
592 3
592 6
592 7
592 8
592 9
593 0
593 4
593 5
593 7
594 0
594 3
594 8
594 23
594 95
595 0
595 4
595 5
595 6
595 7
595 9
595 33
596 0
596 2
596 3
596 4
596 6
596 7
596 45
597 1
597 2
597 4
597 5
597 6
597 7
597 8
598 1
598 2
598 3
598 6
598 7
598 33
598 74
599 4
599 7
599 178
600 1
600 2
600 4
600 5
600 162
601 0
601 2
601 3
601 7
601 8
601 9
602 3
602 4
602 6
602 7
602 8
602 89
603 0
603 25
604 0
604 1
604 2
604 5
604 6
604 7
604 33
604 307
604 584
605 1
605 6
605 7
606 0
606 1
606 3
606 4
606 5
607 1
607 5
607 20
607 71
607 112
607 175
608 3
608 5
608 7
608 8
608 9
608 333
609 0
609 1
609 2
609 4
609 5
609 6
609 8
609 162
610 0
610 4
610 5
610 6
611 0
611 2
611 3
611 4
611 5
611 6
611 7
611 8
612 0
612 2
612 3
612 6
613 1
613 2
613 5
613 7
614 0
614 1
614 3
614 5
615 0
615 2
615 3
615 5
615 6
615 19
616 0
616 2
616 3
616 6
616 7
616 12
616 93
617 6
618 1
618 2
618 4
618 5
618 162
619 0
619 2
619 6
619 8
619 252
619 474
619 521
620 0
620 1
620 2
620 3
620 4
620 5
620 6
620 7
620 8
621 0
621 2
621 3
621 4
621 6
621 7
621 45
622 0
622 1
622 3
622 5
622 6
623 0
623 1
623 3
623 4
623 5
623 6
623 263
624 0
624 1
624 3
624 33
625 1
625 2
625 8
625 293
625 500
626 0
626 3
626 4
626 6
626 7
626 12
626 93
627 0
627 1
627 5
627 20
628 0
628 2
628 3
628 8
628 294
629 2
629 4
629 7
629 8
629 9
629 114
629 379
630 0
630 5
630 454
631 0
631 1
631 3
631 62
632 1
632 2
632 4
632 5
632 6
633 0
633 1
633 2
633 3
633 4
633 6
633 7
633 8
633 81
633 104
634 0
634 2
634 3
634 23
635 0
635 2
635 3
635 4
635 5
635 6
635 7
635 8
635 33
635 234
636 0
636 1
636 3
636 4
636 5
636 6
636 7
637 7
637 9
637 23
637 64
638 4
638 5
638 6
638 28
638 206
638 505
639 2
639 3
639 7
639 8
639 252
639 474
640 0
640 1
640 2
640 5
640 6
640 20
640 421
641 2
641 3
641 7
641 9
642 1
642 3
642 4
642 5
642 6
643 0
643 1
643 2
643 3
643 5
643 7
643 8
643 33
643 70
644 0
644 1
644 2
644 3
644 4
644 5
644 6
644 7
644 8
645 0
645 8
645 9
645 209
646 2
646 3
646 5
646 9
646 33
646 80
647 1
647 3
647 4
647 5
647 6
647 7
647 8
647 9
647 33
647 467
648 2
648 4
648 7
648 8
648 9
648 215
648 304
649 2
649 3
649 4
649 5
649 7
649 8
649 9
649 215
650 4
650 6
650 7
650 178
651 3
651 6
652 0
652 2
652 4
652 7
652 8
652 33
652 41
653 2
653 4
653 5
653 6
653 7
653 8
654 0
654 1
654 3
654 5
654 50
655 1
655 3
655 6
655 43
656 0
656 1
656 3
656 4
656 5
657 2
657 3
657 4
657 5
657 6
657 9
657 33
657 286
658 0
658 3
658 4
658 6
658 7
658 93
658 626
659 0
659 2
659 3
659 4
659 6
659 7
659 8
659 9
660 3
660 5
660 11
660 545
661 1
661 2
661 3
661 5
661 6
662 3
662 4
662 5
662 6
663 1
663 2
663 4
663 5
663 6
663 7
663 8
663 162
664 1
664 2
664 5
664 6
664 268
665 1
665 2
665 5
665 8
665 9
665 33
666 0
666 1
666 5
666 92
666 108
667 0
667 2
667 3
667 6
667 8
667 9
667 12
668 0
668 3
668 7
668 8
668 9
668 12
669 0
669 3
669 7
669 8
669 12
669 668
670 0
670 1
670 3
670 4
670 6
671 0
671 1
671 2
671 5
671 185
672 3
672 4
672 5
672 6
673 0
673 1
673 3
673 5
673 33
674 1
674 4
674 5
674 6
674 7
675 0
675 2
675 5
675 6
675 20
675 28
676 0
676 2
676 3
676 4
676 7
676 8
676 9
676 33
676 45
677 17
677 176
677 344
678 0
678 1
678 2
678 3
678 4
678 5
678 8
678 9
679 1
679 2
679 3
679 388
680 0
680 2
680 4
680 6
680 7
680 9
680 134
681 2
681 4
681 8
681 9
681 114
681 379
682 0
682 4
682 8
682 23
682 209
683 0
683 1
683 2
683 6
683 20
683 173
684 4
684 6
684 7
684 8
685 0
685 4
685 8
686 0
686 1
686 3
686 4
686 5
686 6
686 7
686 8
686 9
686 33
686 351
687 1
687 5
687 7
688 1
688 4
688 5
688 6
689 0
689 1
689 2
689 4
689 5
689 20
690 4
690 110
690 487
691 1
691 2
691 5
691 6
691 7
691 9
692 0
692 2
692 3
692 8
692 9
693 0
693 1
693 3
693 5
693 7
693 417
694 0
694 1
694 3
694 5
694 6
695 1
695 2
695 4
695 20
695 374
696 2
696 3
696 33
697 0
697 2
697 4
697 7
697 8
697 9
697 78
697 148
698 0
698 1
698 2
698 7
699 2
699 4
699 7
699 8
699 9
699 78
699 148
699 200
700 1
700 4
700 5
700 6
700 7
701 0
701 1
701 3
701 6
701 7
701 8
701 9
701 33
701 461
702 1
702 5
702 7
702 687
703 0
703 2
703 7
703 8
703 9
704 2
704 5
704 6
704 7
705 2
705 3
705 6
705 33
705 286
705 657
706 0
706 2
706 3
706 4
706 7
706 8
706 9
706 69
707 0
707 1
707 2
707 4
707 6
707 7
708 0
708 4
708 7
708 8
708 9
708 236
709 3
709 4
709 6
709 7
709 8
709 89
709 381
710 0
710 2
710 4
710 7
711 1
711 4
711 6
711 7
712 0
712 3
712 5
713 5
713 6
713 28
713 206
713 505
713 638
714 1
714 5
714 20
714 112
714 607
715 2
715 3
715 5
715 7
715 8
715 33
716 0
716 1
716 5
716 108
716 232
717 0
717 2
717 4
717 7
717 8
717 9
718 0
718 1
718 2
718 3
718 4
718 6
718 7
718 9
718 33
718 45
719 2
719 4
719 5
719 6
719 7
719 8
719 291
720 0
720 9
720 430
721 2
721 3
721 7
721 12
721 93
722 1
722 2
722 5
722 6
723 4
723 5
723 8
724 3
724 6
724 7
724 8
724 89
724 381
725 0
725 2
725 10
725 65
725 336
726 0
726 1
726 3
726 4
726 5
727 0
727 1
727 3
727 4
727 5
728 0
728 1
728 3
728 4
728 5
728 263
729 0
729 1
729 2
729 5
729 6
729 7
729 8
729 9
730 0
730 3
730 4
730 5
730 8
730 9
730 238
731 3
731 4
731 5
731 6
732 0
732 1
732 3
732 6
732 7
732 8
732 81
732 104
732 633
733 0
733 1
733 4
733 6
733 7
733 43
733 161
734 1
734 5
734 232
735 0
735 1
735 5
735 6
735 20
736 2
736 3
736 16
737 3
737 4
737 6
737 8
738 0
738 1
738 2
738 4
738 6
738 7
738 9
738 33
738 45
739 0
739 2
739 4
739 7
739 8
739 9
739 377
740 0
740 1
740 2
740 3
740 4
740 7
740 8
740 246
741 8
741 23
741 95
742 3
742 5
742 6
742 7
742 9
742 205
742 333
743 1
743 3
743 4
743 5
743 6
744 2
744 4
744 6
744 7
744 134
745 0
745 1
745 3
745 4
745 5
745 6
745 7
746 0
746 4
746 7
746 8
746 78
747 4
747 5
747 60
747 109
748 0
748 7
748 8
748 9
749 1
749 2
749 6
749 20
749 257
750 0
750 2
750 3
750 6
750 7
750 8
750 474
751 1
751 4
751 5
751 7
751 674
752 0
752 1
752 2
752 7
753 0
753 1
753 2
753 5
753 6
753 157
754 0
754 1
754 5
754 6
754 20
754 370
755 0
755 2
755 65
755 336
756 0
756 1
756 4
756 5
756 8
756 44
757 0
757 1
757 4
757 20
758 1
758 5
758 293
759 1
759 2
759 5
759 6
759 20
760 0
760 2
760 3
760 5
760 7
760 8
760 147
760 326
761 0
761 3
761 7
761 8
761 474
762 0
762 3
762 4
762 7
762 8
763 0
763 3
763 62
763 179
764 0
764 4
764 7
764 8
764 9
764 148
765 1
765 4
765 223
766 0
766 2
766 5
766 6
766 20
766 77
766 192
767 0
767 4
767 6
767 20
767 173
767 183
767 369
768 20
768 112
768 175
769 1
769 2
769 3
769 4
769 5
769 6
769 7
769 33
770 0
770 1
770 2
770 4
770 5
770 6
770 7
770 8
771 2
771 5
771 9
771 33
771 80
772 0
772 3
772 7
772 8
772 12
772 668
772 669
773 0
773 2
773 3
773 4
773 6
773 7
773 9
774 1
774 2
774 4
774 5
774 6
774 8
774 9
774 33
774 237
775 0
775 2
775 3
775 4
775 6
775 7
775 9
776 5
777 0
777 1
777 3
778 2
778 3
778 7
778 8
778 33
779 0
779 2
779 3
779 5
779 6
779 102
779 167
780 1
780 2
780 3
780 5
780 6
780 24
781 0
781 1
781 13
782 0
782 2
782 7
782 8
782 9
782 78
783 0
783 1
783 3
783 5
783 6
784 4
784 6
784 178
784 650
785 2
785 4
785 9
786 0
786 2
786 7
786 8
786 78
786 114
786 379
787 3
787 6
787 8
787 89
787 381
788 0
788 4
788 6
788 7
788 43
789 0
789 2
789 3
789 4
789 5
789 6
789 143
790 0
790 3
790 7
790 8
790 12
790 668
791 5
791 6
792 2
792 4
792 8
792 9
792 379
793 1
793 2
793 3
793 9
793 33
793 63
793 510
794 0
794 2
794 6
794 7
794 8
795 3
795 4
795 5
795 6
795 7
795 8
796 0
796 1
796 4
796 7
796 8
796 41
797 1
797 2
797 17
797 176
798 2
798 3
798 4
798 5
798 6
798 167
799 1
799 4
799 5
799 6
799 632
800 0
800 3
800 5
800 6
800 50
801 0
801 1
801 2
801 3
801 4
801 6
801 7
801 9
801 33
802 0
802 7
802 8
802 9
802 23
803 0
803 1
803 2
803 4
803 6
803 20
803 173
804 0
804 6
804 275
804 349
805 6
805 20
806 0
806 8
806 9
806 209
807 0
807 7
807 8
807 78
808 0
808 2
808 3
808 612
809 0
809 2
809 5
809 6
809 20
809 28
810 0
810 1
810 2
810 4
810 6
810 7
810 8
811 0
811 1
811 3
811 5
811 6
811 566
812 2
812 7
812 8
812 423
813 0
813 1
813 2
813 3
813 4
813 5
813 101
814 0
814 2
814 3
814 4
814 5
814 6
814 102
815 0
815 2
815 4
815 368
816 0
816 1
816 3
816 4
816 5
817 0
817 2
817 4
817 8
817 9
817 78
817 277
818 2
818 3
818 657
819 3
819 4
819 7
819 8
819 381
819 709
820 0
820 1
820 3
820 4
820 5
820 6
820 7
820 154
820 231
821 3
821 4
821 6
821 7
821 9
821 33
821 372
822 0
822 2
822 4
822 8
822 9
823 1
823 2
823 4
823 7
823 8
823 215
823 304
824 1
824 3
824 4
824 5
824 7
824 152
825 0
825 1
825 4
825 6
825 7
825 497
826 0
826 1
826 3
826 4
826 5
826 6
826 8
827 2
827 3
827 4
827 6
827 7
827 12
827 93
827 153
828 0
828 3
828 5
828 6
828 102
828 167
829 0
829 5
829 6
830 1
830 2
830 5
830 6
830 7
830 33
830 307
830 584
830 604
831 0
831 6
831 92
832 0
832 3
832 4
832 7
832 8
832 9
832 12
832 281
833 3
833 5
833 9
833 33
833 80
834 0
834 2
834 3
834 4
834 6
834 7
834 45
835 0
835 4
835 8
835 556
836 2
836 4
836 7
836 8
836 9
836 78
837 0
837 1
837 2
837 4
837 5
837 6
837 201
838 0
838 2
838 4
838 7
838 9
838 360
839 0
839 1
839 2
839 3
839 9
839 33
839 49
840 2
840 3
840 7
840 8
840 252
840 474
841 0
841 4
841 8
841 9
841 23
842 0
842 3
842 4
842 38
842 73
843 3
843 6
843 57
843 198
844 0
844 1
844 3
844 6
844 7
844 8
844 9
844 33
844 461
844 701
845 0
845 1
845 4
845 5
845 50
845 224
846 3
846 5
846 9
846 33
846 80
847 2
847 4
847 5
847 162
848 0
848 1
848 4
848 6
848 20
848 173
849 2
849 3
849 6
849 244
850 2
850 5
850 7
851 0
851 2
851 4
851 7
851 134
852 0
852 2
852 3
852 4
852 5
852 7
852 8
853 3
853 5
853 7
853 8
853 333
854 0
854 3
854 7
854 8
854 12
855 0
855 1
855 5
855 6
855 20
856 0
856 1
856 3
856 4
856 5
856 6
856 7
856 43
857 1
857 2
857 4
857 20
857 173
858 2
858 4
858 5
858 6
858 110
858 425
859 1
859 2
859 5
859 6
859 7
859 33
859 307
859 584
860 2
860 7
860 8
860 9
860 215
860 649
861 4
861 5
861 6
861 632
862 1
862 5
862 232
862 734
863 0
863 2
863 3
863 8
863 9
863 23
864 0
864 1
864 4
864 5
864 8
864 44
865 1
865 2
865 20
866 3
866 9
866 23
866 534
867 5
867 293
868 0
868 1
868 3
868 4
868 6
868 7
868 8
868 81
868 104
869 4
869 5
869 6
869 20
870 0
870 1
870 3
870 6
870 8
870 9
870 33
870 461
871 0
871 2
871 3
871 6
871 7
871 8
871 474
871 750
872 0
872 2
873 1
873 2
873 4
873 7
873 215
873 304
874 3
874 33
875 0
875 2
875 4
875 6
875 7
875 45
876 0
876 1
876 2
876 8
876 33
876 271
877 0
877 8
878 0
878 1
878 2
878 3
878 5
878 7
878 8
878 33
878 70
879 3
879 5
879 8
879 9
879 333
880 1
880 2
880 4
880 6
880 33
880 74
881 1
881 2
881 3
881 4
881 5
881 7
882 0
882 4
882 5
882 20
883 0
883 1
883 3
883 4
883 5
883 6
883 19
884 0
885 0
885 3
885 6
886 0
886 5
886 108
886 232
886 716
887 0
887 1
887 4
887 5
888 0
888 1
888 2
888 5
888 6
888 7
888 33
888 307
888 584
889 0
889 4
889 6
889 7
889 134
890 5
890 454
891 0
891 3
891 4
891 6
891 66
892 0
892 4
892 6
892 20
892 173
893 0
893 2
893 5
893 7
893 9
893 33
894 1
894 2
894 4
894 5
894 6
894 7
894 8
894 162
894 663
895 0
895 3
895 7
895 12
895 854
896 0
896 1
896 3
896 5
896 33
896 132
897 0
897 4
897 6
897 7
897 43
897 161
898 0
898 4
898 5
898 656
899 6
899 92
900 0
900 1
900 4
900 5
900 6
900 7
900 9
901 0
901 1
901 2
901 3
901 33
902 0
902 3
902 4
902 5
902 6
902 33
903 0
903 3
903 5
903 429
904 0
904 8
904 9
904 23
905 0
905 2
905 33
906 0
906 3
906 6
906 7
906 8
906 9
906 592
907 1
907 4
907 5
907 7
907 8
907 9
908 2
908 4
908 7
908 8
908 148
909 0
909 2
909 4
909 7
909 8
909 9
910 0
910 1
910 4
910 5
910 20
910 689
911 0
911 3
911 4
911 5
911 8
912 3
912 120
913 0
913 1
913 4
913 5
913 6
913 7
913 81
914 0
914 2
914 3
914 4
914 7
914 8
915 1
915 6
915 176
915 344
916 0
916 1
916 2
916 6
916 20
916 173
917 4
917 5
917 723
918 0
918 1
918 3
918 4
918 5
918 8
918 417
919 0
919 3
919 5
919 8
919 127
920 4
920 6
921 0
921 3
921 4
921 5
921 8
921 9
921 238
922 0
922 1
922 2
922 3
922 5
922 33
923 0
923 1
923 2
923 5
923 8
923 9
923 33
923 49
923 219
924 2
924 5
924 6
924 7
924 33
924 307
924 584
924 604
924 830
925 7
925 9
925 64
926 0
926 1
926 3
926 5
926 132
927 4
927 5
927 6
928 0
928 1
928 2
928 4
928 5
928 6
928 8
928 312
929 0
929 2
929 3
929 5
929 9
929 33
930 0
930 1
930 3
930 4
930 5
930 6
930 7
930 121
931 0
931 1
931 5
931 887
932 4
932 5
932 6
932 7
933 0
933 3
933 8
933 9
933 238
934 2
934 5
934 33
935 0
935 2
935 3
935 4
935 6
935 7
935 134
936 0
936 3
936 62
937 1
937 2
937 8
938 2
938 4
938 5
938 7
938 8
938 9
938 33
939 0
939 2
939 5
939 6
939 7
939 8
939 9
939 33
939 177
940 1
940 4
940 6
940 7
940 8
941 0
941 1
941 2
941 3
941 5
942 2
942 4
942 5
942 6
942 110
942 425
943 1
943 2
943 3
943 5
943 8
943 450
944 1
944 6
944 43
945 1
945 5
945 156
946 0
946 3
946 7
946 8
946 9
947 0
947 1
947 2
947 8
947 33
947 41
948 2
948 3
948 4
948 7
948 45
949 1
949 2
949 3
949 4
949 5
949 6
949 7
949 8
950 2
950 7
950 8
950 474
951 0
951 4
951 20
952 4
952 5
952 6
952 28
953 3
953 4
953 5
953 6
953 582
954 0
954 1
954 3
954 6
954 8
954 9
954 33
954 461
955 0
955 2
955 3
955 4
955 6
955 7
955 8
955 9
956 2
956 3
956 4
956 6
956 7
956 8
956 343
957 0
957 2
957 4
957 7
957 9
957 78
957 114
958 0
958 2
958 3
958 4
958 7
958 9
958 360
959 0
959 1
959 3
959 6
959 7
959 8
959 81
959 104
959 633
960 0
960 1
960 2
960 3
960 4
960 5
960 7
960 8
960 9
960 33
960 45
961 0
961 3
961 4
961 7
961 8
961 9
962 1
962 4
962 7
962 8
962 9
963 0
963 4
963 6
963 8
963 9
963 184
964 0
964 3
964 4
964 5
964 8
964 33
964 447
965 4
965 38
965 466
966 0
966 2
966 5
966 6
966 8
966 9
966 33
966 177
967 3
967 5
967 6
967 7
967 9
967 205
967 333
968 0
968 1
968 2
968 3
968 5
968 8
968 9
968 33
968 177
969 1
969 2
969 4
969 6
969 81
969 104
970 0
970 1
970 3
970 5
970 7
970 9
970 33
970 351
971 1
971 3
971 33
971 510
972 1
972 3
972 62
973 0
973 1
973 3
973 4
973 5
973 7
973 8
973 81
973 85
974 0
974 1
974 3
974 4
974 6
974 7
974 121
975 0
975 3
975 4
975 8
975 581
976 3
976 9
976 33
976 846
977 2
977 3
977 4
977 5
977 167
978 0
978 4
978 7
978 8
978 9
979 0
979 3
979 4
979 7
979 8
979 9
980 0
980 2
980 4
980 7
980 8
980 9
980 78
981 0
981 1
981 7
981 8
981 81
981 104
981 633
982 2
982 4
982 5
982 6
982 7
982 8
982 291
982 719
983 0
983 1
983 3
983 4
983 5
983 6
983 7
984 3
984 4
984 6
984 7
985 0
985 2
985 3
985 5
985 7
985 8
985 147
985 326
986 2
986 3
986 6
986 7
986 222
987 1
987 4
987 5
988 1
988 2
988 4
988 5
988 6
988 162
989 2
989 7
990 1
990 5
990 92
990 108
991 0
991 2
991 3
991 5
991 6
991 7
991 8
991 34
992 0
992 3
992 5
992 6
992 102
992 167
993 1
993 2
993 3
993 142
993 388
994 0
994 3
994 5
994 6
994 102
994 167
995 1
995 2
995 3
995 4
995 5
995 6
995 11
996 4
996 5
996 6
996 291
997 0
997 4
997 5
997 20
997 882
998 0
998 2
998 3
998 7
998 9
999 0
999 1
999 3
999 4
999 5
999 6
999 7
999 43
