1 0
2 0
2 1
3 0
3 1
3 2
4 0
4 1
4 2
4 3
5 0
5 1
5 2
5 3
5 4
6 0
6 1
6 2
6 3
6 4
6 5
7 0
7 1
7 2
7 3
7 4
7 5
7 6
8 0
8 1
8 2
8 3
8 4
8 5
8 6
8 7
9 0
9 1
9 2
9 3
9 4
9 5
9 6
9 7
9 8
10 0
10 1
10 2
10 3
11 0
11 1
11 4
11 5
11 7
11 8
12 1
12 4
12 5
12 6
13 0
13 3
13 4
13 5
13 6
14 0
14 1
14 4
15 1
15 4
15 8
16 0
16 4
17 1
17 2
17 3
18 1
18 3
19 0
19 1
19 2
19 3
19 4
19 5
19 6
20 4
20 5
21 2
22 0
22 5
22 6
22 7
22 8
23 0
23 5
23 6
23 8
24 2
24 7
24 8
25 1
25 2
26 0
26 1
26 5
27 1
27 2
27 3
27 5
28 0
28 8
30 4
31 1
31 2
31 3
32 0
32 2
32 4
34 0
34 5
34 6
35 1
36 0
36 1
38 0
39 2
39 7
40 0
40 1
40 4
40 5
40 7
40 8
41 0
41 8
42 0
42 1
42 2
42 3
42 4
43 1
43 2
44 0
45 0
45 2
46 7
47 1
47 4
47 7
48 4
49 2
49 7
49 8
50 1
50 4
51 2
51 3
52 4
52 5
54 1
55 2
55 5
56 0
57 4
57 5
58 2
58 3
58 4
58 6
58 8
59 2
59 3
59 4
60 0
60 4
60 6
60 8
61 0
61 2
62 0
62 1
63 3
64 1
64 3
65 0
65 1
65 5
66 0
67 0
67 2
68 4
69 3
70 0
70 4
70 5
71 1
71 2
71 3
71 4
71 6
72 3
72 5
73 3
75 4
75 5
76 1
76 3
77 0
77 4
78 2
78 3
79 0
81 0
81 5
82 8
83 1
83 3
84 4
85 0
85 1
86 0
86 1
86 2
86 4
86 6
88 1
90 0
90 2
91 8
92 4
92 5
93 1
93 2
94 3
95 7
96 7
97 1
97 3
97 6
98 3
99 2
99 3
99 5
99 6
99 7
100 1
100 2
101 0
101 1
101 4
101 5
102 0
102 3
103 0
103 2
104 2
105 0
105 1
105 3
106 6
107 4
107 5
108 0
108 1
108 2
108 5
109 4
110 1
111 4
113 0
113 1
113 5
113 7
113 8
114 3
115 6
116 1
116 2
117 4
118 0
118 1
118 3
119 5
119 8
120 1
121 1
121 6
121 7
123 5
124 0
124 5
124 6
125 0
125 5
126 0
126 2
126 4
126 6
127 3
127 4
127 5
127 6
127 7
128 0
128 1
128 2
128 3
128 4
128 5
128 7
128 8
129 1
129 3
129 6
130 0
130 1
130 2
131 1
131 2
132 2
132 4
132 6
133 0
136 0
136 1
136 2
136 4
136 6
136 8
137 3
137 5
138 3
140 1
140 2
140 3
140 5
142 4
143 8
144 1
144 3
145 0
145 8
146 0
146 6
146 7
147 2
147 3
148 1
149 0
150 0
151 0
151 1
151 4
151 5
151 6
151 8
152 3
152 4
155 4
155 6
156 1
156 4
157 1
157 4
158 3
158 4
158 6
158 8
160 2
160 6
160 7
162 1
165 6
166 0
166 7
166 8
167 4
168 8
169 0
169 1
169 8
170 4
171 1
171 2
172 1
173 0
174 1
175 0
175 2
176 1
176 4
176 6
176 8
178 0
178 4
179 7
180 2
180 7
181 1
182 0
183 2
184 0
185 2
185 3
185 4
185 6
186 1
186 6
186 7
188 0
189 2
189 6
190 0
190 1
190 8
191 0
191 2
191 4
192 1
193 1
193 5
193 7
193 8
194 5
195 1
195 2
196 6
197 3
197 5
199 0
199 2
200 0
201 0
201 5
201 6
202 0
202 1
202 3
202 4
202 5
202 7
202 8
204 1
204 157
205 3
207 2
207 3
208 2
209 3
209 4
209 5
210 0
210 7
210 8
211 3
212 0
212 1
215 3
215 5
215 6
215 7
217 0
218 2
218 5
219 0
219 1
219 2
219 5
219 8
220 6
221 0
221 4
221 5
221 7
221 8
222 0
222 1
222 8
223 7
223 8
224 1
224 2
224 7
224 8
225 0
225 2
225 3
225 5
225 8
227 1
227 2
228 6
228 8
229 5
229 8
232 2
233 3
234 0
234 1
234 3
234 5
234 8
235 0
235 1
235 2
235 5
237 1
238 4
239 1
239 3
240 2
240 3
242 0
242 1
242 5
242 7
242 8
244 0
244 1
244 4
244 6
245 5
245 7
246 3
246 5
246 6
248 2
249 0
249 1
249 4
249 5
249 6
250 0
250 7
250 8
251 0
251 1
253 1
255 0
255 1
255 4
255 5
256 2
256 6
258 1
259 0
259 1
260 1
260 2
261 1
261 2
261 7
261 8
262 3
264 0
264 4
265 2
265 3
265 4
267 4
267 5
267 7
268 0
268 2
268 5
268 7
269 0
269 4
270 0
270 2
270 3
270 6
270 7
270 8
271 0
271 5
271 7
272 0
272 7
273 3
273 6
274 0
274 6
274 7
275 0
275 1
275 4
276 1
277 0
277 1
277 2
278 2
278 3
278 99
279 4
280 4
280 6
280 8
280 151
282 4
283 7
284 2
284 5
285 0
285 2
287 0
287 2
287 7
288 0
288 4
288 7
288 8
289 5
290 0
291 1
291 2
292 0
292 1
293 1
293 2
293 5
295 0
296 0
296 4
296 8
297 3
297 5
298 1
300 1
300 2
301 0
303 1
304 2
305 1
305 6
305 12
306 3
306 6
306 7
306 8
307 2
307 5
308 5
308 8
309 6
309 7
310 2
311 0
311 2
311 5
311 6
311 7
312 0
312 1
312 5
312 8
314 0
315 1
317 5
318 1
319 1
319 2
319 3
320 1
320 3
320 4
321 1
321 4
322 0
322 2
322 4
322 5
323 0
323 7
323 8
325 1
325 3
325 8
326 0
326 1
326 2
326 8
327 0
327 1
327 2
327 7
327 8
328 0
328 1
328 2
328 8
330 1
330 2
330 7
331 2
332 0
332 6
333 5
334 0
335 0
335 2
335 4
336 4
336 5
337 1
337 6
338 0
338 2
339 0
340 7
343 8
344 1
344 5
345 4
346 2
346 8
347 0
347 1
347 7
348 3
349 5
350 4
351 1
351 4
352 2
352 6
352 7
354 4
355 0
356 8
357 1
357 8
358 1
358 2
359 4
361 7
361 8
363 2
363 4
363 6
366 0
366 1
367 2
367 5
369 7
370 0
371 1
371 8
372 3
372 5
372 6
373 5
373 6
374 6
374 8
375 2
375 3
375 4
376 0
376 1
376 4
377 2
377 3
379 0
379 2
379 6
381 1
382 1
382 3
383 1
383 2
384 1
385 4
385 7
386 0
386 1
386 4
386 7
386 8
387 1
387 6
388 4
388 7
390 1
390 6
391 0
393 0
395 0
395 1
396 7
397 0
397 1
397 2
399 6
400 1
401 0
401 3
401 8
402 6
402 7
404 2
405 1
406 1
406 5
409 2
409 6
410 6
411 2
411 3
411 5
411 7
412 0
413 5
414 0
414 1
416 0
417 2
417 7
417 8
418 0
418 1
418 3
418 5
419 1
419 3
419 5
419 7
419 8
420 0
421 5
421 7
422 0
422 2
423 3
424 3
425 0
425 5
425 7
425 8
428 0
429 8
431 3
432 5
433 0
434 2
436 4
437 5
439 0
440 6
441 1
441 4
444 4
445 7
447 4
448 2
449 2
449 7
450 0
451 0
451 2
452 2
453 3
454 1
455 0
455 2
455 3
455 6
455 8
457 3
457 4
457 6
457 7
458 0
459 4
460 1
461 2
461 6
462 7
463 0
463 7
465 1
465 2
465 8
466 0
466 7
467 0
468 1
468 5
468 8
470 1
471 5
472 0
472 2
473 0
473 1
473 2
473 3
473 5
473 7
473 8
474 3
474 4
474 7
478 0
478 1
478 4
479 0
479 7
481 0
481 4
482 2
484 1
484 5
484 8
485 0
485 1
485 2
486 0
487 7
487 8
489 7
490 2
490 3
490 6
491 1
491 157
492 1
492 3
492 5
493 1
493 4
493 6
494 2
494 3
494 6
496 0
496 5
497 3
497 6
497 7
499 5
500 7
501 6
501 7
503 1
503 2
504 1
504 2
505 6
506 5
507 0
507 3
507 5
507 13
509 14
510 1
511 1
512 0
512 5
513 2
513 7
515 2
515 3
516 0
517 1
519 3
519 7
520 0
520 2
520 5
521 0
522 0
522 1
523 5
523 6
524 1
524 2
524 8
525 7
527 1
527 3
528 1
528 6
528 12
529 7
529 8
530 5
531 5
531 7
532 0
532 1
533 1
535 0
536 2
536 7
537 4
537 5
537 6
539 2
540 0
540 8
541 2
543 0
543 7
544 5
545 0
545 3
546 0
546 1
546 4
547 2
547 5
548 1
549 5
549 6
550 6
550 7
551 2
552 0
552 1
553 3
555 0
555 5
556 0
556 2
557 0
557 1
558 5
558 7
559 1
559 5
560 0
560 1
561 2
561 5
562 4
562 8
563 1
563 5
564 8
565 0
565 4
565 7
566 0
567 1
567 3
567 5
568 0
568 4
570 1
571 0
571 1
571 5
571 7
572 5
574 7
574 8
575 1
576 0
577 3
577 6
577 7
577 8
578 8
579 1
579 2
580 3
580 6
581 0
581 3
581 6
581 8
584 0
584 3
585 3
585 5
587 7
590 0
591 2
592 7
592 8
593 1
594 0
595 0
596 0
596 1
596 2
597 4
597 5
598 1
600 4
601 6
601 7
602 0
602 1
602 4
603 3
603 8
604 6
605 0
605 5
605 8
607 1
607 6
608 5
609 0
609 4
610 2
610 5
611 1
611 3
612 1
612 3
613 7
614 0
614 8
615 1
615 7
615 8
616 5
617 4
618 0
619 3
619 13
621 4
622 1
622 6
623 5
623 8
624 0
624 8
626 3
626 6
627 7
628 0
628 1
629 1
630 1
630 2
631 2
631 5
631 7
632 4
633 2
634 4
635 1
636 2
637 0
637 1
637 2
637 8
639 6
639 402
640 0
640 1
640 4
640 7
640 8
642 1
642 7
644 1
644 5
645 2
645 3
645 6
646 7
646 8
647 0
647 8
648 1
649 3
650 3
652 2
652 8
654 1
654 2
656 7
656 8
657 5
657 7
658 3
658 5
658 6
659 0
660 0
661 1
662 2
663 7
664 3
664 5
664 6
664 7
665 0
665 4
666 0
666 6
667 0
668 4
668 6
669 5
669 6
670 7
671 0
671 1
671 5
671 8
674 0
675 8
676 4
677 0
677 4
680 7
681 8
682 0
682 1
682 7
682 8
683 2
685 0
688 0
688 2
688 5
688 7
689 0
689 4
689 6
690 5
692 1
692 5
693 1
695 1
695 5
697 5
699 3
701 0
701 8
702 7
703 0
703 1
703 7
703 8
705 0
705 1
705 2
705 4
705 5
705 6
706 0
706 2
707 2
708 2
708 99
709 5
709 7
710 0
710 5
711 2
711 7
711 8
712 4
713 3
715 0
715 5
715 6
716 2
717 0
717 1
717 2
717 3
719 2
720 2
721 5
722 2
722 6
723 2
724 7
724 8
724 261
725 0
725 4
725 5
725 8
726 6
727 0
727 4
727 6
728 0
729 3
730 2
730 7
730 8
731 3
731 137
733 0
733 1
734 8
735 2
736 0
736 1
737 0
737 5
739 3
739 8
740 1
740 2
740 5
741 3
741 6
744 8
745 6
746 4
747 3
748 4
749 0
750 4
753 5
754 1
754 2
755 6
756 5
757 1
757 4
758 2
758 5
760 4
761 7
762 0
762 40
763 3
763 5
766 4
767 1
767 5
768 8
769 7
769 8
770 0
770 1
771 2
772 0
772 2
772 5
772 8
775 0
776 2
776 3
776 5
778 2
778 3
781 0
781 5
781 6
781 8
782 4
783 1
783 5
784 0
784 7
785 190
786 1
786 7
787 5
788 8
789 1
789 12
790 4
790 8
791 3
792 0
795 0
795 1
797 1
797 8
799 5
800 2
802 3
803 5
804 7
804 8
806 7
806 8
807 0
807 2
807 3
807 8
808 6
809 1
809 2
810 7
811 1
811 2
811 5
812 2
814 3
815 1
815 2
816 1
819 8
820 6
821 2
821 3
821 4
822 2
823 6
823 8
824 5
824 7
825 0
825 5
826 1
827 1
830 6
831 6
831 8
832 4
833 1
833 2
833 3
833 4
834 5
835 5
837 1
837 8
838 1
838 2
838 3
839 1
840 0
842 2
843 0
843 7
846 6
848 8
848 261
849 5
850 3
850 5
850 6
853 0
854 3
854 5
855 3
857 0
857 1
857 2
857 8
858 3
859 3
859 6
859 7
860 6
861 3
861 4
861 7
863 3
865 4
866 6
868 3
869 40
870 0
870 2
871 0
871 2
871 3
871 6
871 8
874 0
875 6
875 151
876 5
876 7
878 0
878 8
879 7
881 1
881 2
884 6
885 12
886 1
886 3
886 5
887 8
888 8
889 0
889 8
890 3
891 1
891 2
891 3
891 5
892 4
893 1
894 8
895 5
896 3
896 6
897 2
897 3
898 5
898 8
900 5
900 8
901 0
903 2
905 4
905 5
908 1
909 0
909 1
909 2
909 4
910 0
910 2
911 0
912 4
913 5
914 0
914 1
914 2
915 1
915 5
916 2
918 7
919 7
919 8
920 3
920 5
921 4
921 8
923 8
924 2
925 5
927 3
927 5
927 7
929 7
931 4
932 2
933 4
933 8
934 3
934 8
936 2
937 3
937 5
938 0
939 0
939 8
939 190
940 1
940 4
940 5
940 7
940 40
942 5
942 7
944 1
944 4
944 8
946 6
947 7
947 8
948 0
949 6
949 151
950 7
951 1
951 4
953 4
953 8
954 3
954 7
955 6
956 5
958 4
960 0
961 64
962 5
962 6
965 1
965 2
965 3
965 5
966 2
966 3
968 1
969 3
970 2
970 3
971 8
972 3
972 6
973 1
973 6
974 8
975 1
975 5
976 3
976 6
977 0
978 1
979 1
981 0
981 4
982 0
982 1
983 6
984 0
984 3
984 5
985 3
988 5
989 0
989 1
990 5
992 1
994 3
995 4
995 6
996 0
996 1
997 0
997 1
997 8
999 1
