1 0
2 0
2 1
3 0
3 1
3 2
4 0
4 1
4 2
4 3
5 0
5 1
5 2
5 3
5 4
6 0
6 1
6 2
6 3
6 4
6 5
7 0
7 1
7 2
7 3
7 4
7 5
7 6
8 0
8 1
8 2
8 3
8 4
8 5
8 6
8 7
9 0
9 1
9 2
9 3
9 4
9 5
9 6
9 7
9 8
10 0
10 1
10 2
10 3
10 4
10 5
11 1
11 5
11 10
12 0
12 1
12 2
12 3
12 4
12 5
13 0
13 1
13 2
13 3
13 4
13 5
13 6
13 7
13 8
14 0
14 1
14 3
14 4
14 5
14 7
15 0
15 4
15 5
15 7
16 0
16 1
16 2
16 3
16 4
16 5
16 6
17 0
17 2
17 3
17 4
17 12
18 0
18 1
18 3
18 4
18 5
18 7
18 14
19 0
19 1
19 2
19 3
19 4
19 5
19 7
20 0
20 2
20 4
20 5
21 1
21 2
21 4
21 5
21 6
21 7
22 1
22 3
22 4
22 5
22 7
22 18
23 0
23 2
23 3
23 4
23 12
24 0
24 1
24 2
24 3
24 4
24 5
24 6
25 0
25 2
25 4
25 12
25 23
26 0
26 2
26 3
26 4
27 0
27 1
28 0
28 1
28 2
28 3
28 4
28 5
29 0
29 2
29 3
29 4
29 5
29 28
30 2
30 4
30 5
30 6
30 7
30 21
31 3
31 4
31 26
32 1
32 2
32 4
32 5
32 7
32 21
33 0
33 1
33 2
33 3
33 4
34 0
34 1
34 2
35 0
35 2
35 3
35 4
35 12
36 0
36 1
36 3
36 4
36 5
36 14
37 0
37 3
37 4
37 5
37 14
38 0
38 4
38 5
38 15
39 0
39 1
39 2
39 3
39 4
39 5
39 28
40 0
40 1
40 2
40 3
40 4
40 5
41 0
41 1
41 2
41 3
41 4
41 5
41 7
41 19
42 1
42 2
43 0
43 2
43 3
43 4
43 5
43 6
43 24
44 0
44 2
44 3
44 4
44 5
44 6
44 7
45 0
45 2
45 3
45 4
45 12
46 0
46 1
46 2
46 3
46 4
46 5
46 6
46 24
47 0
47 1
47 2
47 3
47 5
47 6
47 7
47 8
48 2
48 3
48 4
48 12
48 23
49 0
49 2
49 3
49 4
49 12
50 0
50 2
50 3
50 4
50 12
50 23
51 0
51 1
51 4
51 14
52 0
52 2
52 3
52 4
52 5
52 40
53 1
53 2
53 6
53 7
54 0
54 1
54 3
54 4
54 5
55 0
55 3
55 4
55 5
55 14
55 37
56 0
56 1
56 2
56 3
56 5
56 6
56 8
57 0
57 5
58 0
58 2
58 3
58 4
58 7
59 0
59 1
59 3
60 0
60 1
60 2
60 3
60 4
60 5
60 6
60 7
60 8
61 0
61 1
61 2
61 3
61 4
62 0
62 2
62 3
62 4
62 5
62 6
63 1
63 2
64 1
64 3
64 4
64 5
64 7
64 18
65 0
65 2
65 3
65 4
65 5
65 6
65 62
66 0
66 2
66 3
66 4
66 5
66 28
66 29
67 0
67 1
67 3
67 4
67 5
67 7
67 41
68 0
68 1
68 3
68 4
68 5
68 14
69 0
69 1
69 2
70 1
70 3
70 5
70 6
70 16
71 0
71 1
71 2
71 3
71 4
71 5
71 7
71 19
72 1
72 3
72 4
72 5
72 7
73 0
73 1
73 2
73 3
73 4
73 5
73 6
73 24
73 46
74 0
74 1
74 2
74 3
74 4
74 5
74 7
74 71
75 0
75 2
75 3
75 4
75 5
75 6
75 62
75 65
76 4
76 5
76 7
76 15
77 1
77 3
77 4
77 5
77 7
77 72
78 0
78 1
78 2
78 3
78 4
78 5
78 40
79 2
79 4
79 5
79 6
79 7
79 21
80 1
80 11
81 0
81 2
81 3
81 4
81 5
81 28
81 29
82 0
82 1
82 2
82 4
82 5
82 7
82 71
83 0
83 4
83 5
83 14
84 0
84 3
84 4
84 12
85 3
85 5
85 6
85 16
85 70
86 2
86 3
86 4
86 5
86 6
86 62
86 65
87 0
87 2
87 12
87 23
88 0
88 1
88 2
88 3
88 4
88 5
88 7
88 71
89 0
89 1
89 2
89 3
89 4
89 28
89 39
90 1
91 0
91 3
91 4
91 5
91 7
91 41
91 67
92 2
92 4
92 23
92 48
93 0
93 1
93 2
93 3
93 4
93 5
93 6
94 0
94 2
94 3
94 4
94 5
94 28
95 0
95 3
95 5
95 14
95 36
96 0
96 3
96 4
96 5
96 6
96 7
96 8
97 0
97 2
97 3
97 4
97 5
97 6
97 7
97 8
98 0
98 3
98 4
98 12
99 0
99 2
99 3
99 4
99 12
99 45
100 0
100 2
100 3
100 4
100 5
100 6
100 7
101 0
101 2
101 3
101 4
101 35
102 0
102 1
102 2
102 3
102 4
102 5
102 7
103 0
103 1
103 3
103 4
103 5
104 0
104 3
104 12
104 98
105 0
105 1
105 3
105 4
105 5
105 7
105 41
105 67
106 0
106 3
106 4
106 5
106 7
106 41
107 0
107 1
107 3
107 4
107 5
107 7
108 1
108 3
108 4
108 5
108 7
108 77
109 1
109 2
109 3
109 4
109 7
109 71
109 74
110 0
110 1
110 2
110 3
110 4
110 6
111 2
111 3
111 4
111 5
111 6
111 62
111 65
112 0
112 2
112 3
112 4
113 0
113 1
113 2
114 2
114 4
114 12
114 23
115 3
115 4
115 5
115 6
115 62
116 0
116 1
116 2
116 34
117 0
117 3
117 4
117 5
117 6
117 62
117 65
117 75
118 0
118 2
118 3
118 4
118 6
118 7
118 8
119 0
119 2
119 3
119 4
119 5
119 40
120 0
120 2
121 0
121 1
121 3
121 4
121 6
121 110
122 1
122 2
122 3
122 4
122 61
123 1
123 2
123 3
123 4
123 33
124 0
124 2
124 3
124 4
124 7
124 8
124 118
125 0
125 2
125 4
125 5
125 40
126 0
126 1
126 2
126 3
126 5
126 6
126 24
126 46
127 4
127 5
127 7
127 15
128 0
128 3
128 4
128 12
128 84
129 0
129 3
129 4
129 5
129 6
129 7
129 8
129 96
130 0
130 1
130 2
130 3
130 4
130 5
130 7
130 19
131 0
131 2
131 3
131 6
131 24
131 43
132 0
132 2
132 3
132 4
132 12
132 45
132 99
133 1
133 2
133 3
133 4
133 5
133 7
133 71
134 0
134 1
134 4
134 5
134 7
134 19
134 71
135 0
135 1
135 3
135 4
135 5
135 6
136 0
136 1
136 2
136 3
136 4
137 0
137 3
137 4
137 35
138 0
138 1
138 2
138 3
138 5
138 7
138 88
139 0
139 2
139 3
139 4
139 5
139 28
139 94
140 0
140 1
140 2
140 3
140 4
140 5
140 10
141 2
141 3
141 4
141 5
141 62
141 65
142 0
142 1
142 2
142 3
142 4
142 5
143 2
143 4
143 5
143 62
143 65
143 111
144 1
144 3
144 4
144 5
144 7
144 72
144 77
145 2
145 3
145 5
145 6
145 62
145 65
145 86
146 0
146 1
146 2
146 3
146 4
146 5
146 6
146 7
147 0
147 3
147 4
147 5
147 7
147 107
148 1
148 3
148 4
148 5
148 14
148 36
149 0
149 1
149 3
149 4
149 5
149 54
150 1
150 2
150 3
150 4
150 5
150 71
151 0
151 1
151 2
151 3
151 4
151 5
151 6
151 7
151 8
152 2
152 4
152 23
152 48
152 92
153 0
153 2
153 3
153 5
154 1
154 2
154 3
154 4
154 5
155 0
155 1
155 3
155 4
155 5
155 6
155 24
155 46
155 73
156 0
156 2
156 4
156 5
156 6
156 7
156 8
156 97
157 0
157 1
157 2
157 4
157 5
158 0
158 2
158 3
158 5
159 0
159 1
159 2
159 116
160 0
160 1
160 4
160 5
160 14
161 0
161 12
161 23
161 87
162 0
162 2
162 3
162 7
162 8
162 118
162 124
163 0
163 2
163 69
164 4
164 5
164 7
164 15
164 127
165 2
165 4
165 5
165 62
165 65
165 111
165 143
166 0
166 2
166 3
166 4
166 5
166 6
166 8
166 60
167 0
167 1
167 2
167 3
167 4
167 5
167 7
167 71
167 88
168 0
168 1
168 2
168 3
168 4
168 5
169 0
169 4
169 5
169 7
169 96
170 1
170 4
170 5
170 7
170 72
170 77
170 144
171 0
172 2
172 4
172 12
172 23
172 114
173 1
173 3
173 59
174 0
174 1
174 2
174 3
174 5
174 40
175 0
175 2
175 3
175 7
175 8
175 124
175 162
176 4
176 5
176 7
176 15
176 127
177 0
177 1
177 2
177 3
177 4
177 5
177 6
177 16
178 0
178 1
178 2
178 3
178 4
178 5
178 40
179 0
179 4
179 5
179 14
179 83
180 0
180 1
180 2
180 3
180 4
180 5
180 40
180 178
181 0
181 3
181 4
181 12
182 1
182 2
182 113
183 0
183 1
183 3
183 4
183 5
183 7
183 14
184 0
184 1
184 3
184 4
184 5
184 168
185 0
185 5
185 7
185 71
185 82
186 0
186 3
186 4
186 5
186 7
186 14
186 18
187 1
187 3
187 4
187 110
187 121
188 1
188 2
188 4
188 5
188 7
188 21
188 32
189 1
189 4
189 5
189 7
189 72
189 77
189 144
190 0
190 1
190 2
190 3
190 4
190 5
190 7
190 8
191 0
191 3
191 5
191 14
191 36
192 0
192 2
192 3
192 7
192 124
192 162
193 0
193 1
193 3
193 5
194 2
194 158
195 0
195 1
195 2
195 3
195 4
195 5
196 0
196 3
196 4
196 5
196 6
196 7
196 8
196 96
197 2
197 3
197 4
197 5
197 6
197 62
197 65
197 86
198 0
198 3
198 4
198 5
198 6
198 62
198 65
199 3
199 4
199 5
199 7
199 72
200 0
200 1
200 2
200 3
200 5
200 6
200 24
200 46
200 126
201 0
201 2
201 3
201 153
202 0
202 1
202 2
202 3
202 4
202 5
202 28
203 1
203 2
203 3
203 4
203 7
203 71
203 74
203 109
204 0
204 3
204 4
204 5
204 6
204 135
205 1
205 3
205 4
205 5
205 7
205 72
205 77
206 0
206 2
206 4
206 5
206 7
206 71
207 0
207 2
207 3
207 5
207 6
207 7
207 100
208 0
208 1
208 4
208 5
208 7
208 71
208 134
209 0
209 1
209 2
209 3
209 4
209 5
209 6
209 7
210 0
210 2
210 3
210 26
211 0
211 2
211 34
212 0
212 1
212 2
212 3
212 5
212 6
212 46
212 126
213 2
213 4
213 5
213 65
213 111
213 143
213 165
214 0
214 1
214 2
214 4
214 5
214 7
214 19
214 130
215 0
215 1
215 2
215 3
215 4
215 5
215 195
216 0
216 2
216 3
216 7
216 8
216 118
216 124
217 0
217 1
217 2
217 3
217 5
217 6
217 7
217 47
218 0
218 2
218 5
218 6
218 7
218 8
218 97
218 156
219 2
219 4
219 5
219 62
219 65
219 111
220 4
220 26
221 0
221 4
221 5
221 7
221 8
221 97
222 0
222 2
222 3
222 4
222 5
222 6
222 7
223 0
223 1
223 2
223 34
224 0
224 3
224 5
224 6
224 8
224 60
225 3
225 4
225 5
225 141
226 0
226 4
226 5
226 15
226 38
227 2
227 113
228 0
228 1
228 2
228 3
228 4
229 0
229 2
229 3
229 5
229 6
229 7
229 47
229 217
230 0
230 1
230 3
230 4
230 5
230 7
230 14
231 0
231 3
231 4
232 0
232 3
232 4
232 5
232 29
232 66
233 0
233 1
233 3
233 4
233 5
233 6
233 24
233 46
233 73
233 155
234 0
234 1
234 2
234 3
234 4
234 6
234 24
234 46
235 0
235 1
235 3
235 5
235 6
236 4
236 5
236 7
236 72
236 77
236 144
237 1
237 3
237 4
237 5
237 7
237 72
238 0
238 1
238 2
238 3
238 4
238 28
238 39
239 0
239 4
239 15
240 1
240 3
240 4
240 5
240 14
240 36
240 148
241 0
241 4
241 5
241 6
241 24
241 46
241 155
242 0
242 2
242 3
242 4
242 12
243 1
243 3
243 4
243 5
243 7
243 41
243 67
244 0
244 1
244 2
244 3
244 4
244 5
244 6
244 24
244 46
244 73
245 0
245 3
245 5
245 14
245 36
245 95
246 0
246 2
246 7
246 8
246 124
247 0
247 3
247 4
248 1
248 2
248 3
248 4
248 5
248 7
248 71
249 4
249 26
249 220
250 0
250 1
250 2
250 3
250 4
250 5
250 40
250 178
250 180
251 0
251 1
251 2
251 3
251 5
251 6
251 24
251 46
251 126
252 0
252 1
252 3
252 4
252 5
252 54
253 0
253 1
253 2
253 3
253 33
254 2
254 3
254 4
254 28
255 1
255 2
255 3
255 5
255 71
255 150
256 0
256 1
256 3
256 4
256 5
256 7
256 14
257 0
257 1
257 2
257 3
257 4
257 5
257 40
258 0
258 1
258 2
258 4
258 5
258 6
258 16
259 0
259 3
259 5
259 6
259 8
259 60
259 224
260 0
260 1
260 2
260 3
260 33
260 253
261 3
261 4
261 5
261 72
262 0
262 4
262 5
262 106
263 0
263 1
263 2
263 3
263 4
263 71
264 26
264 220
265 1
265 2
265 4
265 5
265 7
265 21
265 32
265 188
266 0
266 1
266 2
266 3
266 4
266 5
266 7
266 8
266 13
267 2
267 4
267 5
267 6
267 7
267 79
268 0
268 1
268 2
268 4
268 5
268 40
268 178
268 180
269 0
269 2
269 3
269 5
269 158
270 1
270 4
270 5
270 7
270 72
270 77
270 144
270 189
271 0
271 1
271 2
271 3
271 4
271 7
271 8
272 0
272 1
272 2
272 3
272 5
272 6
272 24
272 46
273 2
273 113
273 227
274 1
274 2
274 3
274 4
274 5
274 7
274 71
274 133
275 1
275 2
275 3
275 4
275 6
275 24
275 46
276 0
276 2
276 3
276 4
276 12
277 4
277 5
277 65
277 111
277 143
277 165
277 213
278 1
278 4
278 5
278 7
279 0
279 1
279 2
279 3
279 4
279 5
279 40
280 0
280 1
280 2
280 3
280 4
280 5
280 40
280 78
281 0
281 1
281 2
281 3
281 6
281 8
281 56
282 0
282 1
282 3
282 4
282 5
282 54
282 252
283 0
283 5
283 6
283 8
283 60
283 224
284 0
284 1
284 2
284 3
284 4
284 5
284 7
284 8
284 190
285 0
285 2
285 4
285 6
285 62
285 65
286 0
286 1
286 2
286 3
286 4
286 5
286 6
286 7
287 0
287 3
287 4
287 5
287 6
287 204
288 3
288 4
288 5
288 7
288 199
289 1
289 2
289 3
289 4
289 5
289 6
290 0
290 2
290 5
290 6
290 7
290 97
290 156
291 0
291 4
291 5
291 7
291 8
291 97
291 221
292 1
292 3
292 72
293 0
293 4
293 5
293 6
293 24
293 46
293 155
294 1
294 6
294 53
295 0
295 1
295 2
295 3
295 5
295 6
295 24
295 46
296 4
296 5
296 7
296 72
296 199
297 2
297 4
297 5
297 62
297 111
298 1
298 2
298 4
298 5
298 7
298 21
298 188
298 265
299 0
299 2
299 3
299 4
299 5
299 28
299 94
300 0
300 2
300 5
300 158
301 1
301 2
301 3
301 4
302 4
302 5
302 111
302 143
302 165
303 0
303 1
303 2
303 4
303 5
303 40
303 180
304 0
304 2
304 3
304 5
304 6
304 24
304 126
305 0
305 1
305 5
305 14
306 4
306 15
306 127
307 1
307 3
307 4
307 5
307 14
307 36
307 148
308 0
308 1
308 2
308 4
308 5
308 6
308 16
309 1
309 2
309 4
309 5
309 7
309 21
309 188
309 265
310 0
310 3
310 4
310 5
310 7
310 14
310 18
310 186
311 0
311 1
311 4
311 7
311 19
311 71
311 134
312 0
312 2
312 4
312 6
312 62
312 65
313 2
313 113
313 182
314 1
314 2
314 3
314 5
314 6
314 24
314 46
314 295
315 2
315 113
315 182
316 1
316 2
316 3
316 4
316 5
316 6
316 24
316 46
316 73
316 244
317 0
317 2
317 3
317 5
317 40
317 52
318 0
318 2
318 5
318 28
318 29
319 0
319 1
319 3
319 5
319 54
319 252
320 0
320 2
320 7
320 118
320 124
321 1
321 4
321 5
321 183
322 1
322 2
322 4
322 5
322 7
322 188
322 265
322 298
323 0
323 3
323 84
324 0
324 1
324 2
324 3
324 4
324 6
324 7
324 8
324 13
325 0
325 1
325 3
325 4
325 5
325 7
325 190
325 284
326 0
326 1
326 2
326 3
326 4
326 5
326 6
326 24
327 0
327 2
327 4
327 5
327 7
327 19
327 214
328 0
328 1
328 2
328 3
328 4
328 5
329 0
329 1
329 2
329 3
330 0
330 1
330 2
330 3
330 4
330 5
330 7
330 19
330 71
331 0
331 1
331 2
331 3
331 4
331 5
331 7
331 19
332 0
332 1
332 3
332 4
332 5
332 7
332 14
333 0
333 1
333 2
333 5
333 6
333 16
333 258
334 3
334 4
334 5
334 6
334 65
334 75
334 117
335 2
335 4
335 5
335 6
335 7
335 21
335 30
336 0
336 1
336 2
336 3
336 4
336 5
336 6
336 7
336 8
336 13
337 0
337 1
337 2
337 3
337 4
337 6
337 24
338 0
338 1
338 3
338 4
338 5
338 7
338 190
338 284
338 325
339 0
339 2
339 4
339 6
339 62
339 312
340 28
341 0
341 3
341 4
341 5
341 6
341 7
341 8
341 96
342 1
342 3
342 4
342 5
342 36
342 148
343 4
343 5
343 7
343 72
343 77
343 144
344 0
344 1
344 3
344 4
344 5
344 40
344 257
345 4
345 26
345 220
345 249
346 1
346 3
346 4
346 5
346 168
346 184
347 1
347 2
347 3
347 4
347 5
348 2
348 3
348 8
348 118
348 124
349 0
349 4
349 5
349 7
349 8
349 96
350 0
350 2
350 3
350 4
350 5
351 0
351 1
351 2
351 5
351 6
351 16
351 258
352 1
352 3
352 4
352 5
352 14
352 36
353 0
353 1
353 2
353 3
353 4
353 5
353 6
353 7
353 8
354 0
354 2
354 4
354 5
354 7
354 19
354 214
355 0
355 3
355 5
355 6
355 62
355 65
356 0
356 1
356 2
356 3
356 4
356 5
356 6
356 7
356 8
356 353
357 2
357 4
357 5
357 62
357 65
357 111
357 143
358 0
358 1
358 2
358 3
358 4
358 7
358 71
359 0
359 1
359 2
359 4
359 5
359 6
359 16
360 0
360 2
360 3
360 4
360 5
360 28
361 1
361 3
361 5
361 6
361 16
362 1
362 3
362 4
362 5
362 14
362 36
362 148
362 240
363 0
363 1
363 2
363 3
363 5
363 6
363 46
363 126
364 0
364 2
364 7
364 8
364 246
365 0
365 3
365 5
365 6
365 7
365 8
365 96
366 0
366 4
366 5
366 15
366 38
367 0
367 2
367 3
367 8
367 124
367 162
368 0
368 1
368 2
368 3
368 4
368 228
369 0
369 3
369 4
369 35
370 0
370 1
370 2
370 69
371 0
371 2
371 124
371 162
372 0
372 1
372 3
372 4
372 5
372 14
372 68
373 0
373 1
373 3
373 4
373 5
373 7
374 1
374 3
374 6
374 110
374 121
375 0
375 1
375 3
375 4
375 5
375 6
375 16
376 0
376 1
376 3
376 4
376 6
376 24
376 46
376 155
377 0
377 2
377 4
377 5
377 7
377 71
377 206
378 0
378 2
378 3
378 4
378 5
378 6
379 2
379 3
379 4
379 12
379 242
380 0
380 2
380 3
380 5
380 40
380 52
380 317
381 0
381 1
381 4
381 5
381 7
381 41
381 67
381 105
382 1
382 3
382 4
382 5
382 7
382 67
382 243
383 1
383 2
383 3
383 4
383 5
383 28
384 1
384 3
384 4
384 5
384 7
384 14
384 256
385 4
385 5
385 65
385 111
385 143
385 165
385 213
386 1
386 2
386 3
386 4
386 5
387 0
387 2
387 3
387 4
387 6
387 7
387 8
387 118
388 5
388 65
388 111
388 143
388 165
388 213
388 277
389 0
389 1
389 2
390 3
390 4
390 5
391 1
391 4
391 5
391 7
392 0
392 1
392 3
392 4
392 7
392 14
392 256
393 0
393 2
393 5
393 6
393 46
393 363
394 1
394 2
394 4
394 7
394 71
394 74
394 109
394 203
395 0
395 3
395 4
395 6
395 7
395 8
395 118
395 387
396 1
396 3
396 4
396 5
396 14
396 36
396 148
396 240
397 0
397 1
397 2
397 3
397 4
397 5
397 28
397 202
398 1
398 2
398 4
398 5
398 6
398 16
398 258
399 0
399 4
399 5
399 204
400 0
400 2
400 3
400 12
400 45
401 1
401 4
401 5
401 14
401 36
401 148
402 0
402 1
402 2
402 5
402 16
402 258
403 0
403 1
403 2
403 3
403 4
403 5
403 40
403 257
404 0
404 1
404 4
404 6
404 24
404 46
404 73
404 155
405 0
405 4
405 5
405 6
405 24
405 46
405 73
405 155
406 0
406 3
406 4
406 7
406 14
406 18
407 0
407 2
407 3
407 4
407 28
407 29
408 1
408 3
408 4
408 5
408 14
408 36
408 148
408 240
409 0
409 3
409 4
409 12
409 98
410 4
410 5
410 111
410 143
410 165
410 385
411 0
411 3
411 4
411 5
411 7
411 14
412 2
412 3
412 8
412 118
412 124
413 0
413 1
413 3
413 4
413 5
413 6
413 24
414 1
414 3
414 4
414 5
414 148
415 0
415 1
415 2
415 3
415 4
415 5
415 6
415 7
415 8
415 353
416 0
416 1
416 2
416 3
416 4
417 0
417 2
417 4
417 6
417 62
417 285
418 0
418 3
418 4
418 5
418 6
418 7
418 96
419 0
419 2
419 4
419 62
419 312
420 0
420 2
420 3
420 5
420 6
420 7
420 100
421 1
421 2
421 3
421 4
421 5
421 6
421 7
421 8
421 60
422 0
422 1
422 3
422 4
422 5
422 7
422 107
423 0
423 1
423 2
423 4
423 7
423 8
424 0
424 1
424 2
424 3
424 5
424 7
424 19
425 4
425 65
425 111
425 143
425 165
425 213
425 277
426 0
426 1
426 3
426 5
426 7
426 14
426 332
427 1
427 2
427 34
427 223
428 0
428 4
428 5
428 6
428 62
428 65
428 75
429 0
429 1
429 3
429 5
429 190
429 284
429 325
430 2
430 4
430 5
430 62
430 111
431 0
431 4
431 5
431 7
431 8
431 96
432 0
432 1
432 2
432 3
432 4
432 5
432 7
433 0
433 1
433 2
433 3
433 4
433 5
433 6
433 7
433 8
433 353
434 0
434 3
434 4
434 5
434 14
434 37
435 1
435 3
435 4
435 5
436 1
436 2
436 3
436 4
436 386
437 0
437 1
437 2
437 3
437 4
437 5
437 6
437 8
438 0
438 1
438 4
438 5
438 6
438 24
438 46
438 73
438 155
438 233
439 0
439 1
439 3
439 5
439 332
440 0
440 2
440 3
440 4
440 6
440 75
441 0
441 2
441 7
441 8
441 124
441 162
442 0
442 2
442 3
442 4
442 45
442 99
443 0
443 2
443 3
443 4
443 5
443 6
443 62
444 0
444 1
444 4
444 6
444 24
444 46
444 73
445 0
445 1
445 2
445 3
445 4
445 5
445 6
446 0
446 1
446 2
446 4
446 5
446 40
446 178
446 180
446 268
447 0
447 2
447 3
447 4
447 12
448 1
448 3
448 4
448 5
448 7
448 67
448 243
448 382
449 0
449 1
449 5
449 332
450 3
450 5
450 6
450 62
450 65
450 86
451 0
451 1
451 2
451 3
452 0
452 1
452 4
452 5
452 6
452 16
452 359
453 0
453 1
453 2
453 3
453 4
453 5
453 40
454 0
454 1
454 2
454 3
454 4
454 110
455 0
455 1
455 3
455 5
455 14
455 36
456 0
456 1
456 2
456 3
456 5
456 6
456 24
456 46
456 126
457 0
457 1
457 2
457 4
457 5
457 40
457 257
458 0
458 1
458 2
458 3
458 4
458 6
458 7
458 8
458 353
459 0
459 1
459 4
459 5
459 19
459 71
459 134
460 0
460 2
460 3
460 4
461 1
461 3
461 4
461 5
461 6
461 24
462 0
462 1
462 2
462 4
462 5
463 0
463 2
463 4
463 5
464 0
464 1
464 3
464 4
464 5
464 54
465 2
465 4
465 5
465 40
465 178
465 180
465 268
465 446
466 0
466 1
466 3
466 6
466 110
466 121
467 0
467 1
468 0
468 2
468 4
468 6
468 62
468 312
468 339
469 0
469 4
469 5
469 6
469 7
469 97
469 156
470 0
470 1
470 2
470 4
470 5
471 0
471 1
471 2
471 3
472 0
472 1
472 2
472 4
472 5
472 40
472 178
472 180
473 4
473 26
473 249
473 345
474 0
474 2
474 3
474 4
474 460
475 1
475 3
475 4
475 5
475 7
475 14
476 0
476 4
476 5
476 62
476 65
476 75
477 3
477 4
477 5
477 7
477 199
478 0
478 1
478 2
478 4
478 5
478 462
479 0
479 4
479 5
479 6
479 62
479 65
479 75
480 1
480 3
480 4
480 5
480 36
481 0
481 2
481 3
481 4
481 12
482 5
482 65
482 143
482 213
482 277
482 388
483 0
483 2
483 3
483 4
483 12
483 447
484 1
484 2
484 3
484 4
484 5
484 7
484 71
484 248
485 0
485 1
485 3
485 4
485 6
485 7
485 353
486 0
486 1
486 2
486 4
486 6
486 7
486 353
487 2
487 4
487 5
487 6
487 7
487 21
488 0
488 1
488 4
488 5
488 6
488 24
488 46
488 73
488 155
488 233
489 1
489 6
489 16
489 258
489 333
490 0
490 2
490 3
490 5
490 6
490 7
490 100
490 420
491 0
491 1
491 4
491 7
491 19
492 2
492 3
493 4
493 5
493 7
493 72
493 77
493 236
494 1
494 3
494 4
494 5
494 7
494 14
494 256
494 384
495 0
495 1
495 2
495 4
495 5
495 40
495 180
496 0
496 1
496 2
496 3
496 471
497 1
497 3
497 5
497 14
497 36
497 352
498 2
498 4
498 5
498 7
498 79
498 267
499 1
499 2
499 3
499 4
499 7
499 71
499 133
500 0
500 2
500 3
500 4
500 12
500 99
500 132
501 2
501 4
501 5
501 65
501 111
501 143
501 165
501 213
502 2
502 4
502 5
502 6
502 62
502 65
503 0
503 5
504 0
504 1
504 3
504 4
504 5
504 54
504 464
505 0
505 1
505 3
505 4
505 5
505 28
505 202
505 397
506 1
506 3
506 4
506 301
507 0
507 2
507 3
507 4
507 5
507 28
507 29
507 81
508 1
508 2
508 3
508 4
508 5
508 7
509 0
509 1
509 2
509 3
509 4
509 5
509 6
509 7
510 0
510 1
510 3
510 4
510 5
510 54
511 3
511 4
511 5
511 6
511 75
511 117
511 334
512 0
512 2
512 3
512 4
512 6
512 75
513 1
513 59
514 3
514 4
514 98
515 0
515 1
515 2
515 3
515 4
515 5
515 40
516 0
516 1
516 3
516 6
516 8
516 56
516 281
517 1
517 2
517 4
517 5
517 7
517 21
517 188
518 1
518 2
518 4
518 7
518 188
518 265
518 298
518 322
519 0
519 1
519 4
519 5
519 6
519 24
519 46
519 73
519 155
519 233
519 438
520 0
520 1
520 2
520 3
520 5
520 40
520 257
521 0
521 1
521 2
521 4
521 5
521 6
521 16
522 1
522 3
522 4
522 5
522 14
522 148
523 0
523 1
523 2
523 3
523 33
523 253
524 0
524 1
524 2
524 3
524 4
524 5
524 7
524 71
524 88
525 3
525 4
525 5
525 7
525 107
525 147
526 0
526 1
526 2
526 3
526 4
526 5
526 195
526 215
527 0
527 1
527 2
527 3
527 4
527 5
527 40
528 0
528 2
528 3
528 4
528 6
528 75
528 440
529 0
529 1
529 2
529 3
529 4
529 7
529 19
529 331
530 0
530 3
530 4
530 5
530 6
530 7
530 418
531 1
531 2
531 113
531 182
532 0
532 2
532 3
532 4
532 5
532 7
532 71
532 88
533 0
533 2
533 3
533 4
533 8
534 2
534 5
534 158
534 300
535 0
535 1
535 3
535 4
535 5
535 54
536 2
536 3
536 5
536 6
536 7
537 1
537 59
538 1
538 2
538 3
538 4
538 5
538 7
538 71
538 133
539 1
539 3
539 6
539 110
539 121
539 374
540 0
540 1
540 3
540 4
540 6
540 110
540 121
541 0
541 2
541 3
541 4
541 5
541 6
541 7
542 0
542 1
542 2
542 4
542 5
542 7
542 71
543 0
543 1
543 2
543 3
543 4
543 7
543 8
544 0
544 3
544 4
544 6
544 7
544 353
544 485
545 4
545 5
545 14
545 179
546 0
546 1
546 3
546 4
546 7
546 14
547 0
547 1
547 2
547 3
547 4
547 5
547 40
547 178
547 180
548 0
548 1
548 2
548 3
548 5
548 6
548 46
548 126
548 200
549 1
549 2
549 3
549 7
549 71
549 74
549 109
550 0
550 2
550 3
550 4
550 12
551 1
551 2
551 4
551 5
551 7
551 71
551 248
552 1
552 4
552 5
552 7
552 72
552 77
552 144
552 189
553 0
553 1
553 2
553 3
553 4
553 5
553 7
554 0
554 4
554 35
555 1
555 3
555 5
555 14
555 36
555 148
555 240
556 1
556 3
556 4
556 7
556 71
556 74
556 109
556 203
557 0
557 1
557 2
557 3
557 4
557 5
557 40
557 515
558 0
558 1
558 2
558 3
558 4
558 5
558 40
558 178
558 180
559 0
559 1
559 3
559 4
559 5
559 7
560 1
560 2
560 3
560 347
561 0
561 1
561 3
561 5
562 1
562 4
562 77
562 144
562 189
563 2
563 4
563 65
563 111
563 143
563 165
563 213
564 1
564 2
564 3
564 4
564 5
564 71
565 0
565 2
565 3
565 4
565 45
566 0
566 3
566 4
566 5
566 6
566 7
566 418
567 2
567 3
567 4
567 40
567 52
568 0
568 3
568 4
568 5
568 6
568 418
569 0
569 1
569 3
569 4
569 6
569 46
569 155
570 0
570 4
570 5
570 15
570 38
570 366
571 0
571 1
571 2
571 3
571 4
571 5
571 40
571 178
571 180
571 547
572 4
572 5
572 7
572 15
572 127
572 164
573 1
573 3
573 4
573 5
573 36
573 148
573 240
574 1
574 3
574 4
574 5
574 54
575 0
575 3
575 4
575 12
576 0
576 1
576 3
576 4
576 5
576 6
576 7
576 209
577 3
577 4
577 5
577 72
578 4
578 5
578 62
578 65
578 111
579 0
579 1
579 4
579 5
579 40
579 178
579 180
580 0
580 1
580 2
580 3
580 4
580 5
580 7
580 13
581 0
581 4
581 5
581 7
581 8
581 97
581 221
582 0
582 2
582 3
582 4
582 7
582 58
583 0
583 1
583 4
583 6
583 24
583 46
583 73
583 155
584 0
584 1
584 4
584 5
584 40
584 178
584 180
585 0
585 1
585 2
585 5
585 6
585 16
585 258
585 333
586 0
586 1
586 4
586 5
586 6
586 24
586 73
586 155
586 233
587 0
587 1
587 2
587 3
587 4
587 5
587 6
587 93
588 1
588 2
588 3
588 4
588 6
588 110
589 2
589 113
589 227
590 0
590 1
590 3
590 4
590 5
591 2
591 3
591 8
591 118
591 124
591 412
592 0
592 1
592 2
592 3
592 4
592 5
592 93
593 2
593 118
593 124
593 412
593 591
594 0
594 2
594 7
594 8
594 118
594 124
595 2
595 7
595 246
596 2
596 4
596 65
596 143
596 165
596 213
597 0
597 1
597 3
597 4
597 5
597 168
597 184
598 1
598 2
598 3
598 4
598 5
598 6
598 24
598 46
598 73
598 244
598 316
599 2
599 3
599 8
599 118
599 124
599 348
600 0
600 1
600 4
600 5
600 16
600 359
600 452
601 3
601 5
601 332
601 439
602 2
602 3
602 4
602 6
602 7
602 8
602 118
603 0
603 2
603 3
603 4
603 5
603 6
603 62
603 443
604 0
604 2
604 3
604 5
604 6
604 443
604 603
605 3
605 4
605 5
605 62
605 65
605 141
606 0
606 1
606 2
606 4
606 5
606 6
606 16
606 258
607 3
607 4
607 5
607 72
607 199
608 2
608 4
608 5
608 65
608 111
608 219
609 0
609 1
609 3
609 6
609 110
609 121
610 1
610 3
610 4
610 5
610 168
610 184
610 346
611 0
611 4
611 6
611 62
611 312
611 339
612 0
612 1
612 2
612 3
612 4
612 5
612 6
612 7
612 8
613 2
613 4
613 12
613 23
613 114
614 2
614 4
614 5
614 65
614 143
614 165
614 213
615 0
615 1
615 2
615 4
615 5
615 6
615 24
615 73
616 0
616 6
616 62
616 285
616 417
617 3
617 4
617 5
617 6
617 75
617 117
617 334
617 511
618 0
618 2
618 3
618 210
619 0
619 1
619 3
619 4
619 5
619 7
619 190
619 284
619 325
620 0
620 1
620 3
620 5
620 14
620 36
620 455
621 0
621 1
621 2
621 3
621 4
622 1
622 3
622 5
622 14
622 36
622 148
623 2
623 5
623 6
623 7
623 21
624 4
624 5
624 65
624 143
624 165
624 213
624 277
625 3
625 5
625 6
625 7
625 8
625 96
625 365
626 0
626 1
626 3
626 4
626 5
627 0
627 2
627 3
627 5
627 6
627 7
627 100
627 420
628 2
628 3
628 4
628 6
628 7
628 8
628 118
629 0
629 2
629 3
629 4
629 23
629 50
630 0
630 4
630 5
630 62
630 65
630 75
631 0
631 1
631 2
631 3
631 4
631 5
631 7
631 553
632 5
632 62
632 65
632 111
632 578
633 0
633 3
633 4
633 5
633 287
634 0
634 1
634 2
634 3
634 4
634 7
634 8
634 271
635 0
635 1
635 2
635 3
635 4
635 5
635 12
636 0
636 4
636 6
636 312
636 339
636 468
637 0
637 1
637 4
637 16
637 359
637 600
638 0
638 1
638 2
638 4
638 5
638 40
639 3
639 4
639 72
639 199
640 0
640 3
640 4
640 5
640 6
640 8
640 60
641 1
641 3
641 5
641 7
641 72
641 77
641 205
642 2
642 3
642 4
642 28
643 0
643 2
643 5
643 6
643 7
643 8
643 97
643 156
644 4
644 65
644 111
644 165
644 213
644 277
645 0
645 2
645 3
645 4
645 5
645 12
645 635
646 0
646 323
647 0
647 6
647 62
647 417
647 616
648 0
648 1
648 2
648 3
648 4
648 6
648 24
649 0
649 1
649 2
649 3
649 4
649 5
649 40
650 0
650 1
650 3
650 5
650 190
650 284
650 325
651 1
651 2
651 4
651 5
651 21
651 188
651 265
651 309
652 0
652 3
652 12
652 98
652 104
653 0
653 1
653 2
653 3
653 33
653 253
654 0
654 1
654 2
654 3
654 5
654 6
654 24
654 46
654 126
654 456
655 0
655 1
655 3
655 4
655 5
655 6
655 7
655 8
655 353
656 0
656 1
656 2
656 4
656 5
656 7
656 71
657 4
657 249
657 345
657 473
658 113
659 0
659 2
659 7
659 162
659 192
660 0
660 2
660 3
660 5
660 7
660 13
661 0
661 1
661 2
661 3
661 4
661 7
661 71
661 358
662 1
662 3
662 4
662 5
662 7
662 18
662 22
663 0
663 3
663 4
663 5
663 24
663 73
663 155
664 5
664 14
665 0
665 4
665 5
665 15
666 0
666 2
666 5
666 28
666 29
666 318
667 0
667 5
667 7
667 71
667 82
667 185
668 0
668 2
668 4
668 5
668 40
668 178
668 180
668 472
669 4
669 249
669 345
669 473
669 657
670 0
670 3
670 4
670 5
670 6
670 24
670 46
670 73
671 0
671 1
671 2
671 3
671 4
671 5
671 6
671 7
671 8
672 0
672 1
672 2
672 3
672 4
672 7
673 0
673 1
673 2
673 3
673 4
673 5
673 7
674 0
674 1
674 2
674 3
674 5
674 40
675 5
675 62
675 65
675 111
675 578
676 0
676 1
676 2
676 5
676 6
676 46
676 126
677 1
677 3
677 4
677 5
677 54
677 574
678 1
678 3
678 4
678 5
678 7
678 18
678 64
679 2
679 3
679 4
679 12
679 242
680 1
680 4
680 7
680 77
680 189
681 2
681 113
681 182
681 313
682 1
682 3
682 4
682 54
682 574
683 0
683 7
683 192
684 3
684 4
684 7
684 72
684 199
685 0
685 2
685 3
685 7
685 8
685 124
685 162
685 175
686 0
686 2
686 3
686 4
686 5
686 432
687 0
687 1
687 16
687 359
687 600
687 637
688 1
688 3
688 5
688 16
689 0
689 4
689 15
689 239
690 0
690 2
690 3
690 4
690 5
690 6
690 62
690 65
690 75
691 0
691 1
691 4
691 5
691 6
691 16
692 0
692 1
692 3
692 4
692 7
692 553
693 0
693 3
693 4
693 5
693 7
693 14
694 1
694 4
694 5
694 64
694 678
695 0
695 1
695 3
695 5
695 36
695 455
696 2
696 4
696 6
696 7
696 21
697 0
697 1
697 2
697 3
697 4
697 5
697 7
697 19
697 41
698 0
698 4
698 5
698 6
698 62
698 65
698 75
699 0
699 3
699 4
699 12
700 0
700 1
700 2
700 3
700 5
700 6
700 24
700 46
700 126
700 654
701 0
701 1
701 3
701 5
701 14
701 36
702 0
702 1
702 2
702 4
702 5
702 40
702 178
702 180
703 1
703 4
703 5
703 321
704 0
704 1
704 2
704 3
704 4
704 8
705 0
705 2
705 3
705 5
705 6
705 7
705 100
705 420
706 0
706 2
706 3
706 4
706 460
707 0
707 2
707 6
707 62
707 65
707 312
708 0
708 1
708 2
708 3
708 4
708 6
708 8
708 353
708 356
709 0
709 1
709 2
709 3
709 5
709 40
709 515
709 557
710 0
710 3
710 12
710 84
710 128
711 0
711 1
711 2
711 4
711 5
711 7
711 553
712 0
712 1
712 2
712 5
712 16
712 258
713 0
713 1
713 2
713 4
713 5
713 28
714 0
714 4
714 15
715 0
715 1
715 4
715 5
715 7
715 14
716 0
716 1
716 3
716 4
716 5
716 7
716 190
716 284
716 338
717 0
717 2
717 4
717 5
717 214
717 327
718 0
718 2
718 3
718 5
718 6
718 443
718 603
718 604
719 1
719 2
719 4
719 5
719 7
719 21
719 265
720 0
720 1
720 2
720 3
720 5
720 40
721 2
721 4
721 5
721 7
721 21
721 30
722 0
722 1
722 3
722 4
722 7
722 553
723 0
723 3
723 4
723 8
723 118
723 387
724 0
724 1
724 2
724 3
724 4
724 7
724 19
724 529
725 0
725 2
725 3
725 4
725 6
725 75
726 0
726 1
726 3
726 4
726 5
727 0
727 1
727 4
727 5
727 40
727 178
727 180
728 4
728 249
728 345
729 0
729 6
729 7
729 8
729 97
730 3
730 4
730 5
730 28
730 383
731 0
731 1
731 2
731 4
731 5
731 40
731 257
731 457
732 0
732 4
732 5
732 6
732 24
732 46
732 73
733 3
733 4
733 5
733 7
733 107
733 147
733 525
734 1
734 2
734 3
734 4
734 33
734 123
735 0
735 1
735 4
735 5
735 19
735 71
735 134
735 459
736 0
736 3
736 4
736 6
736 7
736 96
737 1
737 3
737 4
737 5
737 14
737 36
738 0
738 1
738 3
738 4
738 14
738 546
739 0
739 1
739 3
739 4
739 7
739 14
739 546
740 1
740 77
740 144
740 189
740 562
741 1
741 3
741 5
742 0
742 2
742 4
742 5
742 6
742 7
742 8
742 97
742 156
743 2
743 3
743 4
743 12
743 23
744 0
744 3
744 4
744 5
744 7
744 14
744 18
744 186
744 310
745 0
745 1
745 2
745 4
745 6
745 7
745 353
745 486
746 0
746 1
746 2
746 4
746 5
746 180
746 303
747 0
747 2
747 3
747 7
747 124
747 162
748 0
748 1
748 2
748 3
748 5
748 40
749 0
749 2
749 3
749 5
749 7
749 88
749 138
750 0
750 1
750 2
750 3
750 253
751 1
751 3
751 4
751 5
751 36
751 342
752 0
752 1
752 2
752 3
752 4
752 5
752 40
753 0
753 2
753 4
753 5
753 463
754 4
754 5
754 7
754 8
754 96
755 5
755 65
755 111
755 143
755 213
755 277
756 0
756 4
756 5
756 106
756 262
757 0
757 1
757 2
757 3
757 4
757 5
757 40
757 78
757 280
758 0
758 2
758 4
758 6
758 62
758 312
759 0
759 1
759 4
759 5
759 40
759 178
759 180
759 579
760 0
760 2
760 4
760 23
760 25
761 3
761 4
761 5
761 14
761 352
762 0
762 1
762 2
762 5
762 6
762 16
762 258
763 0
763 1
763 2
763 4
763 5
763 462
764 0
764 1
764 3
764 4
764 5
764 464
765 1
765 3
765 4
765 7
765 553
766 2
766 6
766 62
766 65
766 312
767 1
767 2
767 4
767 5
767 21
767 188
767 265
767 309
767 651
768 1
768 2
768 3
768 5
768 40
768 674
769 0
769 1
769 3
769 5
769 54
769 464
770 1
770 77
770 144
770 189
770 562
771 0
771 3
771 210
771 618
772 3
772 210
772 618
773 0
773 1
773 3
773 4
773 5
773 7
774 5
774 7
774 72
774 199
774 296
775 0
775 2
775 3
775 4
776 3
776 4
776 5
776 6
776 62
776 65
776 86
777 1
777 2
777 3
777 4
777 5
777 6
777 24
777 46
777 73
777 244
777 316
778 0
778 2
778 3
778 5
778 6
778 7
779 0
779 1
779 2
779 3
779 4
779 5
779 6
779 7
779 8
779 336
780 0
780 1
780 2
780 4
780 5
780 462
781 0
781 4
781 5
781 6
781 62
781 65
781 75
781 698
782 2
782 4
782 5
782 62
782 65
782 111
782 143
782 357
783 4
783 6
783 7
783 21
783 30
784 0
784 1
784 5
784 6
784 24
784 46
784 155
784 233
784 438
784 519
785 3
785 4
785 5
785 7
785 72
785 199
786 2
786 4
786 5
786 7
786 21
787 1
787 3
787 5
787 7
787 72
787 77
788 0
788 2
788 3
788 5
788 7
788 88
788 138
789 0
789 2
789 3
789 4
789 5
789 12
790 0
790 3
790 4
790 5
790 6
790 418
791 0
791 1
791 2
791 3
791 40
792 0
792 2
792 5
792 6
792 16
792 258
792 762
793 0
793 2
793 4
793 5
793 6
793 7
793 8
793 151
794 4
794 5
794 7
794 14
794 715
795 1
795 3
795 4
795 5
795 7
795 67
795 243
795 382
796 1
796 3
796 4
796 5
796 7
796 67
796 243
797 0
797 2
797 3
797 4
797 8
797 533
798 6
798 7
798 8
798 97
798 729
799 1
799 2
799 113
800 0
800 1
800 2
800 3
800 4
800 28
800 39
800 238
801 1
801 2
801 5
801 40
801 674
802 4
802 249
802 345
802 473
802 669
803 0
803 1
803 3
803 4
803 7
804 0
804 1
804 2
804 3
804 4
805 3
805 4
805 5
805 7
805 72
805 199
805 785
806 1
806 11
807 0
807 2
807 4
807 5
807 28
807 29
807 81
808 0
808 1
808 2
808 4
808 5
808 258
809 0
809 1
809 2
809 3
809 4
809 5
809 7
809 71
809 74
810 4
810 7
811 0
811 4
811 15
812 0
812 1
812 2
812 5
812 40
812 257
813 0
813 3
813 4
813 5
813 24
813 73
813 155
814 4
814 5
814 65
814 111
814 165
814 277
815 0
815 1
815 2
815 5
815 16
815 585
816 0
816 3
816 5
816 190
816 284
816 325
817 2
817 3
817 5
817 6
817 443
817 603
817 604
818 0
818 2
818 3
818 40
818 52
818 380
819 513
820 0
820 2
820 3
820 12
821 0
821 2
821 7
821 162
821 192
821 659
822 1
822 3
822 4
822 5
822 14
822 36
823 0
823 1
823 2
823 3
823 4
823 5
823 28
824 0
824 1
824 2
825 2
825 5
825 28
825 29
826 1
826 4
826 5
826 7
826 391
827 0
827 2
827 5
827 7
828 0
828 1
828 3
828 4
828 5
828 6
828 7
828 8
828 353
828 655
829 0
829 1
829 2
829 3
829 5
829 6
829 24
829 46
829 126
829 456
829 654
830 0
830 1
830 2
830 3
830 4
830 5
830 40
830 515
830 557
831 1
831 3
831 4
831 5
831 54
831 574
832 0
832 1
832 2
832 3
832 5
832 6
832 16
833 0
833 5
833 6
833 24
833 46
833 155
833 233
833 438
833 519
833 784
834 0
834 2
834 3
834 4
834 5
835 0
835 3
835 5
835 6
835 8
835 60
835 224
836 0
836 1
836 2
836 3
836 5
836 6
836 46
836 126
836 363
837 0
837 3
837 4
837 5
837 6
837 7
837 8
837 96
837 341
838 0
838 1
838 2
838 5
838 40
838 720
839 0
839 1
839 4
839 5
839 40
839 180
839 579
840 0
840 3
840 5
840 6
840 100
841 1
841 3
841 5
841 14
841 36
841 148
842 0
842 1
842 2
842 4
842 5
843 1
843 2
843 5
843 6
843 7
843 8
843 13
844 1
844 2
844 4
844 5
844 21
844 32
844 188
844 265
845 0
845 3
845 4
845 7
845 41
845 67
846 0
846 2
846 3
846 4
846 6
846 75
846 440
846 528
847 2
847 3
847 5
847 71
847 150
848 0
848 1
848 3
848 4
848 5
849 0
849 1
849 2
849 4
849 258
850 1
850 2
850 3
850 4
850 5
850 24
850 46
850 73
850 244
851 0
851 1
851 4
851 6
851 24
851 73
851 155
852 2
852 23
852 114
852 172
853 0
853 1
853 3
853 5
854 0
854 3
854 4
854 6
854 7
854 353
854 485
854 544
855 0
855 1
855 3
855 4
855 5
855 168
856 0
856 3
856 7
856 14
856 18
856 406
857 1
857 2
857 4
857 5
857 7
857 21
857 265
858 1
858 59
859 1
859 3
859 4
859 110
859 121
859 187
860 1
860 2
860 3
860 386
860 436
861 0
861 5
861 7
861 71
861 82
861 185
861 667
862 0
862 2
862 3
862 4
862 28
862 29
863 0
863 1
863 2
863 5
863 6
863 16
863 258
863 333
864 0
864 4
864 5
864 15
864 665
865 1
865 2
865 3
865 4
865 5
865 195
865 215
865 526
866 113
866 313
866 681
867 1
867 3
867 72
868 0
868 6
868 62
868 417
868 616
869 0
869 1
869 3
869 4
869 7
869 8
869 543
870 0
870 4
870 5
870 15
870 38
871 0
871 2
871 4
871 23
871 25
871 760
872 3
872 5
872 14
872 36
872 148
872 841
873 0
873 1
873 3
873 4
873 5
873 54
873 252
874 0
874 2
874 4
874 6
874 65
875 0
875 1
875 2
875 3
875 4
875 5
875 6
875 7
876 0
876 2
876 3
876 4
876 6
876 7
876 13
876 324
877 0
877 1
877 2
877 3
877 5
877 6
877 46
877 126
878 0
878 1
878 3
878 4
878 5
878 54
878 464
879 1
879 4
879 5
879 36
879 148
880 0
880 4
880 5
880 6
880 24
880 73
880 155
880 233
881 1
881 3
881 4
881 5
881 54
881 574
882 1
882 4
882 5
882 7
882 21
882 265
883 1
883 2
883 3
883 7
883 71
883 74
883 109
884 0
884 2
884 4
884 5
884 6
884 7
884 222
885 0
885 2
885 4
885 5
885 28
885 29
885 81
885 807
886 3
886 5
886 6
886 8
886 365
887 0
887 4
887 5
887 14
887 83
887 179
888 0
888 1
888 2
888 3
888 4
888 40
888 178
888 180
888 558
889 0
889 1
889 3
889 4
889 5
889 40
889 257
889 344
890 1
890 3
890 4
890 5
890 148
890 414
891 5
891 8
891 96
891 754
892 1
892 4
892 5
892 36
892 822
893 1
893 4
893 5
893 7
893 190
893 284
893 325
893 619
894 0
894 1
894 3
894 4
894 5
894 54
894 149
895 0
895 1
895 2
895 3
895 5
895 40
895 257
896 0
896 1
896 2
896 3
896 4
896 6
896 24
896 46
896 73
897 0
897 1
897 2
897 3
897 4
897 5
897 7
898 0
898 2
898 3
898 4
898 45
898 565
899 0
899 1
899 3
899 4
899 5
899 54
899 149
900 0
900 2
900 3
900 4
900 58
900 582
901 0
901 3
901 4
901 7
901 41
901 67
902 0
902 4
902 6
902 7
902 353
902 485
902 544
902 854
903 0
903 1
903 3
903 4
903 5
903 54
903 252
903 873
904 0
904 1
904 2
904 3
904 5
904 6
904 24
904 46
905 0
905 2
905 7
905 8
905 118
905 124
905 594
906 0
906 4
906 5
906 62
906 65
906 476
907 0
907 2
907 4
907 23
907 25
907 871
908 0
908 2
908 5
908 158
908 300
909 0
909 1
909 4
909 5
909 28
909 202
909 397
910 0
910 1
910 2
910 3
910 6
910 8
910 56
911 3
911 4
911 6
911 7
911 8
911 118
911 602
912 1
912 2
913 1
913 2
913 3
913 5
913 6
913 24
913 46
913 244
913 316
913 598
914 1
914 3
914 5
914 7
914 18
915 0
915 4
915 7
915 41
916 1
916 2
916 6
916 7
916 8
916 13
916 843
917 2
917 23
917 114
917 172
917 852
918 0
918 2
918 3
918 40
918 52
918 317
919 23
919 172
919 852
920 0
920 5
920 7
920 8
920 97
920 221
920 291
921 3
921 4
921 5
921 54
921 464
922 2
922 3
922 4
922 6
922 7
922 13
922 324
923 1
923 4
923 5
923 14
923 36
923 352
924 1
924 4
924 7
924 71
924 109
924 203
925 59
926 0
926 2
926 3
926 153
926 201
927 2
927 5
927 111
927 297
928 0
928 2
928 3
928 4
928 460
929 0
929 1
929 2
929 5
929 16
929 333
930 0
930 2
930 3
930 4
930 7
931 0
931 1
931 2
931 3
931 7
931 8
931 543
932 0
932 1
932 2
932 3
932 4
932 5
932 6
932 7
933 2
933 3
933 4
933 5
933 28
934 3
934 4
934 301
934 506
935 0
935 1
935 2
935 3
935 4
935 5
935 40
935 257
935 403
936 0
936 2
936 3
936 5
936 6
936 443
936 603
936 604
936 718
937 1
937 2
937 4
937 258
938 0
938 6
938 62
938 285
938 417
938 616
939 0
939 2
939 3
939 5
939 88
939 138
939 788
940 0
940 1
940 2
940 5
940 6
940 258
940 762
941 2
941 3
941 4
941 28
941 29
941 862
942 5
942 65
942 143
942 277
942 388
943 0
943 1
943 2
943 3
943 4
943 5
943 6
943 16
943 177
944 0
944 2
944 3
944 4
944 49
945 0
945 1
945 2
945 3
945 4
946 0
946 2
946 4
946 5
946 28
946 29
947 0
947 1
947 2
947 3
947 4
947 6
947 7
947 8
947 612
948 0
948 1
948 2
948 3
948 5
948 46
948 126
949 0
949 1
949 2
949 3
949 4
949 5
949 6
949 7
949 875
950 2
950 3
950 4
950 5
950 62
950 65
950 141
951 0
951 2
951 4
951 5
951 7
951 206
952 1
952 3
952 4
952 5
952 54
952 574
952 881
953 0
953 2
953 3
953 4
953 61
954 0
954 2
954 3
954 4
954 5
954 6
954 7
954 8
955 0
955 1
955 2
955 3
955 4
955 5
955 7
955 19
955 331
956 0
956 2
956 3
956 4
956 5
957 1
957 3
957 4
957 61
958 0
958 1
958 2
958 4
958 5
958 40
958 180
958 268
958 446
959 4
959 5
959 6
959 7
959 21
960 3
960 4
960 5
960 28
960 383
960 730
961 1
961 3
961 4
961 5
961 54
961 252
961 873
961 903
962 2
962 4
962 5
962 65
962 143
962 165
962 213
962 614
963 2
963 3
963 12
963 242
964 0
964 1
964 2
964 3
964 4
964 5
964 7
965 0
965 4
965 5
965 15
965 38
965 870
966 1
966 2
966 3
966 5
966 7
967 0
967 1
967 2
967 3
967 4
967 5
967 6
967 24
967 46
967 73
968 0
968 1
968 2
968 4
968 7
968 8
969 1
969 3
969 4
969 5
969 7
969 18
969 662
970 0
970 1
970 5
970 6
970 24
970 46
970 155
970 233
970 488
971 1
971 3
971 4
971 5
971 6
971 7
971 209
971 576
972 4
972 5
972 6
972 62
972 115
973 0
973 1
973 2
973 4
973 5
973 6
973 16
974 0
974 2
974 4
974 5
974 40
975 0
975 3
975 4
975 5
975 6
975 7
975 8
975 96
975 196
976 1
976 3
976 4
976 7
976 19
976 331
977 4
977 65
977 111
977 143
977 165
977 277
978 0
978 1
978 2
978 3
978 4
978 5
978 40
978 78
979 2
979 4
979 65
979 143
979 165
979 213
979 596
980 0
980 1
980 2
980 3
980 5
980 6
980 46
981 0
981 1
981 2
981 4
981 5
981 40
981 178
981 180
981 547
982 0
982 2
982 3
982 4
982 5
982 40
982 52
983 0
983 1
983 3
983 4
983 5
983 14
983 372
984 1
984 3
984 4
984 7
984 19
984 331
984 976
985 0
985 3
985 4
985 8
985 543
985 869
986 1
986 3
986 4
986 7
986 553
986 765
987 0
987 1
987 3
987 4
987 5
987 7
987 190
987 284
987 338
987 716
988 1
988 3
988 4
988 71
988 74
988 109
989 0
989 1
989 2
989 3
989 4
989 5
989 140
990 0
990 2
990 5
990 7
990 88
990 138
990 749
991 0
991 1
991 4
991 5
991 24
991 46
991 73
991 155
991 233
991 438
991 519
992 1
992 2
992 3
992 5
992 6
992 24
992 46
992 904
993 0
993 1
993 2
993 258
993 762
994 0
994 2
994 3
994 4
994 6
995 0
995 1
995 2
995 5
995 462
996 0
996 1
996 4
996 5
996 7
996 41
996 67
996 105
997 0
997 3
997 4
997 5
997 6
997 418
998 1
998 2
998 4
998 5
999 3
999 4
999 5
999 168
999 184
999 346
