1 0
2 0
2 1
3 0
3 1
3 2
4 0
4 1
4 2
4 3
5 0
5 1
5 2
5 3
5 4
6 0
6 1
6 2
6 3
6 4
6 5
7 0
7 1
7 2
7 3
7 4
7 5
7 6
8 0
8 1
8 2
8 3
8 4
8 5
8 6
8 7
9 0
9 1
9 2
9 3
9 4
9 5
9 6
9 7
9 8
10 0
11 8
11 9
12 1
15 6
16 0
17 7
19 2
20 1
22 3
23 1
23 9
24 3
25 3
26 3
27 0
28 2
29 9
31 9
32 8
33 3
33 5
34 8
34 32
36 33
38 2
38 4
39 38
40 11
42 4
42 8
43 2
44 5
46 7
47 0
48 1
48 4
49 9
51 8
51 32
52 0
53 15
54 38
56 1
56 2
58 0
59 5
61 2
61 56
63 3
64 4
66 2
66 28
68 4
69 8
75 3
76 33
78 2
79 1
80 2
81 1
82 8
83 0
83 10
85 22
86 1
87 8
87 34
89 3
90 15
91 3
92 0
93 15
94 1
95 9
96 42
97 1
98 2
98 61
100 0
101 0
103 9
105 1
106 9
107 4
109 0
110 4
111 0
113 4
114 5
115 10
116 2
117 82
120 38
120 54
121 15
122 0
126 0
129 46
131 2
131 28
132 6
132 7
134 80
135 20
136 9
138 7
139 2
140 0
140 47
141 6
142 3
143 1
143 94
144 28
145 46
147 3
148 34
149 56
149 61
150 3
150 91
151 9
151 11
152 0
153 2
154 0
155 6
157 8
157 42
158 4
159 1
159 79
160 38
160 120
161 91
164 9
165 15
167 141
171 39
172 11
174 8
174 9
175 1
176 3
176 9
177 63
178 1
182 8
183 10
185 2
185 139
186 8
186 157
188 4
188 7
189 142
190 2
190 80
194 0
194 2
194 7
195 2
195 3
195 4
196 8
197 11
198 0
200 3
201 5
204 3
204 4
205 204
206 9
206 23
207 0
208 2
208 28
209 157
210 3
210 150
211 157
211 209
212 91
213 64
214 0
214 126
215 3
217 38
218 42
218 157
219 66
220 1
220 81
221 0
225 61
226 3
227 9
227 151
228 3
229 7
230 182
231 0
232 15
233 1
233 159
234 2
235 0
236 8
237 3
238 8
238 87
239 32
239 51
240 6
241 4
242 6
244 5
245 53
246 1
247 8
248 15
252 85
253 4
254 117
257 3
258 2
259 0
260 15
261 56
263 15
263 93
264 66
265 9
267 2
268 11
268 40
271 3
272 28
274 0
275 4
275 68
276 10
278 5
278 114
279 151
280 117
281 195
282 2
286 1
286 143
287 1
288 28
288 131
289 0
290 2
290 234
293 2
294 1
294 233
295 38
295 54
299 2
302 3
304 120
306 2
306 116
307 51
308 4
311 15
311 263
312 5
312 201
313 2
314 2
315 0
315 5
317 34
319 9
320 39
323 5
323 201
326 32
326 239
327 38
327 295
328 8
328 51
329 7
330 32
331 39
332 0
332 154
333 2
334 7
335 286
336 15
336 311
340 195
341 15
341 165
342 8
342 182
343 4
343 253
345 15
345 263
347 7
348 131
350 1
350 220
351 1
352 2
353 0
358 38
358 295
360 4
362 28
362 272
363 151
364 4
365 51
366 234
367 42
367 157
369 7
369 329
375 3
375 4
375 195
376 0
378 0
378 376
379 1
383 7
384 9
386 75
387 182
389 2
392 3
393 7
394 185
398 7
398 17
399 2
400 3
401 0
401 259
403 2
404 5
404 323
405 164
406 1
406 350
408 1
408 7
408 8
410 150
410 210
412 120
415 2
416 2
416 195
421 195
423 33
424 4
424 5
425 2
425 185
427 3
427 257
428 4
429 7
431 120
432 317
433 201
434 63
436 5
437 375
438 15
438 90
439 1
439 7
440 39
441 2
441 399
442 329
443 259
445 7
447 42
448 276
449 7
450 1
451 51
452 431
453 1
454 376
454 378
455 0
456 406
457 0
457 332
459 120
461 131
462 9
463 294
465 252
466 0
466 198
470 0
471 142
472 209
473 5
473 6
474 4
474 343
476 2
477 259
479 6
480 3
480 237
482 32
483 429
484 3
485 453
486 429
487 34
488 9
489 239
490 375
491 3
493 7
493 393
494 5
495 1
496 90
497 151
497 227
498 3
500 47
501 89
502 1
502 2
503 3
504 0
504 1
505 0
506 2
509 7
509 408
510 2
510 194
511 0
511 7
512 64
512 213
514 2
515 1
516 182
519 329
520 0
520 111
521 34
523 239
523 489
524 15
525 1
526 6
526 473
527 7
528 143
529 329
529 519
531 15
532 11
532 151
533 1
534 185
535 157
536 8
537 185
538 0
541 157
542 429
543 239
543 326
544 11
544 268
547 142
549 2
549 4
550 210
551 32
552 2
552 4
554 442
556 2
557 2
558 5
559 138
560 227
561 182
562 2
562 234
564 8
566 342
567 135
569 15
570 94
571 2
572 1
574 489
574 523
575 0
575 194
579 56
580 5
581 323
582 7
582 46
583 190
584 2
584 80
586 6
587 7
588 378
589 2
590 2
590 282
591 429
591 542
593 47
594 2
596 9
598 8
598 238
599 8
599 82
600 429
601 3
602 182
602 342
604 429
606 4
607 3
607 195
610 2
611 182
612 3
615 6
616 47
616 593
617 56
618 2
618 571
619 1
620 2
621 543
622 1
622 495
623 0
624 233
625 142
627 7
630 0
631 7
631 8
633 2
634 5
634 312
635 196
636 120
637 1
637 406
641 42
642 9
643 2
643 208
644 7
646 33
647 1
648 83
649 15
649 531
650 195
655 1
655 453
657 131
657 348
658 4
658 308
659 571
661 2
662 431
663 1
666 15
668 3
670 114
670 278
671 4
672 6
673 7
675 182
675 342
676 15
678 9
679 34
680 15
682 1
682 5
683 28
683 362
685 5
686 4
687 0
688 2
689 42
690 131
691 4
692 4
693 5
694 126
695 91
697 4
697 195
699 157
699 218
700 149
701 466
702 453
703 56
703 61
704 7
705 0
705 466
706 120
708 151
709 120
710 56
711 8
711 34
712 2
712 234
712 290
714 8
714 328
715 257
716 4
716 64
717 5
717 6
721 208
722 263
723 46
725 571
726 1
728 0
728 332
729 2
730 533
732 9
733 56
735 210
735 410
736 5
738 4
739 8
740 329
741 11
742 28
742 272
744 8
745 332
745 457
746 4
746 360
747 1
748 376
749 541
750 8
751 195
751 650
753 220
754 1
755 9
756 80
759 5
761 9
763 637
765 751
766 9
766 23
768 56
768 579
771 11
773 252
774 131
775 167
776 64
777 2
777 78
778 1
778 754
779 9
780 34
780 148
781 3
781 26
782 4
783 182
784 186
787 64
789 32
790 4
791 195
791 607
793 33
793 646
794 329
795 9
797 1
797 56
798 1
798 2
799 7
799 347
801 15
804 625
805 7
805 644
806 42
808 315
809 151
809 532
812 209
813 263
814 245
815 1
816 5
816 8
818 456
819 1
820 0
821 0
822 2
823 10
824 259
824 401
825 15
827 120
828 131
830 290
831 93
831 263
833 120
833 827
834 312
834 634
835 408
837 56
837 617
838 5
838 634
839 182
840 334
841 466
841 701
842 9
842 732
845 3
846 1
846 12
847 360
849 8
850 7
851 38
853 11
854 142
855 3
855 228
856 5
857 590
858 0
858 152
859 34
861 3
864 5
866 135
866 567
867 117
868 774
869 0
872 141
873 4
874 34
877 151
877 363
878 10
880 34
884 526
886 32
887 0
887 231
888 182
889 3
891 15
893 523
894 9
897 701
897 841
898 5
898 244
899 620
900 8
901 2
902 495
903 20
904 2
904 618
905 5
906 0
909 9
909 732
910 186
911 3
912 11
914 0
915 1
916 323
918 4
919 3
920 348
920 657
922 80
922 584
924 6
925 253
926 2
928 587
929 648
931 4
933 157
936 1
937 436
938 4
938 549
940 7
941 1
942 114
942 278
943 3
944 8
945 1
945 350
946 68
947 198
948 2
948 313
951 466
952 526
952 884
953 80
955 326
956 7
956 449
957 2
960 0
962 2
962 416
963 148
964 2
965 3
966 15
966 825
969 15
969 649
971 0
972 182
973 329
975 774
976 28
976 288
978 5
979 244
979 898
980 7
982 5
982 315
983 2
984 408
985 345
986 0
987 3
987 63
988 4
989 9
991 1
992 1
992 2
993 7
994 15
995 220
996 0
997 3
997 601
998 9
999 9
999 227
