1 0
2 0
2 1
3 0
3 1
3 2
4 0
4 1
4 2
4 3
5 0
5 1
5 2
5 3
5 4
6 0
6 1
6 2
6 3
6 4
6 5
7 0
7 1
7 2
7 3
7 4
7 5
7 6
8 0
8 1
8 2
8 3
8 4
8 5
8 6
8 7
9 0
9 1
9 2
9 3
9 4
9 5
9 6
9 7
9 8
10 1
10 3
10 5
10 6
10 9
11 2
11 4
12 0
12 1
12 2
12 5
12 6
13 4
13 6
13 7
14 0
15 0
15 3
15 4
15 5
16 4
17 6
17 7
18 4
19 1
19 2
20 6
20 7
21 2
22 0
23 3
24 0
24 1
25 1
25 9
26 1
26 2
26 3
27 1
27 2
27 3
28 1
29 3
29 5
29 6
30 0
30 5
31 3
32 4
33 0
34 0
34 1
34 2
34 8
34 9
36 4
36 5
36 15
37 1
37 2
37 5
38 1
38 3
38 6
40 0
40 1
40 3
41 2
41 3
42 5
43 5
45 0
47 2
47 3
48 1
48 5
48 7
48 9
49 0
49 2
49 3
49 6
49 7
49 8
50 3
50 8
51 4
51 15
52 1
52 6
53 1
53 3
53 5
54 3
54 5
54 15
55 1
55 2
55 4
56 49
57 1
57 3
58 2
58 3
59 0
59 1
59 4
59 5
59 6
60 2
60 5
60 7
61 1
61 3
61 6
61 9
63 2
63 47
64 1
65 3
66 0
66 1
66 2
66 4
66 6
67 17
68 3
68 5
69 1
69 2
69 4
69 55
70 17
70 67
71 0
71 2
71 5
71 6
71 7
72 0
72 1
72 4
72 5
73 50
74 1
74 7
75 4
77 6
77 13
79 56
80 4
81 5
82 13
83 3
83 6
85 1
86 7
87 3
87 7
88 0
88 1
88 4
88 5
88 6
89 1
89 19
90 0
90 1
90 3
91 2
91 4
92 1
92 2
92 3
92 27
93 3
93 4
94 1
94 7
95 1
95 3
96 3
97 33
98 1
98 2
99 1
99 61
100 1
101 0
101 1
102 17
103 0
103 1
103 2
104 0
104 3
104 6
105 1
105 2
106 54
107 2
107 7
108 4
109 0
110 0
110 3
111 0
111 2
111 4
112 6
112 9
113 3
113 6
113 49
114 2
117 2
117 7
117 8
118 1
119 0
119 6
120 5
120 6
121 2
122 0
122 1
122 5
123 1
124 0
124 1
124 2
124 3
124 6
124 7
124 8
125 6
126 7
126 8
127 3
127 4
127 8
128 0
129 1
129 3
129 5
129 7
130 5
130 30
131 0
131 1
131 2
131 5
131 7
132 2
132 3
134 1
134 3
135 3
135 49
136 0
136 122
137 1
137 5
137 7
137 129
138 5
140 49
141 2
142 1
142 4
142 5
142 6
143 3
144 3
145 1
146 0
146 1
146 3
146 4
146 8
147 2
147 47
148 1
148 5
148 6
149 2
150 0
150 2
151 6
151 7
152 0
152 3
152 124
153 1
153 7
154 1
154 5
154 6
154 148
155 1
155 3
156 0
156 5
157 0
158 47
158 147
159 0
159 6
160 0
160 1
161 3
161 5
161 68
163 4
164 68
165 1
165 61
166 1
166 2
166 6
167 0
168 1
168 7
170 5
170 7
170 48
171 0
171 2
171 3
171 4
171 6
172 1
173 1
173 85
174 7
175 0
175 3
175 4
176 5
177 5
178 3
181 5
181 30
182 0
182 1
183 6
183 9
183 10
184 0
185 2
186 2
187 5
187 48
188 1
188 3
188 6
189 3
190 3
191 1
191 6
192 3
192 41
193 1
194 3
194 190
195 17
196 0
196 2
197 163
198 2
199 3
200 3
200 4
200 6
200 7
200 8
201 2
201 5
202 3
203 3
204 2
205 0
205 1
205 5
205 72
206 50
207 6
208 3
209 1
209 3
211 48
212 2
212 4
213 4
213 6
213 7
214 5
215 99
216 0
216 2
218 0
218 1
219 123
220 4
221 2
222 5
223 3
223 49
223 135
224 50
225 2
226 1
226 6
227 3
227 6
227 188
228 1
228 5
228 6
229 1
231 6
232 4
233 0
233 72
234 1
234 2
234 6
234 7
235 1
235 5
235 6
237 3
238 0
238 2
238 6
238 171
239 1
239 61
240 2
240 4
241 6
241 7
243 1
244 48
245 7
246 3
247 25
248 10
249 1
250 3
250 5
250 68
251 145
252 4
252 6
253 3
253 5
253 6
254 190
254 194
255 1
255 27
256 163
257 5
258 0
259 0
260 239
261 32
262 5
262 6
264 68
267 1
268 4
268 16
269 1
269 3
270 68
271 1
271 3
271 53
272 1
272 2
272 3
273 5
274 1
274 2
274 3
276 4
278 209
279 0
280 0
280 4
280 5
280 72
281 1
282 10
283 3
283 5
284 1
285 1
285 5
286 4
286 5
287 0
287 1
287 2
287 8
287 124
289 1
289 2
289 4
289 7
290 1
290 160
292 124
294 4
296 6
296 9
297 1
297 61
298 2
299 1
299 142
300 2
300 4
300 6
300 7
301 0
301 3
301 5
302 4
303 2
304 0
304 2
305 2
305 6
306 3
306 6
308 30
308 181
309 5
309 81
310 2
310 5
311 4
312 122
312 136
313 61
315 5
317 5
317 7
318 5
319 2
319 6
319 49
320 1
320 2
320 6
320 7
320 124
321 3
322 48
323 0
323 1
323 2
324 1
325 2
325 3
325 132
326 1
326 153
327 2
327 3
327 171
328 2
328 150
329 0
329 2
329 8
329 34
331 2
331 63
332 226
333 0
334 48
335 181
336 1
337 1
337 3
337 6
337 188
338 6
342 160
342 290
343 0
343 1
343 6
344 7
344 289
346 5
346 68
348 103
349 6
350 147
351 5
351 48
352 2
353 7
354 0
354 1
354 72
355 7
355 20
356 15
357 150
358 2
358 19
359 1
359 3
360 1
360 8
361 6
362 0
363 27
364 129
364 137
365 0
365 4
366 6
367 1
368 2
368 352
369 2
370 6
371 0
373 1
373 9
374 5
374 273
377 8
378 0
379 9
381 2
381 4
382 326
383 5
384 0
384 4
384 5
385 3
386 42
387 4
388 0
388 2
389 1
389 6
390 0
390 6
391 27
392 7
393 54
394 4
395 68
396 318
398 1
399 0
400 6
402 4
402 7
403 1
403 6
404 1
404 6
405 1
405 360
406 2
409 2
409 5
411 4
412 2
412 238
413 1
415 0
415 124
417 1
418 68
418 164
419 3
419 5
419 6
421 393
422 3
422 6
422 8
423 147
424 2
424 6
424 300
425 2
426 5
426 54
427 2
427 6
428 0
428 388
429 0
429 2
429 3
430 54
432 3
432 15
433 0
433 1
434 2
434 3
435 1
435 267
436 3
436 6
439 0
440 7
441 1
443 5
443 286
444 2
444 6
444 319
445 3
445 68
446 54
447 0
447 7
449 9
449 183
450 2
450 8
450 124
451 0
451 1
451 5
452 128
453 0
453 2
453 5
454 1
456 2
456 6
457 3
458 68
460 411
462 5
462 201
464 3
464 68
465 5
465 346
466 1
467 5
468 2
468 323
469 0
470 1
470 19
471 0
471 2
472 27
474 1
475 6
476 2
476 49
477 0
477 4
478 3
478 203
479 124
480 2
480 69
482 6
483 1
483 3
484 0
484 1
484 2
484 131
485 0
485 2
486 2
487 1
488 49
489 1
489 38
490 3
491 9
492 4
492 5
492 6
494 7
495 3
495 49
496 68
496 464
497 5
498 5
498 48
498 187
499 164
500 1
500 5
501 1
502 27
503 3
504 2
504 3
504 8
505 3
505 483
507 6
507 83
508 0
508 451
509 1
509 27
510 0
510 1
510 7
511 273
513 50
513 206
514 2
514 4
514 7
515 0
516 7
516 117
517 2
517 3
517 4
518 1
518 3
518 4
519 3
519 6
519 7
519 8
521 0
523 3
524 50
525 2
526 1
527 181
527 308
528 0
528 3
529 6
529 370
530 3
531 388
533 2
534 3
534 6
534 188
535 5
535 54
536 2
536 300
536 424
537 1
538 370
539 3
539 27
540 3
541 472
543 2
543 185
544 3
544 269
545 2
546 4
547 0
548 2
548 8
548 117
549 0
549 1
549 2
550 4
550 5
550 6
551 2
551 141
552 4
552 550
553 2
554 1
554 2
554 4
554 5
554 8
555 49
555 56
556 134
557 0
558 6
559 1
559 2
559 9
560 0
561 5
561 30
562 7
563 2
563 6
564 5
565 5
565 465
566 2
566 8
566 124
568 489
569 53
570 1
570 229
571 5
571 6
571 550
572 258
573 256
574 6
575 4
575 15
576 68
576 161
578 3
578 49
579 1
579 6
580 0
581 1
581 4
582 5
582 6
583 2
583 7
583 514
584 3
584 6
584 38
585 0
585 7
586 0
587 0
587 167
588 47
588 147
588 158
589 1
589 59
590 2
591 0
591 1
591 2
591 5
592 3
592 6
593 2
593 5
593 60
594 129
594 137
594 364
595 3
596 0
596 5
597 0
597 2
597 12
598 1
599 7
600 3
600 8
601 3
602 2
602 5
603 3
603 27
604 125
605 190
606 3
606 5
607 0
607 3
608 9
608 449
609 318
610 0
610 5
610 72
613 5
613 6
613 154
614 3
614 5
614 6
614 9
615 5
615 6
615 7
615 8
616 1
616 55
617 1
617 2
617 6
617 234
618 24
619 2
620 5
620 72
621 6
621 7
621 17
622 9
623 6
624 5
624 6
624 7
624 71
625 3
625 15
626 3
627 2
628 1
628 72
629 4
631 20
633 449
633 608
634 3
634 49
635 229
636 1
637 1
637 4
637 88
638 85
638 173
639 0
640 4
640 286
641 1
641 6
641 61
642 1
642 5
643 3
643 6
644 3
645 5
645 6
645 571
646 3
646 203
647 4
648 61
648 297
649 3
649 87
650 69
651 3
651 15
652 1
652 3
653 1
653 9
654 3
654 5
654 6
655 2
655 221
656 1
656 6
657 645
658 6
659 1
659 487
660 3
660 27
660 603
661 6
663 2
663 3
663 517
664 135
664 223
666 0
667 2
668 2
669 9
669 449
669 608
670 4
670 32
672 2
673 4
673 15
674 123
674 219
675 20
676 6
676 154
676 613
677 2
677 3
677 5
679 0
679 6
680 6
681 1
683 8
683 360
684 1
684 3
684 209
685 0
685 1
686 41
687 0
687 1
689 0
689 1
689 2
689 131
689 484
690 2
690 6
690 234
692 613
693 4
693 6
694 1
694 2
694 3
694 6
695 1
695 3
696 0
696 1
697 0
697 5
699 1
699 3
700 0
702 2
702 5
702 131
703 61
704 0
704 6
704 66
705 9
706 6
708 2
708 327
709 3
710 0
711 5
712 2
712 553
714 2
715 85
715 173
716 0
717 6
717 343
718 70
719 2
721 0
721 3
721 6
721 104
722 0
722 3
722 6
722 8
722 49
723 468
724 1
724 5
726 1
727 1
729 3
730 2
730 8
731 1
731 3
731 5
732 0
733 3
734 0
734 1
734 687
735 0
735 547
736 487
738 5
738 286
739 3
739 7
739 8
740 4
740 6
741 1
742 6
743 356
744 4
744 7
744 13
745 3
745 87
745 649
746 5
748 3
748 272
749 2
749 6
749 234
750 4
751 27
752 27
753 9
753 25
754 1
756 2
757 5
758 0
758 1
759 2
759 132
760 0
760 1
761 142
761 299
764 6
765 0
765 2
766 3
766 27
766 539
767 3
767 490
768 9
768 622
770 6
770 7
771 425
773 4
774 0
775 487
776 4
776 5
776 6
776 492
778 5
778 81
780 730
781 5
782 6
784 3
785 3
786 6
787 1
787 3
788 0
788 1
789 1
789 2
790 310
791 0
791 388
792 0
792 1
792 758
793 449
793 608
794 0
795 3
796 5
797 6
798 5
798 6
798 9
798 614
799 3
800 56
800 555
801 0
802 4
803 194
804 1
804 243
806 0
806 3
806 8
806 49
807 7
807 615
809 1
809 19
809 470
810 0
810 5
810 453
811 81
812 54
813 2
813 5
813 60
814 1
814 6
815 539
815 766
816 1
816 367
817 6
817 658
818 0
819 1
819 3
820 2
820 47
821 3
821 27
822 6
822 370
824 129
824 137
824 364
825 3
825 23
826 1
827 17
828 81
829 0
830 3
830 6
831 1
832 449
833 4
836 48
837 350
838 0
838 6
838 7
839 4
839 6
839 7
840 3
840 766
841 1
841 4
842 356
843 1
843 685
844 7
845 2
845 185
846 225
847 1
847 5
847 6
847 228
848 0
849 3
850 6
852 188
853 3
854 388
855 6
855 71
857 3
858 20
859 5
860 5
860 7
860 9
861 5
861 6
861 228
861 847
862 7
863 1
865 6
866 3
866 4
867 3
867 4
867 7
867 8
870 487
872 5
873 41
873 192
874 6
874 7
874 20
876 3
877 2
877 3
877 5
878 2
878 5
878 60
879 4
879 581
880 524
881 13
883 1
884 5
884 465
885 4
885 16
886 2
887 2
888 492
889 346
891 68
891 458
892 17
892 67
894 6
895 9
897 4
898 3
898 6
898 7
899 6
901 5
902 3
902 517
903 6
904 6
905 2
905 331
906 9
907 3
907 68
908 0
910 821
912 0
912 45
913 3
913 6
914 297
914 648
915 3
916 613
918 801
919 3
919 7
919 8
919 867
920 3
920 96
921 81
922 4
923 6
924 1
924 9
925 6
925 49
927 327
928 1
928 4
931 4
931 7
932 7
933 228
933 847
934 5
934 71
935 6
935 874
936 10
937 6
937 83
938 4
938 931
939 5
940 0
940 1
940 687
941 168
942 1
942 6
942 10
944 1
945 0
945 72
946 60
947 5
948 6
948 623
949 2
949 3
949 694
950 2
952 1
953 1
953 367
953 816
955 6
956 1
956 5
956 59
957 3
957 203
958 2
959 2
961 758
962 16
963 1
964 6
964 7
965 458
967 2
967 8
968 3
968 132
969 61
969 99
971 1
972 4
972 13
973 211
974 0
975 3
976 6
976 227
977 1
977 510
979 4
979 72
980 2
980 5
980 593
982 550
983 517
986 0
986 2
987 487
988 2
989 2
990 4
991 1
991 8
992 3
992 27
993 484
994 3
995 5
995 677
996 3
997 129
997 137
998 350
999 3
