1 0
2 0
2 1
3 0
3 1
3 2
4 0
4 1
4 2
4 3
5 0
5 1
5 2
5 3
5 4
6 0
6 1
6 2
6 3
6 4
6 5
7 0
7 1
7 2
7 3
7 4
7 5
7 6
8 0
8 1
8 2
8 3
8 4
8 5
8 6
8 7
9 0
9 1
9 2
9 3
9 4
9 5
9 6
9 7
9 8
10 0
10 4
11 3
11 4
11 5
11 6
12 0
13 2
13 3
14 0
14 3
14 6
14 7
15 3
15 4
15 5
15 6
16 2
16 5
17 14
18 2
19 0
20 3
20 4
21 4
21 6
22 5
22 6
22 15
23 0
23 4
23 6
24 5
24 15
25 2
25 18
26 2
26 3
26 5
26 6
26 8
27 3
27 14
28 0
28 4
29 0
29 4
29 23
30 3
30 13
31 1
31 8
31 9
32 2
32 18
32 25
33 0
33 3
33 7
34 3
34 13
35 1
35 4
35 5
35 8
35 9
36 5
37 3
37 6
38 9
38 35
39 0
39 2
41 0
41 2
41 7
41 8
42 5
42 9
42 35
43 2
43 4
43 5
43 6
43 7
43 8
43 9
44 5
44 8
45 3
45 7
45 8
46 0
46 19
47 1
47 31
48 1
48 9
48 31
49 6
49 7
49 8
50 1
50 2
50 4
51 0
51 3
52 6
53 2
53 3
54 9
54 35
54 42
55 6
56 35
56 54
57 0
57 29
58 9
59 34
60 2
60 53
62 2
62 50
63 0
63 7
64 5
64 44
65 7
65 63
66 5
67 2
67 4
67 6
68 34
69 0
69 1
69 2
69 3
69 6
69 7
69 8
70 0
70 2
70 8
70 69
71 31
72 70
73 35
73 54
74 0
74 2
74 3
74 4
74 6
74 7
75 4
75 5
75 7
75 8
76 14
77 70
78 14
78 76
79 4
79 9
79 43
80 3
80 7
80 74
81 4
81 23
82 37
83 9
84 0
84 1
84 6
85 41
86 5
86 35
87 2
87 6
87 7
88 4
88 23
89 75
90 4
91 6
92 0
92 1
92 3
92 4
92 5
93 3
94 4
94 5
95 30
96 27
97 0
97 1
97 2
97 7
97 69
98 75
99 5
99 92
100 3
100 4
101 4
101 7
101 75
102 9
102 48
103 2
103 4
103 5
103 7
103 9
104 1
104 3
104 4
105 6
105 91
106 0
106 12
107 1
107 2
107 3
107 4
108 43
109 43
110 3
110 8
110 45
111 55
112 18
113 23
114 31
114 47
115 9
115 35
115 42
116 43
116 108
117 0
118 4
119 1
119 2
119 4
119 107
120 35
120 73
121 4
121 23
122 1
123 31
123 48
124 8
124 43
125 7
125 63
126 5
126 35
126 42
127 0
127 1
127 3
128 9
128 79
129 50
130 4
130 35
131 7
131 65
132 1
132 2
132 6
132 7
133 2
133 18
134 6
134 87
135 81
136 5
136 42
137 37
138 0
138 2
139 2
139 3
139 4
139 6
139 7
139 74
140 2
140 3
140 5
141 2
141 6
142 34
142 68
143 31
143 48
144 4
144 21
145 0
145 1
145 7
145 8
146 4
146 7
146 103
147 0
147 6
148 3
148 13
148 30
149 5
149 7
149 8
149 75
150 34
150 59
151 5
151 44
152 35
152 54
152 56
153 2
153 7
153 8
154 35
154 73
155 4
155 10
156 0
157 5
157 140
158 8
159 4
159 6
159 8
159 9
159 43
160 34
160 68
160 142
161 75
161 149
162 0
162 3
162 51
163 1
164 120
165 0
165 2
165 4
166 3
166 51
167 0
168 43
168 124
169 150
170 7
170 65
170 131
171 111
172 6
172 8
173 34
175 6
175 74
176 1
176 2
176 4
177 4
177 9
177 79
178 0
178 1
178 69
178 97
179 70
179 72
180 2
180 7
180 87
181 2
181 3
181 107
182 0
182 12
183 7
183 97
184 121
185 0
185 2
185 97
186 7
186 65
186 131
186 170
187 120
187 164
188 0
188 4
188 23
189 1
189 7
190 42
190 115
191 92
192 190
193 7
193 183
194 69
194 178
195 1
195 104
196 53
197 0
197 2
197 7
197 8
198 4
198 5
198 8
198 75
199 158
200 3
200 6
200 69
201 28
202 0
202 3
202 4
202 74
203 34
203 160
204 48
205 85
206 105
207 54
208 4
208 7
208 75
209 7
209 183
210 6
210 8
210 9
210 159
211 5
211 8
211 9
211 35
212 35
213 0
213 33
214 51
214 166
215 6
215 7
216 194
217 5
218 4
218 119
219 4
219 5
219 75
219 198
220 8
220 158
221 8
221 159
222 8
222 9
222 159
222 210
223 7
223 33
224 7
224 80
225 8
226 177
227 3
227 6
227 37
229 1
229 47
230 102
231 37
231 82
232 4
232 23
233 23
234 1
234 3
234 4
234 107
235 0
235 3
235 7
236 44
236 64
237 151
238 2
239 6
239 69
239 200
240 7
241 230
242 7
242 87
243 4
244 0
244 6
244 147
245 9
245 79
246 177
247 69
247 200
247 239
248 67
249 149
249 161
250 0
250 2
250 9
251 1
251 31
252 0
252 1
252 84
253 69
253 200
255 9
255 35
256 1
256 31
256 47
257 18
257 112
258 4
258 232
259 72
259 179
260 67
260 248
261 5
262 6
262 227
263 4
263 6
263 7
263 43
264 172
266 45
267 0
267 5
268 0
268 1
268 2
268 69
268 97
269 4
269 43
270 4
270 15
271 9
271 42
271 115
272 33
272 223
273 70
273 72
275 4
275 10
275 155
276 1
276 97
276 268
277 35
277 255
278 1
278 7
278 189
279 92
280 232
281 6
282 6
282 37
283 6
283 239
284 51
285 36
286 31
286 47
286 114
287 4
287 35
287 130
288 4
288 103
289 1
289 31
289 251
290 4
290 75
290 101
291 44
291 64
292 2
292 18
293 69
293 178
294 0
294 106
295 28
295 201
297 0
297 57
298 7
298 139
299 13
299 30
300 70
300 72
302 4
302 198
303 2
303 7
304 20
305 37
305 82
306 4
306 5
306 6
306 11
307 0
307 1
307 4
307 92
308 197
309 35
310 2
310 3
311 4
311 15
311 270
312 0
312 28
313 7
314 30
314 95
315 105
316 5
316 140
317 4
317 302
318 37
318 82
318 305
319 3
319 5
320 198
322 7
322 224
323 197
323 308
324 8
324 49
325 18
325 25
325 32
326 3
326 51
326 166
327 0
327 4
327 5
327 92
328 6
328 7
328 49
329 0
329 252
330 183
330 193
331 37
331 82
332 2
332 6
333 12
333 106
334 5
334 35
334 126
335 1
335 8
336 13
336 299
337 1
337 251
337 289
338 1
338 4
339 0
339 1
340 0
340 6
341 23
341 88
342 6
342 22
343 37
343 82
343 305
343 318
344 4
344 198
345 3
345 74
345 202
346 18
346 32
346 325
347 8
347 43
348 7
348 149
349 103
350 44
350 64
351 1
351 2
351 7
352 4
352 317
354 8
354 197
355 35
355 154
356 3
356 5
356 319
357 197
357 308
358 3
359 115
359 190
360 30
360 95
361 1
361 289
361 337
362 7
362 8
362 9
362 43
363 0
363 29
364 2
364 18
364 25
365 69
365 200
365 253
366 0
366 202
367 1
367 2
367 3
367 4
368 3
368 33
369 53
369 60
370 187
371 4
371 119
372 0
372 6
374 37
375 1
375 50
376 348
377 9
377 43
377 159
378 5
378 35
379 47
379 286
380 100
381 18
381 364
382 4
382 9
382 43
382 79
383 4
383 344
384 69
384 200
385 15
385 311
386 9
386 48
387 202
388 94
389 6
389 37
389 282
390 6
390 91
390 105
391 2
391 3
391 4
391 6
391 7
392 1
392 5
392 7
393 3
394 2
395 111
395 171
396 9
396 255
397 0
397 6
397 23
398 13
398 299
398 336
399 0
399 6
399 7
400 2
401 3
401 7
401 45
402 20
403 269
404 42
405 350
408 0
408 167
409 140
411 35
411 54
411 73
412 241
413 14
413 27
414 5
414 42
414 136
415 3
415 6
415 200
416 2
416 7
416 9
417 31
418 344
418 383
419 63
420 110
421 13
421 398
422 23
422 121
423 7
424 3
424 7
425 4
426 1
426 361
427 0
427 188
428 65
429 7
429 170
429 186
430 7
430 131
430 186
431 1
431 2
431 119
432 107
432 234
433 4
433 327
434 13
434 299
434 336
435 0
435 4
435 28
436 150
436 169
437 1
437 8
437 31
438 5
439 398
439 421
440 35
440 355
441 6
441 23
441 397
442 81
443 242
444 44
445 245
446 4
446 5
446 306
447 251
447 337
448 31
448 48
448 123
449 31
450 70
450 72
450 273
451 7
452 219
453 188
454 2
454 4
454 107
455 7
455 125
456 289
457 170
457 186
458 1
458 50
459 6
459 200
460 4
460 382
462 6
462 342
464 395
465 2
465 5
465 9
465 103
466 57
467 286
468 1
468 2
468 50
469 6
469 175
470 1
470 92
471 214
472 51
472 214
473 0
473 6
473 147
474 4
474 198
475 0
475 92
475 307
476 299
476 336
476 398
477 0
477 1
477 6
477 8
478 9
478 43
478 79
479 0
479 366
480 100
481 92
481 470
482 3
482 6
483 170
483 186
483 457
484 4
484 28
485 0
485 4
485 6
486 37
486 305
486 318
486 343
487 47
487 114
487 286
488 0
488 97
488 178
489 198
489 302
490 6
490 342
491 36
492 2
492 18
492 32
493 5
493 136
494 111
494 395
495 4
495 383
496 6
496 7
496 43
496 263
497 13
497 34
498 1
498 7
499 4
499 234
500 270
501 6
501 7
501 328
502 107
502 454
503 44
504 1
504 4
504 107
504 234
505 35
505 378
506 351
507 0
507 479
508 111
509 63
510 34
510 59
510 150
511 34
512 2
512 6
512 139
513 13
514 17
515 0
515 4
515 5
515 327
516 232
516 280
517 202
517 366
518 149
518 249
519 367
520 3
520 5
520 11
521 126
521 334
522 6
523 0
523 51
524 295
525 13
525 299
525 434
526 5
527 1
527 8
527 145
528 70
528 77
529 4
530 6
530 397
530 441
531 3
531 202
532 8
532 31
532 437
533 194
534 2
534 3
535 170
536 0
536 479
537 0
537 29
537 363
538 396
539 460
540 2
540 13
541 6
541 69
541 239
542 2
543 7
543 186
544 4
544 107
545 270
547 7
547 41
548 1
548 163
550 14
551 8
551 158
552 7
552 131
552 430
553 219
553 452
554 160
555 35
555 54
555 411
556 200
556 415
557 180
558 3
558 6
558 74
558 139
560 0
560 1
560 2
560 97
561 43
561 263
561 496
562 4
562 371
563 149
564 7
564 224
565 1
565 8
565 477
566 81
566 442
567 0
567 33
568 2
568 3
568 7
568 9
569 13
569 434
569 525
570 477
570 565
571 5
572 2
572 4
572 67
573 0
573 1
573 7
573 8
573 145
574 5
574 15
574 24
575 378
576 452
576 553
577 4
577 94
578 431
579 0
579 3
579 33
580 1
580 69
580 97
580 178
581 189
582 31
583 1
583 2
583 4
583 6
584 6
584 485
585 4
585 75
586 7
586 139
586 298
587 4
587 67
588 149
589 154
590 1
591 1
591 2
591 3
591 4
591 5
591 6
591 9
592 140
593 155
594 3
594 202
594 345
595 47
595 256
596 8
596 149
597 0
597 46
598 3
598 13
598 34
599 148
600 342
600 490
601 4
602 3
603 6
603 227
603 262
604 2
604 4
604 67
604 572
605 263
606 7
607 5
607 92
607 327
608 23
608 29
609 557
610 1
610 7
610 278
611 35
611 54
612 31
612 123
613 105
613 390
614 268
614 276
615 1
615 2
615 107
616 1
616 3
617 3
617 7
617 235
618 2
618 4
619 474
620 0
620 1
620 2
620 3
621 1
621 8
621 437
622 0
622 4
622 10
623 0
623 23
623 397
624 350
626 54
626 56
627 6
627 227
628 1
628 9
630 4
631 0
632 0
632 372
633 378
634 5
634 8
634 44
635 3
636 9
636 416
637 181
638 33
638 223
639 1
639 477
640 4
640 5
640 7
641 5
642 1
642 375
643 3
643 602
644 194
645 441
646 63
646 419
647 371
648 3
648 93
649 41
650 18
651 101
652 6
652 239
653 0
653 250
654 37
654 331
655 47
656 158
657 3
657 7
657 74
657 80
658 5
658 35
658 86
659 8
659 197
660 3
660 345
661 92
662 51
662 166
662 214
663 29
663 608
664 251
664 447
665 1
665 361
666 48
666 123
666 448
667 251
667 447
667 664
668 562
669 2
670 198
670 474
671 542
672 3
672 415
673 114
673 286
674 3
674 6
674 37
675 0
675 252
676 23
677 0
677 69
677 97
677 268
678 7
678 9
679 4
679 10
679 622
680 219
680 452
681 520
682 0
682 2
683 6
683 7
683 49
684 2
684 454
685 6
685 23
685 441
686 136
686 493
687 64
687 291
689 2
689 7
689 87
690 409
691 6
691 215
692 7
692 87
692 242
693 1
693 189
693 278
694 74
694 202
694 345
695 328
696 0
696 4
696 5
696 327
696 515
697 9
697 159
697 222
698 1
699 3
700 147
701 602
701 643
702 4
702 107
703 4
703 504
704 69
704 268
706 43
707 1
707 470
708 6
708 9
708 43
709 247
710 7
711 183
711 193
711 330
712 1
712 560
714 7
714 8
714 153
715 9
716 2
716 3
718 9
719 340
720 37
720 227
721 31
721 48
722 318
722 343
723 159
723 222
724 189
724 581
725 2
726 186
726 483
727 337
727 447
728 107
728 234
728 432
730 235
731 2
731 4
731 5
731 7
731 9
732 477
732 570
733 6
733 485
733 584
734 0
734 3
734 51
735 37
736 479
736 536
737 177
738 271
739 5
739 219
740 9
740 718
741 153
741 714
742 51
743 4
743 562
744 1
744 7
744 610
745 29
745 608
745 663
746 92
746 327
746 607
747 0
747 74
747 202
748 29
748 608
751 5
751 574
752 2
752 5
752 9
752 591
753 4
753 155
753 275
754 101
755 299
755 336
756 115
756 190
757 397
757 441
758 107
759 65
760 1
760 337
761 37
762 45
762 110
763 63
764 1
764 437
764 621
765 0
765 631
766 5
766 15
766 574
767 7
768 3
768 37
768 227
769 73
770 5
770 591
771 0
771 366
772 6
772 7
773 6
773 244
774 30
775 65
775 759
776 3
776 4
776 7
776 74
777 101
778 202
778 531
779 2
779 67
779 604
780 0
780 771
781 6
781 26
782 2
782 4
782 6
782 8
782 9
782 43
783 9
783 35
784 4
785 345
785 594
786 35
786 355
787 166
787 662
788 177
788 246
789 198
790 7
790 146
791 1
791 84
791 252
792 246
793 676
794 78
795 53
795 60
796 82
796 305
798 2
798 18
799 1
799 31
799 251
800 499
801 9
801 708
802 65
802 775
803 489
804 31
805 1
805 3
805 5
806 7
806 8
807 2
807 3
807 534
808 0
808 202
808 366
809 4
809 144
810 4
810 50
811 455
812 65
812 131
813 385
814 3
814 358
815 2
815 7
815 8
815 9
816 6
816 200
816 459
817 150
818 262
819 64
819 291
820 5
820 140
821 818
822 366
822 771
823 131
824 114
824 286
826 6
826 7
826 683
827 1
827 2
827 3
827 620
828 200
829 1
830 771
830 780
831 759
831 775
832 75
832 198
833 5
833 641
834 676
835 35
835 211
836 7
836 87
836 242
836 692
837 4
838 4
838 382
838 460
839 75
839 98
840 99
841 67
843 1
843 621
843 764
844 4
844 275
844 753
845 330
845 711
846 37
847 7
848 92
848 191
849 78
849 794
850 758
851 8
851 145
851 573
852 69
852 200
853 1
854 8
854 220
855 485
855 584
855 733
856 14
856 413
857 209
858 92
859 0
859 2
859 138
860 2
860 3
860 8
860 26
861 3
861 93
861 648
862 366
862 822
863 5
863 739
864 613
865 452
865 680
867 4
867 5
868 37
868 374
869 4
869 232
869 258
870 679
871 354
872 2
873 6
873 175
874 23
874 422
876 16
877 158
877 199
878 220
879 7
879 744
880 5
880 770
881 350
882 18
882 650
883 9
883 38
884 5
884 9
885 232
885 280
886 8
886 596
887 1
887 107
887 234
887 504
888 262
888 818
889 1
889 5
889 35
890 4
890 7
890 75
891 53
892 7
892 65
892 131
892 186
893 2
893 3
893 827
894 786
895 777
896 29
896 745
897 0
897 6
897 7
898 237
899 1
900 3
900 391
902 54
902 73
902 411
903 190
903 359
904 5
905 454
906 477
906 565
907 343
907 722
908 510
909 617
910 97
911 74
912 2
912 6
912 67
913 286
914 4
914 232
914 258
915 1
915 3
916 510
917 5
917 11
918 7
918 322
919 33
919 223
920 6
920 239
921 233
922 53
923 3
923 900
924 1
925 7
925 132
926 364
926 381
927 33
927 567
928 3
928 166
929 350
929 405
930 158
930 551
931 4
931 306
932 7
932 322
932 918
933 0
933 1
933 2
933 4
933 8
934 9
934 211
936 4
936 7
936 75
936 101
937 6
937 239
938 0
939 340
939 719
940 7
940 87
941 4
941 23
941 232
942 0
942 29
942 537
943 675
944 3
944 33
945 6
945 263
946 7
946 65
946 131
947 7
947 97
947 183
948 382
949 75
950 202
950 366
950 808
951 0
952 146
953 189
954 2
954 6
954 132
955 31
955 721
956 144
956 809
957 374
958 1
958 251
958 799
959 54
960 201
960 295
962 3
963 18
963 32
964 1
964 6
964 132
967 3
967 8
967 26
967 860
968 0
968 19
968 46
969 2
969 8
969 9
969 782
970 24
971 531
972 814
973 166
973 662
974 245
976 9
976 782
976 969
977 0
977 6
977 147
978 5
978 414
979 1
979 3
980 50
980 62
981 1
982 3
982 6
982 7
982 391
983 4
983 753
984 745
985 258
985 914
986 4
986 622
987 107
987 234
987 504
988 504
988 987
989 133
990 371
990 647
991 504
991 887
992 6
992 55
993 18
993 650
994 33
994 567
994 927
995 6
995 262
996 359
997 7
997 186
997 543
998 0
999 17
