1 0
2 0
2 1
3 0
3 1
3 2
4 0
4 1
4 2
4 3
5 0
5 1
5 2
5 3
5 4
6 0
6 1
6 2
6 3
6 4
6 5
7 0
7 1
7 2
7 3
7 4
7 5
7 6
8 0
8 1
8 2
8 3
8 4
8 5
8 6
8 7
9 0
9 1
9 2
9 3
9 4
9 5
9 6
9 7
9 8
10 0
10 1
10 2
10 4
10 5
11 0
11 1
11 2
11 3
11 4
11 5
12 0
12 1
12 2
12 3
12 4
12 5
12 6
13 0
13 1
13 2
13 3
13 4
13 5
13 12
14 0
14 1
14 2
14 3
14 5
14 6
14 7
14 8
15 0
15 1
15 2
15 3
15 5
15 6
15 7
15 8
16 0
16 1
16 2
16 4
16 6
16 7
17 0
17 1
17 2
17 3
17 4
17 5
17 12
18 0
18 1
18 2
18 3
18 5
18 6
18 7
18 8
19 0
19 2
19 3
19 5
19 6
19 7
19 8
19 14
20 0
20 1
20 2
20 3
20 4
20 5
20 12
20 13
21 0
21 1
21 2
21 3
21 4
21 5
21 12
22 0
22 1
22 2
22 3
22 5
22 6
22 7
22 8
22 18
23 0
23 1
23 2
23 3
23 5
23 6
23 7
23 8
24 0
24 1
24 2
24 3
24 5
24 6
24 7
24 8
25 0
25 1
25 2
25 3
25 4
25 5
25 6
25 7
25 8
26 0
26 1
26 3
26 5
26 6
26 7
26 8
26 24
27 0
27 1
27 2
27 3
27 4
27 5
27 6
27 7
28 0
28 1
28 2
28 3
28 5
28 7
28 8
29 0
29 1
29 2
29 3
29 5
29 6
30 0
30 2
30 3
30 4
30 5
30 17
31 0
31 2
31 3
31 5
31 6
31 7
31 8
31 14
32 0
32 1
32 2
32 3
32 4
32 5
32 12
33 0
33 1
33 2
33 3
33 4
33 12
33 13
34 0
34 1
34 2
34 3
34 4
34 5
34 12
35 0
35 3
36 0
36 1
36 2
36 3
36 5
36 6
36 7
36 8
36 18
37 0
37 1
37 2
37 3
37 5
37 6
37 8
37 18
38 0
38 1
38 2
38 3
38 4
38 5
38 12
39 0
39 1
39 2
39 3
39 4
39 5
40 1
40 2
40 3
40 5
40 6
40 7
40 8
40 18
41 0
41 1
41 2
41 3
41 5
41 6
41 8
42 0
42 1
42 2
42 3
42 4
42 5
42 12
43 0
43 2
43 3
43 5
43 6
43 7
43 8
44 0
44 1
44 2
44 3
44 5
44 6
44 7
44 8
45 0
45 1
45 3
45 5
45 12
45 13
46 0
46 2
46 3
46 5
46 6
46 8
47 0
47 2
47 3
47 4
47 5
47 6
48 0
48 2
48 3
48 5
48 7
48 8
49 0
49 1
49 2
49 3
49 4
49 5
49 6
50 0
50 1
50 2
50 3
50 5
50 6
50 7
50 8
51 0
51 1
51 2
51 3
51 4
51 5
51 6
52 0
52 1
52 2
52 4
52 5
52 12
53 1
53 2
53 5
53 6
53 8
53 18
54 1
54 3
54 5
54 6
54 7
54 8
54 24
55 0
55 1
55 2
55 3
55 4
55 5
55 12
55 13
56 0
56 1
56 2
56 3
56 4
56 12
56 13
57 1
57 2
57 3
57 4
57 5
57 39
58 0
58 1
58 4
58 5
59 1
59 2
59 5
59 6
59 7
59 8
59 18
60 0
60 1
60 4
60 5
61 0
61 2
61 3
61 5
61 6
61 8
62 0
62 1
62 2
62 3
62 4
62 5
63 1
63 2
63 3
63 5
63 39
64 1
64 3
64 5
64 6
64 7
64 24
64 54
65 0
65 1
65 2
65 3
65 4
65 5
65 11
66 0
66 1
66 2
66 3
66 5
66 7
66 8
66 44
67 0
67 1
67 2
67 3
67 5
67 6
67 7
68 0
68 1
68 2
68 12
68 13
68 56
69 1
69 2
69 5
69 6
69 7
69 8
69 18
70 0
70 1
70 2
70 3
70 4
70 5
70 12
71 2
71 3
71 4
71 5
71 11
72 0
72 1
72 2
72 3
72 5
72 6
72 7
72 8
73 0
73 1
73 3
73 5
73 6
73 7
73 8
73 24
74 0
74 1
74 3
74 5
75 0
75 1
75 2
75 5
75 6
75 7
75 8
75 18
75 36
76 0
76 1
76 2
76 3
76 6
77 1
77 6
78 0
78 1
78 2
78 3
78 4
78 5
78 12
79 1
79 2
79 3
79 4
79 5
79 39
80 0
80 1
80 2
80 3
80 5
80 6
80 7
80 8
81 1
81 2
81 5
81 6
81 7
81 8
81 18
82 0
82 1
82 2
82 3
82 5
82 6
83 0
83 1
83 2
83 4
83 5
83 6
83 7
84 0
84 2
84 3
84 5
84 6
84 7
84 15
85 0
85 1
85 2
85 3
85 4
85 5
85 6
85 7
86 0
86 3
86 5
86 6
86 7
86 8
86 43
87 0
87 1
87 2
87 3
87 5
87 6
87 7
88 0
88 1
88 2
88 3
88 5
88 8
88 44
88 66
89 0
89 1
89 2
89 3
89 4
89 12
90 0
90 1
90 2
90 4
90 5
91 0
91 1
91 2
91 3
91 5
91 7
91 8
91 44
91 66
92 0
92 1
92 2
92 3
92 4
92 5
92 6
92 7
93 1
93 3
93 5
93 6
93 7
93 8
93 23
94 0
94 1
94 2
94 3
94 6
94 8
94 41
95 0
95 1
95 3
95 5
95 7
95 8
95 24
95 73
96 0
96 1
96 2
96 3
96 4
96 5
97 2
97 3
97 4
97 5
97 96
98 0
98 1
98 2
98 3
98 4
98 5
98 6
99 0
99 1
99 3
99 5
99 7
99 8
99 24
99 26
100 0
100 1
100 2
100 3
100 5
100 7
100 8
100 44
100 66
100 91
101 1
101 2
101 3
101 5
101 39
102 0
102 1
102 4
102 7
103 1
103 2
103 3
103 5
103 6
103 7
103 8
104 0
104 1
104 2
104 3
104 5
104 7
104 8
105 1
105 2
105 3
105 5
106 1
106 2
106 5
106 6
106 7
106 8
106 18
106 59
107 0
107 2
107 3
107 5
107 6
107 7
107 8
108 0
108 1
109 1
109 2
109 5
109 6
109 7
109 8
109 18
109 59
110 0
110 1
110 2
110 4
110 5
110 12
110 13
111 0
111 1
111 2
111 3
111 5
111 8
111 66
111 88
112 0
112 1
112 2
112 3
112 4
112 5
112 6
113 0
113 1
113 2
113 3
113 4
113 5
113 6
113 7
113 8
114 0
114 1
114 2
114 5
114 6
114 7
114 8
114 18
114 36
115 0
115 1
115 3
115 12
116 0
116 1
116 2
116 3
116 5
116 6
116 7
116 8
116 22
117 0
117 1
117 2
117 3
117 5
117 44
117 66
117 88
118 0
118 1
118 2
118 3
118 12
118 13
119 1
119 2
119 6
119 7
119 8
119 18
120 1
120 2
120 5
120 6
120 7
120 8
120 18
121 0
121 2
121 3
121 4
121 5
121 7
121 8
122 0
122 1
122 3
122 5
122 6
122 7
122 24
122 73
123 0
123 2
123 3
123 4
123 5
124 0
124 1
124 2
124 3
124 5
124 6
124 7
124 67
125 0
125 1
125 2
125 5
125 6
125 7
125 67
126 0
126 1
126 2
126 3
126 4
126 12
126 13
127 0
127 2
127 3
127 4
127 5
127 6
127 7
127 8
127 9
128 0
128 1
128 2
128 3
128 5
128 7
128 67
128 124
129 0
129 1
129 2
129 3
129 5
129 7
129 8
129 44
130 0
130 1
130 5
130 6
130 7
130 8
131 0
131 1
131 3
131 5
131 6
131 7
131 24
131 73
132 0
132 1
132 2
132 3
132 4
132 5
132 12
132 17
133 0
133 1
133 2
133 3
133 4
133 5
133 12
133 13
134 0
134 1
134 2
134 3
134 4
134 5
134 12
134 13
134 55
135 0
135 1
135 2
135 3
135 6
135 8
135 41
136 0
136 1
136 3
136 5
136 6
136 7
136 24
137 2
137 3
137 6
137 7
137 15
137 84
138 0
138 1
138 2
138 3
138 5
138 6
139 0
139 1
139 2
139 3
139 4
139 5
140 0
140 2
140 3
140 4
140 5
140 7
141 0
141 1
141 2
141 3
141 5
141 8
141 44
141 66
142 1
142 3
142 5
142 7
142 8
142 24
143 0
143 2
143 3
143 4
143 5
143 6
143 7
143 8
144 0
144 1
144 2
144 4
144 7
144 16
145 0
145 2
145 5
145 6
145 8
145 46
146 2
146 3
146 4
146 5
146 17
146 30
147 0
147 2
147 3
147 8
147 41
148 1
148 2
148 5
148 6
148 7
148 8
148 18
149 1
149 2
149 3
149 4
149 5
149 12
149 13
149 55
150 0
150 2
150 3
150 5
150 6
150 8
150 18
151 0
151 2
151 3
151 5
151 6
151 7
151 8
151 23
152 0
152 5
152 6
152 7
153 0
153 1
153 2
153 5
153 6
153 7
153 67
154 0
154 1
154 2
154 3
154 5
154 7
154 66
154 91
155 0
155 2
155 3
155 4
155 12
156 0
156 1
156 2
156 3
156 4
156 5
157 0
157 1
157 2
157 5
157 6
158 0
158 1
158 2
158 4
158 12
159 0
159 1
159 2
159 3
159 5
159 8
159 44
159 66
160 0
160 2
160 3
160 4
160 5
160 6
160 7
160 8
160 9
161 0
161 2
161 3
161 4
161 5
161 6
161 7
161 8
161 9
162 0
162 1
162 2
162 3
162 5
162 6
162 18
162 22
163 1
163 2
163 3
163 6
163 7
163 8
163 18
164 0
164 1
164 4
164 58
165 0
165 1
165 2
165 5
165 6
165 7
166 0
166 1
166 2
166 3
166 4
166 5
167 0
167 1
167 2
167 5
167 6
167 7
167 165
168 0
168 1
168 2
168 3
168 4
168 5
168 6
168 51
169 0
169 1
169 2
169 3
169 5
169 6
169 7
169 8
169 18
170 0
170 2
170 3
170 5
170 7
170 140
171 1
171 2
171 6
171 7
171 8
172 0
172 1
172 2
172 3
172 4
172 5
172 166
173 1
173 2
173 7
173 8
173 18
174 1
174 2
174 5
174 6
174 7
174 18
175 0
175 60
176 0
176 1
176 2
176 4
176 5
176 12
176 13
177 0
177 1
177 2
177 3
177 5
177 6
177 7
177 8
178 0
178 1
178 2
178 3
178 4
178 5
179 1
179 3
179 5
179 6
179 7
179 8
179 24
180 0
180 1
180 2
180 3
181 1
181 2
181 5
181 6
181 7
181 8
181 18
182 0
182 1
182 2
182 3
182 4
182 5
182 6
182 7
182 8
183 1
183 2
183 5
183 6
183 7
183 8
184 0
184 1
184 2
184 3
184 5
184 7
184 44
185 0
185 3
185 5
185 6
185 7
185 8
186 0
186 1
186 2
186 3
186 5
186 6
186 7
186 8
187 0
187 1
187 3
187 5
187 7
187 8
187 24
187 26
188 0
188 1
188 2
188 5
188 6
188 7
189 0
189 1
189 2
189 3
189 7
189 8
190 0
190 1
190 3
190 5
190 6
190 7
190 8
190 14
191 0
191 1
191 2
191 4
191 5
192 0
192 2
192 3
192 5
192 7
192 67
192 124
193 0
193 1
193 2
193 4
193 5
193 6
193 7
193 8
193 113
194 0
194 1
194 2
194 3
194 4
194 12
194 13
195 0
195 1
196 0
196 2
196 3
196 4
196 5
196 6
196 7
196 8
196 113
197 0
197 1
197 3
197 5
197 7
197 8
197 73
198 0
198 1
198 2
198 3
198 4
198 5
198 12
198 13
199 0
199 1
199 3
199 7
199 44
200 1
200 2
200 5
200 6
200 7
200 18
201 1
201 3
201 5
201 6
201 24
202 0
202 1
202 2
202 3
202 5
202 6
202 7
202 8
202 177
203 0
203 2
203 3
203 4
203 5
203 7
203 8
204 1
204 2
204 3
204 4
204 5
204 39
205 0
205 1
205 3
205 4
205 5
205 6
206 0
206 2
206 3
206 4
206 5
206 6
206 8
207 1
207 2
207 6
207 7
207 8
207 181
208 0
208 2
208 3
208 5
208 7
208 8
208 44
209 0
209 2
209 5
209 6
209 7
209 8
210 0
210 1
210 2
210 12
210 13
211 1
211 2
211 7
211 8
211 18
212 0
212 3
212 6
212 7
212 8
212 50
213 0
213 1
213 2
213 3
213 5
213 6
214 0
214 1
214 2
214 3
214 5
214 7
214 8
214 44
214 66
214 91
215 0
215 2
215 5
215 6
215 7
215 8
216 4
216 5
216 6
216 7
216 8
217 0
217 1
217 2
217 3
217 5
217 7
217 8
217 44
217 66
217 91
218 0
218 1
218 2
218 3
218 5
218 7
218 44
219 0
219 1
219 3
219 5
219 6
220 0
220 1
220 2
220 4
220 5
220 12
220 13
221 0
221 1
221 2
221 5
221 6
221 7
221 8
222 0
222 2
222 4
222 5
222 6
222 7
222 8
222 113
223 0
223 1
223 2
223 3
223 4
223 5
223 12
224 0
224 2
224 3
224 4
224 5
224 6
224 7
224 8
225 1
225 5
225 6
225 24
225 201
226 0
226 1
226 2
226 3
226 7
226 44
227 0
227 3
227 5
227 12
227 13
228 0
228 2
228 3
228 5
228 6
228 7
229 0
229 1
229 2
229 3
229 4
229 5
229 13
230 0
230 1
230 2
230 3
230 5
230 7
230 8
230 15
231 0
231 3
231 5
231 6
231 7
231 8
231 15
232 0
232 1
232 2
232 3
232 4
233 0
233 1
233 5
234 2
234 3
234 4
234 5
235 0
235 1
235 3
235 5
235 6
235 7
235 8
235 14
236 2
236 6
236 7
236 8
236 18
237 0
237 1
237 2
237 3
237 4
237 5
237 12
237 13
237 55
238 0
238 1
238 2
238 3
238 5
238 6
238 7
238 8
238 24
239 0
239 1
239 2
239 3
239 4
239 12
239 13
239 33
240 0
240 1
240 2
240 3
240 5
240 7
240 44
240 218
241 0
241 1
241 2
241 3
241 5
241 7
241 8
242 0
242 2
242 3
242 4
242 5
243 0
243 1
243 2
243 12
243 13
244 0
244 1
244 3
244 4
244 5
244 6
244 205
245 0
245 2
245 3
245 5
245 7
245 8
245 208
246 0
246 1
246 5
246 7
246 8
246 18
246 36
247 0
247 1
247 2
247 3
247 4
247 5
247 12
248 0
248 2
248 3
248 4
248 5
248 6
248 7
248 8
248 9
249 2
249 3
249 5
249 7
249 8
250 0
250 2
250 12
250 13
251 0
251 2
251 3
251 5
251 7
251 8
252 0
252 2
252 3
252 4
252 5
252 6
252 7
252 8
252 9
253 0
253 1
253 3
253 4
253 6
254 0
254 1
254 2
254 3
254 5
254 6
254 7
255 0
255 1
255 2
255 3
255 5
255 7
255 8
255 44
255 66
255 91
255 217
256 0
256 2
256 3
256 5
256 7
257 2
257 7
257 8
257 18
258 0
258 1
258 3
258 5
258 6
258 7
258 8
259 1
259 2
259 5
259 8
259 18
259 59
260 0
260 1
260 2
260 3
260 5
260 6
260 7
260 67
260 124
261 0
261 2
261 3
261 5
261 7
261 67
261 124
261 192
262 1
262 2
262 3
262 5
262 6
262 7
262 8
262 40
263 0
263 1
263 2
263 5
263 6
263 7
263 8
263 72
264 0
264 1
264 2
264 3
264 4
264 12
264 13
265 0
265 1
265 2
265 3
265 4
265 5
265 12
265 13
266 0
266 1
266 3
266 5
266 7
266 8
266 44
266 66
267 0
267 1
267 2
267 3
267 5
267 7
267 8
267 18
268 0
268 1
268 2
268 3
268 7
268 8
268 28
269 1
269 2
269 3
269 5
269 6
269 7
270 0
270 3
270 5
270 6
270 7
270 9
271 0
271 1
271 2
271 3
271 5
271 6
271 7
272 1
272 5
272 7
272 8
272 44
272 66
273 0
273 1
273 2
273 4
274 0
274 1
274 4
274 7
275 0
275 1
275 3
275 5
275 6
275 7
275 24
275 73
275 131
276 1
276 3
276 5
276 6
276 7
277 0
277 1
277 2
277 3
277 4
278 0
278 3
278 5
278 6
278 8
279 0
279 2
279 3
279 4
279 5
279 6
279 7
279 8
279 9
279 160
280 1
280 2
280 3
280 6
281 0
281 2
281 3
281 4
281 17
281 30
282 0
282 1
282 2
282 3
282 5
282 6
282 7
282 67
282 124
283 0
283 1
283 5
283 7
283 8
283 24
283 26
283 99
284 0
284 1
284 2
284 3
284 4
284 5
285 0
285 1
285 2
285 6
285 7
285 67
286 2
286 5
286 6
286 7
286 8
286 18
287 1
287 2
287 3
287 4
287 5
287 39
288 0
288 1
288 3
288 5
288 7
288 8
289 1
289 2
289 5
289 6
289 7
289 8
289 18
289 148
290 0
290 2
290 3
290 4
290 5
290 6
290 7
290 8
290 9
291 1
291 2
291 12
292 0
292 1
292 3
292 5
292 7
292 8
292 44
292 66
292 91
293 1
293 2
293 3
293 4
293 5
293 39
294 0
294 1
294 2
294 3
294 4
294 5
294 11
295 0
295 1
295 2
295 5
295 6
295 8
295 18
296 1
296 2
296 3
296 5
296 12
297 0
297 2
297 3
297 4
297 5
297 6
297 7
297 8
297 9
298 1
298 5
298 8
298 18
298 59
298 259
299 0
299 1
299 2
299 3
299 4
299 5
299 6
299 7
300 0
300 1
300 2
300 3
300 5
300 7
300 8
300 44
300 66
300 91
300 217
301 3
301 5
301 7
301 8
301 24
302 1
302 3
302 5
302 39
303 0
303 1
303 2
303 4
303 5
303 6
303 7
304 1
304 3
304 5
304 6
304 7
304 24
305 0
305 1
305 2
305 5
305 7
305 67
305 125
306 0
306 2
306 3
306 7
307 0
307 1
307 2
307 4
307 5
307 13
307 110
308 2
308 3
308 6
308 7
308 15
308 84
308 137
309 2
309 3
309 5
309 6
309 7
310 0
310 1
310 2
310 3
310 4
310 5
310 6
310 51
311 0
311 1
311 3
311 4
311 5
311 12
311 13
312 0
312 1
312 2
312 3
312 4
312 6
312 7
313 1
313 2
313 5
313 7
313 8
313 18
314 0
314 1
314 5
314 6
314 7
314 165
315 0
315 1
315 2
315 4
315 12
315 13
316 0
316 2
316 3
316 4
316 5
316 12
317 0
317 3
317 5
317 6
317 14
318 1
318 3
318 6
318 7
318 24
318 54
319 0
319 2
319 3
319 4
319 6
319 7
319 8
320 0
320 3
320 5
320 6
320 7
320 8
320 43
321 0
321 2
321 3
321 5
321 6
321 8
321 18
322 1
322 5
322 302
323 1
323 3
323 5
324 1
324 2
324 5
324 7
324 8
324 44
325 0
325 1
325 3
325 7
325 44
326 2
326 3
326 5
326 7
326 8
326 28
327 0
327 1
327 2
327 3
327 5
327 7
327 44
327 66
327 91
327 214
328 0
328 1
328 2
328 4
328 5
328 13
328 110
328 307
329 0
329 1
329 2
329 3
329 5
329 44
329 159
330 0
330 1
330 4
330 7
331 0
331 1
331 2
331 3
331 4
331 5
332 0
332 2
332 3
332 5
332 7
332 8
332 14
333 0
333 1
333 2
333 4
333 12
333 13
334 3
334 5
334 12
334 13
335 1
335 2
335 5
335 6
335 7
335 8
335 183
336 2
336 7
336 8
336 18
336 257
337 0
337 1
337 2
337 3
337 7
337 44
337 66
337 214
338 0
338 3
338 5
338 7
338 8
338 14
339 0
339 1
339 2
339 5
339 6
340 0
340 2
340 3
340 8
341 0
341 1
341 3
341 5
341 6
342 2
342 3
342 6
342 7
342 15
343 0
343 1
343 2
343 3
343 4
343 5
343 12
343 13
344 0
344 1
344 2
344 3
344 4
344 12
344 13
344 55
345 0
345 1
345 3
345 5
345 7
345 8
346 0
346 1
346 2
346 3
346 4
346 13
346 33
346 239
347 0
347 1
347 2
347 3
347 5
347 6
347 7
347 8
347 177
348 0
348 1
348 2
348 3
348 4
349 1
349 2
349 3
349 5
349 7
349 8
349 44
350 0
350 1
350 5
350 7
350 8
350 24
350 26
350 99
351 0
351 1
351 2
351 3
351 5
351 6
351 7
351 8
352 0
352 1
352 2
352 13
353 0
353 1
353 2
353 3
353 5
353 6
353 7
353 8
354 0
354 1
354 2
354 3
354 4
354 5
354 6
354 7
355 1
355 2
355 3
355 5
355 6
355 7
355 8
355 24
356 0
356 1
356 3
356 5
356 7
356 44
356 66
357 0
357 2
357 3
357 12
357 155
358 1
358 2
358 5
358 6
358 7
358 174
359 0
359 2
359 3
359 4
359 5
359 6
359 7
359 8
359 9
360 0
360 2
360 4
360 6
360 7
360 8
360 9
360 160
361 0
361 195
362 0
362 2
362 3
362 4
362 5
363 0
363 1
363 2
363 3
363 5
363 6
363 7
363 8
364 0
364 1
364 2
364 3
364 5
364 8
364 44
364 66
365 1
365 2
365 5
365 6
365 7
365 8
365 18
366 1
366 2
366 7
366 8
366 18
366 211
367 1
367 2
367 5
367 6
367 7
368 1
368 2
368 3
368 4
368 5
368 12
369 0
369 1
369 2
369 12
369 13
369 56
369 68
370 0
370 1
370 2
370 3
370 4
370 5
370 178
371 0
371 1
371 2
371 5
371 6
371 7
371 8
372 2
372 3
372 6
372 7
372 15
372 84
372 137
373 2
373 7
373 8
373 18
373 211
374 0
374 2
374 3
374 4
374 6
374 7
374 8
375 0
375 1
375 3
375 5
375 6
375 7
375 24
376 0
376 1
376 6
376 7
376 8
377 1
377 3
377 4
377 5
377 39
378 1
378 3
378 5
378 39
378 302
379 1
379 2
379 3
379 4
379 5
379 12
380 0
380 1
380 2
380 3
380 5
380 12
380 42
381 0
381 1
381 5
381 7
381 8
381 18
381 36
382 0
382 2
382 3
382 4
382 5
382 6
382 7
382 8
382 113
383 0
383 1
383 2
383 3
383 4
383 5
383 51
384 0
384 1
384 2
384 3
384 4
384 5
385 0
385 1
385 4
385 5
385 6
385 205
386 0
386 1
386 3
386 4
386 5
386 12
386 13
387 0
387 1
387 4
387 7
388 0
388 2
388 5
388 6
388 8
388 18
389 0
389 1
389 2
389 3
389 4
389 12
390 0
390 1
390 2
390 3
390 4
390 12
390 13
390 55
391 0
391 6
391 7
391 8
391 9
391 160
391 360
392 1
392 3
392 5
392 6
392 7
392 8
392 23
393 0
393 2
393 3
393 4
393 6
393 7
393 8
394 0
394 1
394 2
394 3
394 4
394 5
394 12
395 0
395 2
395 3
395 4
395 6
395 7
395 8
396 1
396 2
396 6
396 7
396 8
396 18
397 0
397 2
397 3
397 5
397 6
397 7
397 8
397 23
397 151
398 0
398 1
398 2
398 3
398 5
398 6
399 2
399 4
399 5
399 12
399 13
399 220
400 0
400 1
400 2
400 3
400 7
400 8
401 1
401 2
401 3
401 8
401 44
401 66
402 0
402 2
402 3
402 5
402 6
402 7
402 8
403 0
403 1
403 2
403 3
403 4
403 5
403 12
403 21
404 2
404 3
404 5
404 6
404 7
404 8
404 23
405 0
405 1
405 2
405 3
405 4
405 5
406 1
406 2
406 5
406 6
406 7
406 8
406 18
406 81
407 0
407 1
407 2
407 4
407 12
407 13
407 315
408 0
408 1
408 2
408 3
408 8
408 41
409 2
409 3
409 4
409 5
409 6
409 7
409 8
410 0
410 3
410 5
410 6
410 7
410 8
411 0
411 1
411 2
411 5
411 6
411 18
412 1
412 2
412 3
412 4
412 39
413 0
413 3
413 5
413 6
413 7
413 8
413 43
413 320
414 2
414 3
414 7
414 140
414 170
415 0
415 1
415 2
415 8
415 41
416 2
416 5
416 6
416 7
416 8
417 0
417 1
417 2
417 3
417 5
417 44
417 66
417 88
418 0
418 2
418 3
418 4
419 0
419 1
419 2
419 3
419 5
419 6
419 7
419 67
419 124
420 0
420 1
420 2
420 3
420 5
420 7
420 8
420 44
421 1
421 3
421 4
421 5
421 39
422 0
422 1
422 5
422 6
422 18
423 0
423 2
423 3
423 4
423 5
423 6
423 7
423 8
423 9
424 0
424 2
424 3
424 5
424 6
424 7
424 15
425 0
425 1
425 2
425 3
425 5
425 7
425 8
425 44
425 66
425 91
425 214
426 1
426 2
426 3
426 5
426 6
426 7
426 8
426 18
426 22
427 0
427 1
427 2
427 3
427 5
427 6
427 7
427 67
427 124
427 260
428 1
428 2
428 5
428 6
428 18
429 0
429 3
429 5
429 6
430 0
430 1
430 3
430 5
430 12
430 13
430 55
431 0
431 3
431 5
431 6
431 7
431 43
432 0
432 1
432 2
432 3
432 12
433 0
433 2
433 3
433 4
433 5
433 6
433 9
434 0
434 1
434 3
434 5
434 7
434 24
434 73
434 131
435 0
435 2
435 3
435 4
435 5
435 6
436 0
436 3
436 5
436 8
437 5
437 6
437 18
438 1
438 2
438 3
438 4
438 5
439 1
439 2
439 5
439 6
439 7
439 18
440 0
440 1
440 2
440 3
440 4
440 6
441 0
441 2
441 3
441 5
441 6
441 8
442 0
442 1
442 2
442 4
442 5
442 12
442 13
443 0
443 1
443 3
443 5
443 6
444 0
444 2
444 3
444 5
444 6
444 7
445 0
445 3
445 5
445 8
445 73
446 0
446 1
446 3
446 5
446 6
446 7
446 8
446 24
446 26
447 0
447 1
447 2
447 3
447 5
447 12
447 13
447 237
448 0
448 1
448 2
448 3
448 7
448 8
449 0
449 1
449 2
449 5
449 6
450 0
450 1
450 3
450 5
450 6
450 8
450 14
451 0
451 1
451 3
451 4
451 5
452 1
452 2
452 3
452 5
452 8
452 66
453 1
453 2
453 3
453 4
453 5
453 13
453 229
454 2
454 3
454 5
454 6
454 7
454 8
454 14
455 0
455 1
455 2
455 4
455 12
455 13
456 1
456 2
456 3
456 5
456 6
456 7
456 8
456 40
457 0
457 2
457 5
457 7
457 208
458 0
458 1
458 3
458 5
458 6
458 7
458 8
458 24
459 1
459 2
459 5
459 6
459 7
459 8
459 18
459 148
460 0
460 3
460 5
460 7
460 8
460 338
461 0
461 2
461 3
461 4
461 5
461 6
462 0
462 1
462 3
462 5
462 7
462 8
462 44
462 66
462 266
463 0
463 1
463 2
463 3
463 4
463 13
463 33
463 239
464 3
464 5
464 7
464 8
464 24
465 0
465 1
465 2
465 3
465 4
465 12
465 13
466 1
466 2
466 3
466 4
467 0
467 2
467 3
467 4
467 5
467 6
467 7
467 8
467 9
468 2
468 3
468 4
468 5
468 6
468 7
468 8
468 9
469 0
469 1
469 2
469 3
469 5
469 6
469 7
469 8
469 177
470 0
470 2
470 3
470 4
470 5
470 6
470 7
470 8
470 9
471 0
471 1
471 3
471 5
471 7
471 24
471 73
471 131
472 0
472 1
472 2
472 3
472 4
472 11
472 294
473 1
473 2
473 5
473 6
473 7
473 8
473 18
473 81
473 406
474 0
474 2
474 3
474 4
474 5
474 6
474 7
474 8
474 9
475 0
475 1
475 2
475 3
475 5
475 6
475 7
476 0
476 1
476 2
476 3
476 5
476 7
476 44
476 218
477 0
477 1
477 2
477 5
477 12
478 0
478 2
478 4
478 5
478 6
478 7
478 8
478 113
478 222
479 0
479 1
479 2
479 3
479 7
479 8
480 0
480 1
480 2
480 3
480 5
480 7
480 8
480 44
480 66
480 214
481 0
481 1
481 2
481 3
481 4
481 5
482 0
482 2
482 3
482 5
482 6
482 8
483 0
483 3
483 5
483 8
483 73
484 0
484 1
484 2
484 4
484 12
484 13
485 1
485 2
485 13
485 352
486 1
486 2
486 3
486 6
486 7
486 269
487 1
487 2
487 5
487 6
487 8
487 18
487 106
488 0
488 2
488 5
488 7
488 67
489 1
489 2
489 3
489 4
489 5
489 12
490 0
490 2
490 3
490 5
490 6
490 18
491 2
491 3
491 5
491 7
491 249
492 0
492 1
492 2
492 3
492 4
492 5
492 6
492 168
493 0
493 1
493 3
493 4
493 5
493 6
493 205
494 0
494 1
494 2
494 3
494 4
494 5
494 6
494 7
494 8
495 0
495 1
495 5
495 6
495 7
495 73
496 0
496 1
496 2
496 3
496 4
496 5
496 6
496 7
497 0
497 1
497 2
497 3
497 5
497 7
497 66
497 91
498 2
498 13
498 352
498 485
499 0
499 1
499 2
499 3
499 12
499 13
499 118
500 0
500 1
500 2
500 3
501 0
501 1
501 3
501 5
501 7
501 8
501 44
501 66
501 91
502 0
502 1
502 2
502 3
502 7
502 8
503 0
503 1
503 3
503 5
503 6
503 7
503 8
503 14
504 1
504 2
504 3
504 4
504 5
504 6
504 7
505 3
505 7
505 8
505 24
506 0
506 1
506 2
506 3
506 6
506 8
506 41
507 0
507 1
507 2
507 3
507 5
507 6
507 7
508 1
508 2
508 3
508 5
508 6
509 0
509 2
509 3
509 4
509 12
509 13
510 0
510 1
510 2
510 3
510 4
510 5
511 0
511 1
511 2
511 3
511 5
511 12
511 42
512 2
512 3
512 4
512 5
512 11
513 0
513 1
513 2
513 3
513 4
513 5
513 12
514 1
514 2
514 5
514 6
514 18
514 81
514 406
515 0
515 1
515 2
515 3
515 4
515 277
516 0
516 1
516 4
516 5
516 6
517 0
517 2
517 3
517 5
517 7
518 1
518 5
518 6
518 7
519 2
519 4
519 5
519 17
519 30
520 0
520 1
520 2
520 5
520 6
520 7
520 18
520 36
520 114
521 1
521 3
521 5
521 7
521 8
521 73
521 95
522 2
522 5
522 6
522 18
523 0
523 1
523 387
524 0
524 2
524 3
524 4
524 33
524 239
525 2
525 3
525 4
525 5
525 39
526 0
526 1
526 2
526 13
527 1
527 2
527 3
527 4
527 5
528 2
528 3
528 5
528 6
528 7
528 8
528 14
529 1
529 2
529 3
529 4
529 5
529 6
529 7
530 0
530 1
530 2
530 3
530 4
530 5
530 12
531 0
531 1
531 2
531 4
531 12
531 13
531 315
532 2
532 5
532 6
532 7
532 8
532 18
533 2
533 3
533 4
533 17
533 30
534 0
534 1
534 2
534 5
534 6
534 339
535 0
535 1
535 2
535 12
535 13
535 484
536 0
536 1
536 4
536 5
536 6
536 205
537 1
537 2
537 5
537 7
537 8
537 18
538 0
538 2
538 3
538 5
538 6
538 7
538 8
538 23
538 151
539 1
539 2
539 7
539 8
539 18
539 119
540 0
540 1
540 2
540 3
540 7
540 44
541 1
541 2
541 3
541 5
541 7
541 8
541 241
542 0
542 1
542 2
542 3
542 4
542 277
543 0
543 1
543 2
543 3
543 5
543 7
543 44
544 2
544 3
544 5
544 7
544 249
545 1
545 2
545 3
545 4
545 39
546 0
546 1
546 2
546 5
546 6
546 7
546 67
546 124
546 260
547 0
547 2
547 3
547 5
547 6
547 7
547 8
547 23
547 151
547 538
548 1
548 2
548 3
548 5
548 7
548 44
548 66
548 91
548 214
549 0
549 1
549 4
550 0
550 2
550 3
550 5
550 7
550 44
551 0
551 1
551 2
551 8
551 44
551 66
552 0
552 2
552 4
552 5
552 6
552 7
552 8
552 9
553 0
553 1
553 3
553 4
553 6
554 1
554 2
554 3
554 5
554 6
554 8
554 18
555 0
555 3
555 7
555 8
555 338
556 0
556 1
556 2
556 3
556 6
556 8
556 41
556 506
557 0
557 1
557 2
557 3
557 7
557 8
558 0
558 1
558 4
558 5
559 1
559 5
559 6
559 7
559 18
559 200
560 3
560 5
560 7
560 24
560 301
561 0
561 1
561 2
561 3
561 5
561 6
561 7
561 177
562 0
562 1
562 3
562 5
562 7
562 8
562 73
563 0
563 3
563 5
563 6
564 1
564 2
564 3
564 4
564 5
564 12
564 13
565 1
565 3
565 4
565 39
565 545
566 0
566 3
566 4
566 33
567 0
567 2
567 3
567 4
567 5
568 0
568 2
568 3
568 6
568 8
569 1
569 2
570 0
570 1
570 2
570 4
570 5
570 7
570 83
571 0
571 1
571 2
571 3
571 7
571 44
572 0
572 1
572 3
573 0
573 2
573 3
573 5
573 7
573 8
573 44
574 1
574 2
574 5
574 6
574 18
574 81
574 406
575 1
575 2
575 3
575 4
575 232
576 0
576 3
576 5
576 7
577 1
577 2
577 3
577 5
577 7
577 8
577 40
578 1
578 2
578 3
578 5
578 7
578 8
578 18
578 22
579 0
579 1
579 2
579 3
579 5
579 6
579 7
579 67
580 0
580 1
580 6
580 8
581 0
581 3
581 4
581 5
581 6
582 1
582 2
582 5
582 6
582 339
583 0
583 1
583 2
583 3
583 5
583 8
583 44
584 0
584 1
584 5
584 6
585 0
585 3
585 5
585 7
585 73
585 131
586 1
586 2
586 5
586 6
586 7
586 8
586 18
586 81
587 2
587 6
587 7
587 8
588 0
588 2
588 3
588 5
588 6
588 7
589 0
589 1
589 2
589 5
589 6
589 7
589 18
589 36
590 0
590 1
590 2
590 3
590 4
590 5
590 12
591 0
591 2
591 3
591 5
591 6
591 8
592 0
592 1
592 2
592 3
592 6
592 7
592 8
592 18
593 0
593 1
593 4
593 58
594 0
594 2
594 3
594 5
594 6
594 7
594 8
594 113
594 382
595 0
595 1
595 4
595 7
596 0
596 1
596 3
596 5
596 8
597 0
597 1
597 4
597 5
597 6
597 205
598 1
598 2
598 3
598 4
598 5
598 12
598 379
599 1
599 3
599 5
599 6
599 7
599 8
599 24
600 0
600 3
600 5
600 6
601 1
601 2
601 4
601 12
601 13
601 315
602 1
602 2
602 5
602 6
602 7
602 18
603 2
603 3
603 6
603 84
604 2
604 3
604 6
604 7
604 15
605 0
605 2
605 4
605 5
606 0
606 1
606 2
606 5
606 6
606 7
606 8
606 18
606 36
606 75
607 2
607 3
607 5
607 6
608 0
608 2
608 3
608 4
608 5
608 12
608 55
608 237
609 1
609 3
609 5
609 24
610 0
610 2
610 3
610 4
610 6
610 7
610 8
611 1
611 2
611 5
611 6
611 7
611 18
612 0
612 1
612 2
612 484
612 535
613 2
613 5
613 7
613 8
614 0
614 1
614 2
614 5
614 6
614 7
614 67
614 124
615 0
615 1
615 2
615 3
615 4
615 5
615 6
615 7
615 494
616 0
616 1
616 2
616 3
616 4
616 12
617 1
617 5
617 7
617 8
617 24
617 26
617 99
618 0
618 1
618 2
618 5
618 6
618 7
618 8
618 18
618 36
619 2
619 5
619 6
619 7
619 18
620 0
620 1
620 2
620 18
620 411
621 0
621 1
621 2
621 3
621 5
621 44
621 66
621 88
622 0
622 1
622 2
622 4
622 5
623 0
623 2
623 3
623 4
623 6
623 7
623 8
624 0
624 2
624 3
624 4
624 5
624 7
625 0
625 2
625 3
625 4
625 5
625 12
625 55
625 237
626 0
626 1
626 2
626 3
626 5
626 6
627 0
627 1
627 3
627 5
627 8
628 0
628 1
628 2
628 3
628 5
628 7
628 8
628 44
629 1
629 2
629 5
629 6
629 7
629 18
629 114
630 0
630 1
630 2
630 3
630 5
630 7
630 8
630 22
631 0
631 1
631 2
631 3
631 5
631 7
631 66
632 0
632 1
632 2
632 3
632 5
632 7
632 8
632 44
632 66
632 91
632 214
633 0
633 1
633 3
634 1
634 2
634 3
634 4
634 5
634 13
635 0
635 1
635 2
635 5
635 6
635 7
635 67
635 125
636 0
636 1
636 2
636 3
636 4
636 12
636 13
636 194
637 0
637 2
637 3
637 4
637 6
637 9
638 0
638 1
638 2
638 3
638 5
638 6
638 7
638 8
638 177
639 0
639 2
639 3
639 5
639 7
639 140
640 2
640 3
640 6
640 7
640 15
640 137
641 1
641 2
641 3
641 4
641 5
641 12
641 379
642 0
642 1
642 2
642 6
643 0
643 2
643 4
643 5
644 2
644 3
644 4
644 5
644 6
645 0
645 2
645 3
645 5
645 7
645 8
645 44
645 420
646 1
646 2
646 3
646 4
647 0
647 1
647 4
647 5
647 6
647 205
648 0
648 2
648 3
648 5
648 8
649 2
649 6
649 7
649 8
650 0
650 1
650 3
650 5
650 7
650 8
650 24
650 73
651 0
651 1
651 2
651 4
651 5
651 6
651 168
652 0
652 3
652 5
652 7
652 8
652 44
652 266
653 0
653 2
653 3
653 7
653 8
653 208
654 0
654 2
654 3
654 4
654 5
654 6
654 7
654 8
654 9
655 1
655 2
655 3
655 5
655 39
655 63
656 0
656 1
656 2
656 3
656 5
656 7
656 66
656 91
657 2
657 3
657 4
657 5
657 7
657 8
658 1
658 5
658 7
658 8
658 24
658 26
658 99
659 1
659 2
659 5
659 6
659 7
659 67
659 124
659 260
660 0
661 0
661 1
661 2
661 5
661 7
661 8
661 44
662 1
662 2
662 4
663 2
663 5
663 6
663 7
663 8
663 18
663 286
664 0
664 2
664 3
664 4
664 5
664 6
664 7
664 8
665 1
665 2
665 3
665 4
665 6
665 440
666 2
666 5
666 7
666 8
666 18
666 532
667 0
667 3
667 5
667 6
668 0
668 2
668 3
668 5
668 7
668 8
668 44
668 66
668 91
668 214
669 2
669 3
669 5
669 7
669 249
670 0
670 1
670 2
670 3
670 5
670 7
670 104
671 0
671 1
671 2
671 484
671 535
672 0
672 1
672 2
672 3
672 7
672 44
672 218
673 1
673 2
673 5
673 6
673 7
673 18
673 114
674 1
674 2
674 3
674 4
674 62
675 1
675 2
675 5
675 6
675 7
675 8
675 18
676 0
676 1
676 2
676 3
676 4
676 5
676 12
676 21
677 0
677 1
677 2
677 12
677 13
677 315
678 0
678 1
678 4
678 5
678 205
679 2
679 3
679 4
679 5
680 2
680 3
680 6
680 7
680 15
680 84
681 0
681 2
681 3
681 4
681 5
681 6
682 1
682 2
682 5
682 6
682 7
682 8
682 18
682 36
682 618
683 1
683 3
683 5
683 66
683 452
684 1
684 2
684 6
684 7
684 8
684 18
685 0
685 2
685 3
685 5
685 7
685 44
685 420
685 645
686 1
686 2
686 3
686 12
686 432
687 0
687 1
687 2
687 3
687 4
687 12
687 17
688 1
688 2
688 6
688 7
688 67
688 285
689 1
689 5
689 6
689 7
689 8
690 0
690 2
690 4
690 5
690 6
690 9
691 0
691 2
691 3
691 4
691 5
691 6
691 7
691 8
691 113
692 0
692 1
692 2
692 3
692 5
692 6
692 51
693 2
693 4
693 6
693 7
693 8
694 1
694 2
694 7
694 18
695 0
695 1
695 2
695 13
695 352
696 2
696 3
696 5
696 7
696 8
696 14
697 0
697 1
697 2
697 3
697 5
697 8
697 66
697 88
698 0
698 1
698 2
698 3
698 4
698 5
698 6
698 51
699 0
699 3
699 4
699 5
699 6
699 7
699 8
699 9
700 0
700 3
700 5
700 6
700 7
700 15
701 0
701 1
701 3
701 4
701 5
701 6
701 7
701 494
702 0
702 3
702 6
702 7
702 43
703 0
703 2
703 3
703 5
703 6
703 7
703 8
703 23
703 151
703 397
704 0
704 1
704 2
704 3
704 6
704 8
704 41
705 0
705 5
705 6
705 7
705 8
705 14
705 235
706 2
706 4
707 0
707 3
707 5
707 7
707 8
707 44
707 266
707 652
708 0
708 2
708 3
708 5
708 6
708 8
709 0
709 1
709 3
709 5
709 6
709 205
710 0
710 1
710 2
710 3
710 4
710 5
711 1
711 2
711 3
711 4
711 379
712 1
712 2
712 3
712 5
712 6
712 7
712 8
712 262
713 0
713 3
713 5
713 8
714 0
714 2
714 3
714 5
714 7
714 8
714 44
714 66
714 91
714 214
715 0
715 2
715 4
715 12
715 13
716 0
716 1
716 2
716 3
716 5
716 44
716 66
716 159
717 0
717 1
717 2
717 5
718 0
718 1
718 2
718 3
718 5
718 7
718 67
718 124
719 0
719 3
719 5
719 7
719 8
719 185
720 0
720 2
720 3
720 4
720 6
720 7
720 8
720 9
720 248
721 0
721 1
721 3
721 5
721 7
721 8
721 73
722 0
722 2
722 3
722 5
722 8
723 0
723 2
723 3
723 4
723 362
724 0
724 1
724 2
724 3
724 5
724 12
724 42
725 0
725 2
725 3
725 4
725 5
725 7
726 1
726 2
726 6
726 7
726 8
726 18
727 3
727 6
728 0
728 2
728 3
728 5
728 6
728 7
728 8
728 23
729 0
729 1
729 2
729 3
729 5
729 7
729 8
729 44
729 66
729 214
730 0
730 2
730 3
730 4
730 5
731 0
731 1
731 3
731 5
732 0
732 1
732 3
732 5
732 7
732 8
733 0
733 1
733 3
733 7
733 8
734 0
734 1
734 4
735 2
735 3
735 4
735 5
735 17
735 30
736 0
736 1
736 2
736 3
736 5
736 8
737 3
737 4
737 5
737 679
738 1
738 2
738 6
738 7
738 8
738 18
739 1
739 2
739 5
739 6
740 1
740 2
740 3
740 4
740 12
740 13
740 465
741 2
741 5
741 6
741 7
741 18
741 114
741 673
742 1
742 3
742 4
742 5
742 379
742 598
743 1
743 2
743 5
743 7
743 8
743 18
744 0
744 2
744 3
744 5
744 7
744 67
744 124
745 1
745 2
745 5
745 6
745 18
746 0
746 2
746 3
746 4
747 0
747 2
747 3
747 5
747 6
747 7
747 8
748 1
748 3
748 6
748 7
748 8
749 0
749 5
749 6
749 7
750 1
750 2
750 3
750 4
750 12
750 13
750 465
750 740
751 0
751 1
751 2
751 3
751 5
751 7
751 66
751 91
752 2
752 5
752 6
752 7
752 8
752 18
753 0
753 1
753 3
753 5
753 7
753 8
753 24
753 73
754 0
754 1
754 2
754 3
754 4
754 5
754 6
754 51
755 0
755 2
755 3
755 5
755 6
755 18
756 0
756 1
756 2
756 5
756 6
756 7
757 2
757 4
757 5
757 17
757 30
758 0
758 1
758 2
758 3
758 5
758 7
758 8
758 44
758 66
758 91
758 217
758 255
759 0
759 1
759 2
759 3
759 5
759 6
759 7
760 0
760 1
760 2
760 3
760 5
760 44
760 66
760 88
760 417
761 0
761 3
761 5
762 2
762 7
762 8
762 18
763 0
763 3
763 4
763 5
763 6
764 0
764 1
764 2
764 5
764 6
764 7
764 8
764 72
765 0
765 1
765 2
765 3
765 4
765 5
766 0
766 2
766 3
766 5
766 7
766 8
766 14
767 0
767 2
767 3
767 5
767 7
767 140
768 0
768 2
768 3
768 5
768 6
768 7
768 15
769 0
769 1
769 5
769 7
769 8
769 24
769 73
770 0
770 1
770 3
770 5
770 8
771 0
771 1
771 4
771 12
771 52
772 1
772 2
772 3
772 5
772 7
772 44
773 0
773 2
773 3
773 5
773 6
773 7
773 8
774 1
774 2
774 6
774 7
774 67
774 285
775 0
775 3
775 5
776 2
776 5
776 8
776 18
776 81
777 0
777 2
777 3
777 4
777 5
777 6
778 0
778 1
778 2
778 3
778 5
778 6
778 7
778 18
779 0
779 2
779 3
779 5
779 7
779 8
779 14
780 0
780 2
780 3
780 4
780 6
780 7
780 8
780 161
781 0
781 1
781 2
781 3
781 5
781 7
781 44
782 0
782 1
782 2
782 3
782 4
782 5
782 12
782 13
782 343
783 0
783 2
783 5
783 6
783 7
783 23
783 151
783 538
784 1
784 2
784 5
784 7
784 67
784 124
784 260
785 2
785 3
785 5
785 6
785 461
786 0
786 1
786 2
786 3
786 7
786 44
787 0
787 2
787 3
787 5
787 6
787 18
788 0
788 2
788 3
788 5
788 7
788 8
789 0
789 1
789 3
789 5
789 6
790 0
790 2
790 3
790 4
790 5
790 6
791 2
791 3
791 5
791 6
791 7
791 8
791 14
792 0
792 1
792 2
792 3
792 4
792 13
793 0
793 1
793 2
793 3
793 4
794 0
794 1
794 2
794 3
794 6
794 7
794 8
794 22
794 116
795 1
795 2
795 3
795 4
795 5
795 12
796 2
796 3
796 5
796 7
796 14
797 0
797 1
797 2
797 3
797 6
797 7
798 1
798 2
798 6
798 7
799 2
799 3
799 4
799 7
799 8
800 0
800 1
800 2
800 3
800 4
800 5
800 6
800 51
800 168
801 0
801 2
801 4
801 418
802 1
802 2
802 3
802 7
802 8
802 479
803 0
803 2
803 3
803 5
803 648
804 0
804 1
804 3
804 5
804 7
804 8
804 44
804 66
804 91
804 501
805 0
805 4
805 5
805 643
806 0
806 1
806 3
806 5
806 7
806 8
807 0
807 1
807 2
807 3
807 4
807 5
807 6
807 7
807 8
808 0
808 1
808 2
808 4
808 5
809 0
809 2
809 4
809 5
809 6
809 7
809 8
809 9
810 0
810 1
810 2
810 4
810 12
810 13
810 220
811 1
811 2
811 3
811 6
811 7
811 18
812 0
812 1
812 3
812 7
812 8
812 44
812 66
812 91
813 1
813 2
813 3
813 8
813 44
813 66
814 0
814 1
814 2
814 4
814 6
815 1
815 2
816 0
816 1
816 2
816 4
816 5
816 6
816 7
816 8
817 0
817 2
817 4
817 5
818 0
818 2
818 3
818 4
818 6
818 7
818 8
818 9
819 2
819 4
820 1
820 2
820 5
820 8
820 18
820 59
821 0
821 3
821 5
821 6
821 205
822 0
822 1
822 2
822 4
822 5
822 6
822 7
822 8
822 816
823 1
823 3
823 5
823 7
823 8
823 241
824 0
824 1
824 3
824 5
824 7
824 8
824 26
825 0
825 1
825 3
825 5
825 6
825 7
825 8
825 24
826 0
826 1
826 2
826 8
826 44
826 66
827 0
827 1
827 3
827 5
827 8
827 73
827 95
828 1
828 2
828 3
828 5
828 6
828 7
828 8
829 0
829 1
829 2
829 3
829 6
829 8
829 41
830 0
830 1
830 2
830 4
830 5
830 6
830 168
831 0
831 1
831 2
831 3
831 5
831 8
831 66
831 88
831 111
832 0
832 1
832 3
832 5
832 7
832 44
832 66
832 91
833 0
833 1
833 2
833 3
833 5
833 11
834 1
834 2
834 3
834 4
834 5
834 13
835 1
835 2
835 5
835 6
835 7
835 18
835 439
836 1
836 2
836 5
836 6
836 7
836 8
836 18
836 36
836 618
837 2
837 3
837 6
837 7
837 8
838 0
838 1
838 2
838 3
839 1
839 3
839 5
839 6
839 7
839 8
839 24
840 2
840 3
840 4
840 5
840 6
841 0
841 1
841 2
841 3
841 4
841 5
841 6
841 51
842 0
842 2
842 4
842 5
842 7
842 8
842 113
843 1
843 3
843 5
843 6
843 7
843 24
844 1
844 3
844 5
844 7
844 24
844 54
845 3
845 5
845 7
845 8
845 14
846 0
846 2
846 3
846 4
846 5
847 0
847 2
847 4
847 5
847 12
847 13
848 0
848 1
848 2
848 3
848 5
848 12
848 42
849 1
849 2
849 5
849 7
849 8
849 18
849 81
849 406
850 0
850 1
850 2
850 3
850 4
850 5
850 6
850 7
851 2
851 3
851 5
852 0
852 1
852 2
852 3
852 5
852 12
852 42
852 724
853 1
853 2
853 5
853 6
853 183
854 0
854 1
854 2
854 6
854 7
854 8
854 72
855 1
855 2
855 6
855 7
855 18
855 114
856 1
856 2
856 3
856 5
856 6
856 7
856 8
856 18
856 22
856 426
857 0
857 1
857 2
857 3
857 5
857 7
857 66
857 91
858 1
858 2
858 6
858 7
858 67
858 285
858 774
859 0
859 1
859 3
859 5
859 6
859 7
859 8
859 14
860 0
860 1
860 2
860 3
860 5
860 6
860 7
861 2
861 3
861 4
861 6
861 7
861 8
861 161
862 0
862 1
862 2
862 3
862 4
862 12
862 13
863 0
863 1
863 2
863 8
863 41
864 1
864 2
864 3
864 5
864 6
864 7
864 8
864 355
865 1
865 2
865 12
866 0
866 3
866 5
866 6
866 7
866 8
867 0
867 2
867 3
867 7
868 0
868 3
868 5
868 7
868 8
868 44
868 66
868 91
869 2
869 8
869 18
869 257
869 336
870 2
870 3
870 6
870 7
870 15
870 84
871 0
871 1
871 5
871 44
871 66
871 88
872 0
872 1
872 2
872 3
872 4
873 0
873 2
873 3
873 5
873 7
873 8
873 44
874 1
874 2
874 3
874 7
874 44
874 66
874 214
875 0
875 1
875 2
875 3
875 4
875 5
875 6
875 51
876 0
876 1
876 2
876 3
876 5
876 66
876 88
877 0
877 1
877 3
877 5
877 7
877 8
877 24
877 26
877 446
878 0
878 2
878 3
878 4
878 5
878 6
878 7
878 8
878 113
879 0
879 2
879 5
879 6
879 7
880 1
880 2
880 3
880 4
880 39
881 0
881 1
881 3
881 5
881 7
881 73
882 0
882 1
882 3
882 5
882 6
882 7
882 24
882 73
882 131
882 275
883 0
883 2
883 3
883 5
883 6
883 18
883 490
884 0
884 2
884 6
884 7
884 23
884 151
884 538
885 0
885 1
885 2
885 3
885 5
885 6
885 7
885 8
885 72
886 0
886 1
886 2
886 3
886 4
886 5
886 12
886 34
887 3
887 4
887 6
887 7
887 8
887 161
887 861
888 0
888 2
888 3
888 4
888 5
888 6
888 7
888 8
888 113
889 2
889 5
889 7
889 67
889 124
889 260
889 784
890 0
890 1
890 2
890 3
890 4
890 5
890 6
891 3
891 5
891 8
891 73
892 1
892 3
892 4
892 5
892 39
893 0
893 1
893 4
893 58
894 1
894 2
894 3
894 7
894 8
895 0
895 1
895 2
895 3
895 4
895 5
895 6
896 2
896 3
896 4
896 5
896 6
896 777
897 0
897 1
897 2
897 3
897 5
897 6
897 7
897 8
898 1
898 2
898 5
898 6
898 18
899 0
899 2
899 3
899 5
899 6
899 8
899 482
900 2
900 3
900 4
900 17
900 30
900 735
901 0
901 2
901 5
901 6
901 7
901 8
901 113
901 382
902 0
902 2
902 5
902 208
903 0
903 1
903 3
903 7
903 44
903 325
904 0
904 1
904 2
904 5
904 8
904 44
905 1
905 2
905 3
905 5
905 7
905 8
905 18
906 0
906 1
906 2
906 4
906 5
906 7
906 8
907 1
907 2
907 5
907 6
907 8
907 18
908 0
908 3
908 5
908 6
908 7
908 8
908 43
908 320
909 0
909 2
909 3
909 5
909 55
909 237
910 0
910 2
910 3
910 7
911 0
911 2
911 4
911 5
911 895
912 0
912 1
912 2
912 3
912 5
912 8
912 44
912 66
913 0
913 1
913 2
913 4
913 5
913 6
913 7
914 0
914 1
914 2
914 3
914 5
914 6
914 7
914 8
915 2
915 3
915 5
915 7
915 249
915 491
916 0
916 1
916 2
916 3
916 4
916 5
916 6
916 7
916 8
917 0
917 1
917 2
917 12
917 13
917 315
918 0
918 2
918 3
918 4
918 6
918 461
919 1
919 3
919 4
919 5
919 62
920 0
920 2
920 3
920 4
920 5
920 7
921 1
921 3
921 5
921 7
921 8
921 44
922 0
922 1
922 2
922 5
922 7
922 67
922 124
923 1
923 2
923 5
923 6
923 339
924 0
924 1
924 2
924 3
924 4
924 5
924 6
924 12
925 0
925 2
925 3
925 4
925 5
925 6
925 7
925 8
926 0
926 2
926 3
926 4
926 5
926 6
926 7
926 8
926 359
927 1
927 2
927 3
927 5
927 6
927 7
927 177
928 3
928 5
928 8
929 0
929 1
929 2
929 4
929 13
929 110
930 0
930 1
930 2
930 3
930 5
930 124
931 1
931 3
931 6
931 54
932 0
932 2
932 3
932 4
932 5
932 6
932 7
932 8
932 113
933 0
933 1
933 2
933 3
933 4
933 5
933 12
933 247
934 0
934 1
934 2
934 3
934 5
934 6
934 12
934 924
935 0
935 1
935 2
935 3
935 4
935 5
935 6
935 698
936 0
936 2
936 3
936 4
936 5
936 7
936 8
937 0
937 1
937 2
937 3
937 4
937 12
938 0
938 1
938 2
938 3
938 5
938 12
938 21
938 676
939 1
939 2
939 3
939 4
939 5
939 13
940 0
940 2
940 3
940 4
940 6
940 7
940 8
941 0
941 2
941 3
941 7
941 8
941 208
942 0
942 5
942 6
943 0
943 1
943 18
943 411
944 2
944 5
944 7
944 8
944 18
945 0
945 1
945 2
945 3
945 5
945 12
945 13
945 237
946 0
946 2
946 7
946 23
946 151
946 538
947 0
947 1
947 2
947 3
947 5
947 7
947 8
947 44
947 66
947 91
948 1
948 2
948 3
948 5
948 8
948 66
948 452
949 1
949 2
949 3
949 6
949 7
949 18
950 3
950 7
950 67
950 124
951 1
951 2
951 7
951 67
951 124
951 260
951 784
952 0
952 1
952 3
952 5
952 8
952 14
953 1
953 2
953 3
953 4
953 5
953 13
953 229
954 0
954 3
954 5
954 8
955 0
955 1
955 2
955 3
955 5
955 8
955 66
955 88
955 697
956 0
956 2
956 3
956 4
956 5
956 6
956 51
957 2
957 5
957 6
957 7
957 8
957 23
958 0
958 2
958 3
958 5
958 7
958 67
958 124
958 192
958 261
959 0
959 2
959 4
959 7
959 8
959 9
960 0
960 2
960 3
960 4
960 7
960 8
960 9
961 0
961 7
961 44
962 0
962 1
962 2
962 3
962 4
962 12
962 13
963 1
963 3
963 5
964 0
964 1
964 2
964 3
964 4
964 11
965 0
965 1
965 2
965 3
965 5
965 6
965 7
965 67
965 124
965 282
966 3
966 5
966 8
966 24
966 301
967 0
967 2
967 4
967 418
968 1
968 2
968 3
968 13
969 0
969 5
969 7
969 8
969 44
969 266
970 0
970 2
970 3
970 4
971 0
971 2
971 3
971 5
971 7
971 8
971 14
972 0
972 2
972 5
972 67
972 488
973 0
973 1
973 2
973 4
973 13
974 0
974 2
974 3
974 5
974 6
974 7
975 2
975 3
975 5
975 6
975 7
975 40
976 0
976 4
976 5
976 643
977 2
977 3
977 4
977 5
977 7
977 8
978 0
978 1
978 3
978 4
978 12
978 13
978 343
979 0
979 1
979 2
979 3
979 5
979 8
979 44
979 66
980 0
980 1
980 2
980 5
980 12
980 42
981 1
981 2
981 3
981 5
981 508
982 0
982 2
982 3
982 4
982 5
982 6
982 7
982 8
982 113
982 382
983 0
983 1
983 2
983 3
983 4
983 12
983 13
983 55
984 1
984 2
984 3
984 5
984 8
984 44
984 66
985 0
985 2
985 3
985 155
986 1
986 2
986 3
986 5
986 8
986 66
986 452
987 2
987 5
987 7
987 67
987 124
987 260
987 784
988 0
988 3
988 5
988 6
988 8
989 0
989 1
989 3
989 5
989 7
989 8
989 44
989 66
989 217
990 0
990 1
990 2
990 3
990 4
990 5
990 6
990 7
990 8
991 0
991 1
991 2
991 3
991 4
991 13
991 33
992 0
992 2
992 3
992 4
992 6
992 681
993 0
993 2
993 4
993 5
993 12
993 13
994 1
994 2
994 3
994 4
994 5
994 6
994 7
995 0
995 1
995 2
995 3
995 4
995 5
995 12
995 21
996 0
996 1
996 2
996 3
996 5
996 12
996 42
997 0
997 1
997 2
997 5
997 7
998 2
998 7
998 8
999 0
999 3
999 5
999 6
999 8
