1 0
2 0
2 1
3 0
3 1
3 2
4 0
4 1
4 2
4 3
5 0
5 1
5 2
5 3
5 4
6 0
6 1
6 2
6 3
6 4
6 5
7 0
7 1
7 2
7 3
7 4
7 5
7 6
8 0
8 1
8 2
8 3
8 4
8 5
8 6
8 7
9 0
9 1
9 2
9 3
9 4
9 5
9 6
9 7
9 8
10 0
10 1
10 2
11 0
11 1
11 2
11 3
11 5
11 6
11 7
12 0
12 1
12 2
12 3
12 4
12 5
12 6
13 1
13 2
13 3
13 4
13 5
14 0
14 1
14 2
14 10
15 0
15 1
15 2
15 3
15 4
15 5
15 6
15 12
16 0
16 1
16 2
16 3
16 4
17 0
17 1
17 2
17 3
17 5
17 6
17 11
18 0
18 1
18 2
18 3
18 4
18 5
18 6
18 7
18 8
19 0
19 2
20 1
20 2
20 3
20 4
20 5
20 6
20 7
21 1
21 2
21 10
22 1
22 2
22 3
22 4
22 5
22 6
22 7
22 20
23 0
23 1
23 2
23 3
23 16
24 0
24 1
24 2
24 3
24 5
24 6
24 7
24 8
24 9
25 0
25 1
25 2
25 4
25 5
25 6
25 7
25 8
26 2
26 3
26 4
26 5
26 6
26 7
26 20
27 0
27 1
27 2
27 3
27 4
27 5
27 6
27 7
27 8
27 9
28 0
28 1
28 2
28 3
28 4
28 16
29 0
29 1
29 2
29 3
29 4
29 5
29 6
29 7
29 8
29 9
30 0
30 2
30 3
30 4
30 5
30 6
30 7
30 8
30 9
31 0
31 1
31 2
31 3
31 4
31 5
31 6
31 7
31 8
31 18
32 0
32 2
32 3
32 4
32 5
32 6
32 7
32 8
32 9
33 1
33 2
33 3
33 4
33 5
33 6
33 7
33 8
34 0
34 1
34 2
34 3
34 5
34 6
34 17
35 1
35 2
35 3
35 4
35 6
35 7
35 20
36 0
36 1
36 2
36 4
36 5
37 0
37 1
37 2
37 3
37 4
37 5
38 1
38 2
38 3
38 4
38 5
39 0
39 1
39 2
39 10
40 0
40 1
40 2
40 4
40 16
40 28
41 0
41 2
41 3
41 4
41 5
41 6
41 7
41 8
41 30
42 0
42 1
42 2
42 3
42 4
42 5
42 6
42 12
43 0
43 1
43 2
43 3
43 4
43 5
43 6
43 7
43 8
44 0
44 2
44 3
44 4
44 5
44 6
44 7
44 8
44 9
44 30
45 0
45 1
45 2
45 3
45 4
45 5
45 6
45 7
45 8
45 9
46 0
46 1
46 2
46 10
47 0
47 2
47 3
47 4
47 5
47 6
47 7
47 8
47 9
47 27
48 0
48 2
48 3
48 4
48 5
48 6
48 7
48 8
48 9
49 0
49 1
49 2
49 3
49 4
49 5
49 37
50 0
50 1
50 2
50 3
50 4
50 5
50 6
50 7
50 8
51 1
51 2
51 3
51 4
51 5
51 37
51 49
52 0
52 1
52 2
52 3
52 4
52 6
52 7
52 8
53 0
53 2
53 3
53 4
53 6
53 7
53 8
53 9
53 30
53 44
54 0
54 1
54 2
54 3
54 4
54 5
54 6
54 7
54 8
55 0
55 2
55 3
55 4
55 6
55 7
55 8
55 9
55 30
55 44
56 0
56 1
56 2
56 3
56 4
56 5
56 6
56 7
56 8
56 54
57 1
57 2
57 3
57 4
57 5
57 6
57 7
57 20
58 1
58 2
58 3
58 4
58 5
58 6
58 7
59 1
59 2
59 3
59 4
59 5
59 6
59 7
60 0
60 1
60 2
60 3
60 4
60 5
60 6
60 7
60 8
60 9
60 45
61 0
61 1
61 2
61 3
61 4
61 5
61 6
61 7
61 8
61 9
61 29
62 0
62 2
62 3
62 4
62 5
62 6
62 7
62 8
62 30
62 44
63 1
63 2
63 3
63 4
63 5
63 6
63 7
63 8
63 18
64 0
64 1
64 2
64 3
64 4
64 5
64 6
64 7
64 8
64 9
65 2
65 3
65 4
65 5
65 6
65 7
65 20
65 26
66 0
66 1
66 2
66 3
66 4
66 5
66 12
66 42
67 1
67 2
67 3
67 4
67 5
67 6
67 7
68 0
68 1
68 2
68 3
68 5
68 6
68 7
68 11
69 0
69 1
69 2
69 4
69 5
69 6
69 7
69 8
69 25
70 0
70 1
70 2
70 3
70 5
70 6
70 7
70 8
70 9
71 0
71 1
71 2
71 3
71 4
71 5
71 6
71 7
71 8
71 18
71 31
72 0
72 2
72 3
72 4
72 5
72 6
72 7
72 8
72 9
72 30
72 44
73 0
73 1
73 2
73 3
73 4
73 5
73 6
73 7
73 8
73 9
73 27
74 0
74 1
74 2
74 3
74 4
74 5
74 37
75 0
75 1
75 2
75 3
75 4
75 5
75 12
75 42
76 0
76 2
76 3
76 4
76 5
76 6
76 7
76 8
76 9
76 30
76 44
76 72
77 0
77 2
77 3
77 4
77 6
77 7
77 8
77 9
77 30
77 44
78 0
78 1
78 2
78 3
78 4
78 5
78 6
78 7
78 8
78 18
79 1
79 2
79 3
79 4
79 5
79 7
79 8
79 18
79 63
80 0
80 2
80 3
80 4
80 5
80 6
80 7
80 8
80 9
80 48
81 0
81 1
81 2
81 3
81 4
81 5
81 6
81 12
82 0
82 1
82 2
82 3
82 4
82 5
82 6
82 12
82 15
83 1
83 2
83 3
83 4
83 5
83 7
83 59
84 0
84 2
84 3
84 4
84 6
84 7
84 8
84 9
84 30
84 44
85 1
85 2
85 3
85 4
85 5
85 6
85 7
85 8
85 9
85 64
86 1
86 2
86 3
86 4
86 5
86 6
86 7
86 20
86 22
87 0
87 1
87 2
87 3
87 5
87 6
87 8
87 9
87 24
88 1
88 2
88 3
88 4
88 5
88 6
88 7
88 20
88 22
89 1
89 2
89 3
89 4
89 5
89 7
89 59
90 0
90 1
90 2
90 3
90 4
90 5
90 12
90 42
90 66
91 0
91 1
91 2
91 3
91 5
91 6
91 17
91 34
92 0
92 1
92 3
92 4
92 5
92 6
92 7
92 8
92 9
92 64
93 0
93 1
93 4
93 5
93 6
93 7
93 8
93 25
93 69
94 0
94 1
94 2
94 3
94 4
94 5
94 6
94 7
94 8
94 54
95 0
95 1
95 2
96 0
96 1
96 2
96 3
96 5
96 6
96 34
97 0
97 1
97 2
97 3
97 4
97 5
97 6
97 7
97 8
97 9
98 0
98 1
98 2
98 3
98 4
98 5
98 6
98 7
99 0
99 1
99 2
99 3
99 4
99 5
99 6
99 12
99 15
100 1
100 2
100 3
100 4
100 5
100 6
100 59
101 0
101 1
101 2
101 3
101 4
101 5
101 6
101 7
101 8
101 29
102 1
102 2
102 3
102 4
102 5
102 6
102 7
102 8
102 9
102 64
102 85
103 0
103 1
103 2
103 3
103 4
103 5
103 6
103 7
103 8
103 50
104 2
104 3
104 4
104 5
104 6
104 7
104 20
104 26
105 0
105 2
105 3
105 4
105 6
105 7
105 8
105 9
105 30
105 44
105 55
106 0
106 3
106 4
106 5
106 6
106 7
106 8
106 30
106 44
107 0
107 1
107 2
107 3
107 4
107 5
107 6
107 7
107 54
107 94
108 1
108 2
108 3
108 4
108 5
108 7
108 59
109 0
109 1
109 2
109 3
109 5
109 6
109 8
109 9
109 70
110 0
110 2
110 3
110 4
110 5
110 6
110 7
110 8
110 9
110 48
110 80
111 0
111 1
111 2
111 3
111 4
111 5
111 6
111 7
111 54
111 94
112 0
112 3
112 4
112 5
112 6
112 7
112 30
112 44
112 106
113 2
113 3
113 4
113 5
113 6
113 7
113 8
113 9
113 64
114 1
114 2
114 3
114 4
114 5
114 7
114 59
115 0
115 1
115 2
115 3
115 4
115 5
115 6
115 7
115 8
115 18
115 31
116 1
116 2
116 3
116 4
116 5
116 6
116 7
116 8
116 9
116 64
116 85
117 0
117 1
117 2
117 5
117 6
117 9
117 70
117 109
118 0
118 1
118 2
118 3
118 4
118 5
118 6
118 7
118 8
118 9
118 27
119 0
119 2
119 3
119 4
119 6
119 7
119 8
119 9
119 30
119 44
119 55
119 105
120 0
120 1
120 2
120 3
120 4
120 5
120 6
120 7
120 8
120 29
120 101
121 0
121 1
121 2
121 3
121 5
121 6
121 8
121 9
121 70
122 0
122 1
122 2
122 3
122 4
122 5
122 6
122 7
122 8
122 54
123 0
123 1
123 2
123 3
123 4
123 6
123 7
123 8
123 9
123 27
123 73
124 1
124 2
124 3
124 4
124 6
124 7
124 20
125 0
125 2
125 3
125 4
125 5
125 6
125 7
125 54
125 94
126 1
126 2
126 3
126 4
126 5
126 6
126 7
126 8
126 9
126 64
126 85
127 0
127 1
127 2
127 3
127 4
127 5
127 6
127 54
127 94
128 0
128 1
128 2
128 3
128 4
128 5
128 6
128 7
128 8
129 0
129 1
129 2
129 3
129 4
129 5
129 6
129 7
129 8
129 18
129 31
130 0
130 1
130 2
130 3
130 4
130 5
130 6
130 12
131 1
131 2
131 3
131 4
131 5
131 6
131 7
131 8
131 9
131 64
131 85
132 0
132 2
132 3
132 4
132 5
132 7
132 8
132 9
132 30
132 44
132 72
133 0
133 1
133 3
133 4
133 5
133 6
133 7
133 54
133 94
133 111
134 0
134 1
134 2
134 3
134 4
134 12
134 42
135 1
135 3
135 4
135 5
135 6
135 7
135 20
136 4
136 5
136 6
136 7
136 20
137 0
137 2
137 3
137 4
137 6
137 7
137 8
137 9
137 30
137 44
137 55
137 105
137 119
138 0
138 1
138 2
138 3
138 5
138 6
138 34
138 96
139 0
139 2
139 3
139 4
139 5
139 6
139 7
139 54
139 94
140 2
140 3
140 4
140 5
140 6
140 7
140 8
140 64
141 4
141 5
141 6
141 7
141 20
142 0
142 1
142 2
142 3
142 4
142 5
142 6
142 7
142 8
142 54
142 94
143 0
143 1
143 2
143 3
143 4
143 5
143 6
143 7
143 8
144 0
144 1
144 2
144 3
144 4
144 5
144 6
144 7
144 8
144 18
144 31
144 129
145 0
145 1
145 3
145 5
145 6
145 11
146 1
146 2
146 3
146 4
146 16
147 0
147 1
147 2
147 3
147 5
147 6
147 54
147 94
148 0
148 2
148 3
148 4
148 5
148 6
148 7
148 8
148 9
148 30
148 44
149 0
149 2
149 3
149 4
149 5
149 6
149 7
149 8
149 9
150 0
150 1
150 2
150 3
150 4
150 5
150 6
150 7
150 29
150 101
150 120
151 1
151 3
151 4
151 5
151 7
151 59
151 83
152 0
152 1
152 2
152 3
152 4
152 5
152 6
152 7
152 54
152 94
152 111
153 1
153 2
153 3
153 4
153 5
153 6
153 7
153 8
153 9
153 64
153 85
154 0
154 1
154 2
154 3
154 4
154 5
154 6
154 7
154 8
154 29
154 101
154 120
155 1
155 2
155 3
155 4
155 5
155 6
155 7
155 8
155 9
155 64
155 85
155 131
156 0
156 1
156 2
156 3
156 4
156 37
157 0
157 2
157 3
157 4
157 6
157 7
157 8
157 9
157 30
157 44
158 0
158 1
158 2
158 3
158 4
158 5
158 6
158 7
158 8
158 9
159 0
159 1
159 2
159 3
159 4
159 5
159 6
159 7
159 8
159 29
159 101
159 120
160 0
160 1
160 2
160 3
160 4
160 5
160 6
160 7
160 18
160 31
160 71
161 0
161 1
161 2
161 3
161 4
161 5
161 6
161 12
161 15
162 0
162 2
162 3
162 4
162 5
162 6
162 7
162 8
162 9
163 0
163 1
163 2
163 3
163 4
163 5
163 6
163 7
163 8
163 43
164 1
164 2
164 3
164 4
164 5
164 6
164 7
164 8
164 9
164 64
164 85
164 131
165 2
165 3
165 4
165 5
165 7
165 59
166 0
166 1
166 2
166 3
166 4
166 5
166 6
167 1
167 2
167 3
167 4
167 5
167 6
167 59
167 100
168 0
168 1
168 2
168 5
168 8
168 9
168 24
169 2
169 3
169 4
169 5
169 7
169 59
169 165
170 1
170 2
170 3
170 4
170 5
170 6
170 7
170 8
170 9
170 64
170 85
170 131
171 1
171 2
171 3
171 4
171 5
171 6
171 7
171 8
171 9
171 64
171 85
171 153
172 1
172 2
172 3
172 4
172 5
172 6
172 7
172 8
172 9
172 64
172 85
172 102
173 1
173 2
173 3
173 4
173 5
173 6
173 7
173 8
173 9
173 64
173 85
173 153
173 171
174 1
174 2
174 3
174 4
174 5
174 6
174 7
174 20
174 22
174 86
175 0
175 1
175 2
175 3
175 4
175 5
175 6
175 12
176 0
176 2
176 3
176 4
176 5
176 6
176 7
176 8
176 30
176 44
176 62
177 0
177 2
177 3
177 4
177 5
177 6
177 7
177 8
177 9
177 30
177 44
177 72
178 0
178 2
178 4
178 5
178 7
178 8
178 9
178 30
178 44
179 0
179 2
179 3
179 4
179 6
179 7
180 1
180 2
180 3
180 5
180 6
180 7
180 8
180 9
180 64
180 85
180 131
181 2
181 3
181 4
181 5
181 6
181 7
181 20
181 26
182 0
182 2
182 3
182 4
182 6
182 7
182 8
182 9
182 30
182 44
182 55
182 105
182 119
183 1
183 2
183 3
183 4
183 5
183 6
183 20
184 0
184 1
184 3
184 5
184 6
184 54
184 94
184 147
185 1
185 2
185 4
185 5
185 7
186 0
186 1
186 2
186 3
186 4
186 5
186 6
186 7
186 8
186 9
186 97
187 2
187 3
187 4
187 5
187 6
187 8
187 9
187 64
187 113
188 0
188 2
188 3
188 4
188 5
188 6
188 7
188 54
188 94
189 0
189 1
189 2
189 3
189 4
189 5
189 6
189 7
189 8
189 29
189 101
189 120
190 0
190 2
190 3
190 4
190 7
190 8
190 9
190 30
190 44
190 55
191 0
191 2
191 3
191 4
191 6
191 7
191 54
191 94
192 0
192 1
192 3
192 4
192 5
192 6
192 7
192 8
192 9
192 64
192 92
193 0
193 2
193 3
193 4
193 6
193 7
193 8
193 9
193 30
193 44
193 84
194 0
194 1
194 3
194 4
194 5
194 6
194 7
194 8
194 50
195 0
195 1
195 2
195 3
195 4
195 5
195 6
195 12
196 0
196 1
196 2
196 3
196 4
196 5
196 6
196 7
196 8
196 9
196 29
196 61
197 0
197 1
197 2
197 3
197 4
197 5
197 6
197 7
197 9
197 158
198 1
198 2
198 3
198 4
198 5
198 6
198 7
198 8
198 18
199 1
199 2
199 3
199 5
199 6
199 7
199 8
199 9
199 64
199 85
199 131
199 180
200 0
200 1
200 2
200 3
200 4
200 5
200 6
200 7
200 8
200 54
201 0
201 1
201 2
201 3
201 4
201 5
201 6
201 7
202 0
202 1
202 2
202 4
202 5
202 6
202 7
202 8
202 25
203 0
203 1
203 2
203 3
203 4
203 5
203 6
203 7
203 8
203 9
203 158
204 1
204 2
204 4
204 5
204 37
204 49
205 0
205 1
205 2
205 3
205 12
205 42
206 0
206 2
206 3
206 4
206 5
206 6
206 7
206 8
206 9
206 27
206 47
207 0
207 1
207 2
207 4
207 5
207 6
207 7
207 8
207 29
207 101
208 0
208 1
208 2
208 3
208 4
208 5
208 7
208 8
208 18
208 31
208 115
209 0
209 1
209 2
209 3
209 4
209 5
209 6
209 7
209 8
210 0
210 1
210 2
210 3
210 5
210 6
210 7
210 8
210 9
211 1
211 3
211 4
211 5
211 7
211 59
211 83
212 1
212 2
212 3
212 4
212 5
212 6
212 59
212 100
212 167
213 0
213 2
213 3
213 4
213 5
213 6
213 7
213 54
213 94
213 139
214 0
214 1
214 2
214 3
214 4
214 5
214 8
214 18
214 31
214 115
214 208
215 0
215 2
215 3
215 4
215 5
215 6
215 7
215 8
215 9
215 48
215 80
216 0
216 2
216 3
216 4
216 5
216 6
216 7
216 8
216 9
216 48
216 80
217 0
217 1
217 2
217 3
217 4
217 5
217 6
217 12
217 81
218 0
218 1
218 2
218 3
218 5
218 6
218 8
218 9
218 70
219 1
219 2
219 3
219 4
219 5
219 6
219 20
219 183
220 1
220 2
220 3
220 4
220 5
220 6
220 7
220 20
220 22
221 0
221 1
221 2
221 3
221 5
221 6
221 17
221 34
222 0
222 1
222 2
222 3
222 4
222 5
222 6
222 7
222 18
222 31
222 71
223 1
223 2
223 3
223 4
223 6
223 7
223 8
223 9
223 64
223 85
223 153
223 171
224 0
224 2
224 3
224 4
224 6
224 7
224 8
224 9
224 30
224 44
225 0
225 1
225 2
225 3
225 4
225 5
225 12
225 42
226 0
226 3
226 4
226 5
226 6
226 7
226 54
226 94
226 107
227 0
227 2
227 3
227 4
227 6
227 7
227 8
227 9
227 30
227 44
227 55
227 105
228 0
228 2
228 3
228 4
228 5
228 6
228 7
228 8
228 9
228 48
228 80
228 110
229 0
229 1
229 2
229 3
229 4
229 5
229 7
229 8
229 9
230 1
230 2
230 3
230 4
230 5
230 6
230 7
230 8
230 9
230 64
230 85
230 102
230 172
231 0
231 1
231 2
231 3
231 4
232 0
232 2
232 3
232 4
232 5
232 6
232 7
232 8
232 9
232 48
232 80
232 215
233 1
233 2
233 3
233 4
233 5
233 6
233 7
233 8
233 9
233 64
233 85
234 0
234 1
234 3
234 12
234 42
235 1
235 2
235 3
235 4
235 5
235 6
235 7
235 8
235 9
235 64
235 85
235 233
236 0
236 1
236 2
236 3
236 4
236 5
236 7
236 9
236 158
236 197
237 0
237 1
237 2
237 3
237 5
237 6
237 7
237 8
237 9
238 0
238 1
238 2
238 3
238 4
238 5
238 37
238 49
239 0
239 1
239 2
239 3
239 4
239 5
239 7
239 8
239 9
239 229
240 0
240 1
240 2
240 3
240 4
240 7
240 8
240 9
241 1
241 2
241 3
241 4
241 5
241 6
241 7
241 54
241 94
241 111
241 152
242 0
242 1
242 2
242 3
242 4
242 5
242 6
242 7
242 9
242 158
243 1
243 2
243 3
243 4
243 6
243 7
243 20
243 35
244 0
244 1
244 2
244 3
244 4
244 5
244 6
244 7
244 8
245 0
245 1
245 3
245 5
245 6
245 11
246 0
246 1
246 2
246 3
246 4
246 5
246 6
246 12
246 81
247 0
247 1
247 2
247 3
247 5
247 6
247 54
247 147
248 0
248 1
248 2
248 3
248 4
248 5
248 6
248 7
248 8
248 18
249 1
249 2
249 3
249 4
249 5
249 6
249 7
249 9
249 64
249 85
249 126
250 0
250 1
250 2
250 3
250 5
250 6
250 54
250 147
251 0
251 1
251 2
251 3
251 5
251 6
251 34
252 0
252 1
252 2
252 3
252 4
252 5
252 6
252 7
252 18
252 31
252 71
252 160
253 0
253 1
253 2
253 3
253 4
253 5
253 6
253 7
253 8
253 143
254 0
254 1
254 4
254 5
254 6
254 7
254 8
254 29
254 101
254 120
255 0
255 2
255 3
255 4
255 5
255 6
255 7
255 8
255 18
255 31
255 71
256 0
256 1
256 2
256 3
256 4
256 5
256 6
256 7
256 8
256 54
257 0
257 1
257 2
257 3
257 4
257 5
257 6
257 12
257 15
257 161
258 0
258 2
258 4
258 5
258 7
258 8
258 9
258 30
258 44
258 178
259 0
259 1
259 2
259 3
259 5
259 6
259 34
259 96
260 1
260 2
260 3
260 4
260 5
260 6
260 59
260 100
261 1
261 2
261 3
261 4
261 5
261 6
261 7
261 9
261 85
261 102
261 172
261 230
262 0
262 1
262 2
262 3
262 4
262 5
262 6
262 7
262 8
263 2
263 3
263 4
263 5
263 6
263 7
263 20
263 26
264 0
264 2
264 3
264 4
264 5
264 6
264 7
264 8
264 9
264 30
264 44
264 148
265 2
265 3
265 4
265 5
265 6
265 7
265 8
265 9
265 48
265 80
266 1
266 2
266 3
266 4
266 16
266 146
267 0
267 1
267 3
267 4
267 5
267 6
267 7
268 0
268 1
268 2
268 3
268 4
268 5
268 7
268 8
268 9
268 27
269 0
269 1
269 2
269 3
269 12
269 42
269 205
270 0
270 2
270 3
270 4
270 5
270 7
270 8
270 9
270 30
270 44
271 0
271 2
271 4
271 5
271 6
271 7
271 8
271 29
271 101
272 0
272 1
272 2
272 3
272 5
272 6
272 34
272 96
272 138
273 0
273 2
273 3
273 4
273 6
273 7
273 8
273 9
273 30
273 44
273 84
273 193
274 1
274 2
274 3
274 4
274 5
274 6
274 7
274 8
274 9
274 64
274 85
274 153
274 171
274 173
275 0
275 1
275 2
275 3
275 4
275 5
275 6
275 7
275 8
275 29
276 0
276 1
276 2
276 3
276 4
277 0
277 3
277 4
277 5
277 6
277 7
277 8
277 9
277 48
277 80
278 0
278 1
278 2
278 3
278 4
278 5
278 6
278 7
278 8
278 29
278 101
278 120
278 154
279 1
279 2
279 3
279 5
279 6
279 7
279 8
279 9
279 64
279 85
279 131
279 180
279 199
280 0
280 1
280 2
280 3
280 5
280 6
280 34
280 96
280 138
280 272
281 0
281 1
281 3
281 4
281 5
281 6
281 7
281 8
282 0
282 1
282 2
282 3
282 5
282 6
282 7
282 8
283 0
283 1
283 3
283 5
283 6
283 54
283 94
283 147
283 184
284 2
284 3
284 4
284 5
284 7
284 59
284 165
285 0
285 1
285 2
285 3
285 4
285 5
285 6
285 7
285 8
285 29
285 101
285 120
286 0
286 1
286 3
286 4
286 5
286 6
286 8
286 9
286 64
286 92
286 192
287 0
287 2
287 3
287 4
287 5
287 6
287 7
288 2
288 3
288 5
288 6
288 7
288 8
288 9
288 64
288 85
288 131
288 180
288 199
289 1
289 2
289 3
289 4
289 5
289 7
289 59
289 89
290 1
290 2
290 3
290 4
291 0
291 2
291 3
291 4
291 6
291 7
291 8
291 9
291 30
291 44
292 0
292 2
292 3
292 4
292 5
292 6
292 7
292 8
292 9
293 1
293 2
293 3
293 5
293 6
293 34
293 96
293 138
294 0
294 2
294 3
294 4
294 6
294 7
294 8
294 9
294 30
294 44
294 55
294 105
294 119
294 137
295 0
295 2
295 3
295 4
295 6
295 7
295 9
295 30
295 44
296 1
296 2
296 3
296 4
296 6
296 7
296 20
296 22
296 88
297 0
297 1
297 2
297 3
297 4
297 5
297 6
297 7
297 8
297 128
298 0
298 3
298 4
298 5
298 6
298 54
298 94
298 107
299 0
299 2
299 3
299 4
299 5
299 6
299 7
299 8
299 9
299 48
299 110
299 228
300 0
300 1
300 2
300 3
300 4
300 5
300 6
300 12
301 1
301 2
301 3
301 4
301 6
301 20
301 22
301 88
301 296
302 1
302 2
302 3
302 4
302 5
302 6
302 7
302 8
302 9
302 64
302 85
302 102
302 172
303 1
303 3
303 4
303 5
303 6
303 7
303 8
303 9
303 64
303 85
304 0
304 2
304 3
304 4
304 6
304 7
304 8
304 9
304 30
304 44
304 84
304 193
305 0
305 2
305 4
305 5
305 6
305 7
305 8
305 29
305 101
305 271
306 0
306 1
306 5
306 6
306 7
306 8
306 29
306 101
306 120
306 254
307 0
307 1
307 2
307 3
307 4
307 5
307 6
307 166
308 1
308 2
308 3
308 4
308 5
308 6
308 7
308 9
308 64
308 85
308 126
308 249
309 0
309 1
309 2
309 3
309 4
309 5
309 6
309 12
309 15
309 161
309 257
310 0
310 2
310 3
310 4
310 6
310 7
310 9
310 30
310 44
310 84
310 193
310 273
311 0
311 1
311 2
311 3
311 4
311 276
312 1
312 2
312 3
312 4
312 5
312 6
312 7
312 8
312 9
312 64
312 85
312 153
312 171
313 0
313 1
313 2
313 3
313 4
313 5
313 6
313 7
313 8
314 4
314 5
314 6
314 7
314 136
315 1
315 2
315 3
315 4
315 5
315 6
315 7
315 20
315 22
316 0
316 2
316 3
316 4
316 5
316 6
316 7
316 54
316 94
316 139
317 0
317 1
317 2
317 5
317 6
317 11
318 0
318 1
318 2
318 3
318 4
318 5
318 6
318 7
318 8
318 29
318 101
319 0
319 1
319 2
319 3
319 4
319 5
319 6
319 7
319 8
319 18
319 248
320 0
320 1
320 2
320 3
320 5
320 6
320 7
320 8
320 282
321 0
321 1
321 2
321 46
322 0
322 1
322 2
322 3
322 4
322 5
323 0
323 2
323 3
323 4
323 5
323 7
323 8
323 9
323 48
323 80
323 110
324 1
324 2
324 5
324 6
324 34
324 96
324 138
324 293
325 0
325 2
325 3
325 4
325 5
325 6
325 7
325 8
325 44
325 62
325 176
326 0
326 2
326 4
326 5
326 6
326 7
326 8
326 29
326 101
326 271
327 0
327 1
327 2
327 3
327 4
327 5
327 6
327 7
327 8
327 9
327 64
328 0
328 4
328 5
328 6
328 7
328 8
328 44
329 1
329 2
329 3
329 4
329 5
329 6
329 7
329 8
329 9
329 97
330 0
330 1
330 3
330 4
330 5
330 6
330 7
330 54
330 94
330 111
331 0
331 2
331 3
331 4
331 5
331 6
331 7
331 8
331 9
331 48
331 110
331 228
332 0
332 2
332 3
332 4
332 6
332 7
332 8
332 9
332 30
332 44
332 77
333 0
333 1
333 2
333 3
333 4
333 5
333 37
333 74
334 0
334 1
334 3
334 4
334 5
334 6
334 8
334 9
334 64
334 92
334 192
334 286
335 0
335 1
335 2
335 3
335 4
335 5
335 6
335 7
335 8
335 29
335 101
335 120
335 159
336 0
336 2
336 4
336 5
336 6
336 7
336 8
336 29
336 101
336 271
337 0
337 2
337 3
337 5
337 6
337 7
337 8
337 30
337 44
337 62
337 176
338 0
338 2
338 3
338 4
338 6
338 7
338 8
338 9
338 30
338 44
338 84
338 193
338 304
339 0
339 1
339 2
339 3
339 4
339 5
339 6
340 0
340 1
340 2
340 3
340 4
340 5
340 7
340 54
340 94
340 111
341 0
341 1
341 3
341 5
341 6
341 54
341 94
341 147
341 184
342 0
342 1
342 3
342 5
342 6
342 54
342 94
342 147
343 0
343 1
343 2
343 3
343 4
343 5
343 6
343 12
344 1
344 2
344 3
344 4
344 5
344 38
345 0
345 2
345 3
345 4
345 6
345 7
345 8
345 9
345 30
345 44
346 0
346 1
346 2
346 3
346 4
346 5
346 6
346 7
346 8
346 18
347 0
347 2
347 3
347 4
347 7
347 8
347 9
347 30
347 44
347 55
348 0
348 1
348 2
348 3
348 4
348 5
348 6
348 7
348 18
348 31
348 160
349 1
349 3
349 4
349 5
349 6
349 7
349 8
349 64
349 85
349 303
350 0
350 1
350 2
350 3
350 4
350 5
350 6
350 7
350 8
350 18
350 31
350 71
351 0
351 1
351 2
351 3
351 4
351 5
351 6
351 7
351 8
351 262
352 0
352 2
352 4
352 5
352 6
352 7
352 8
352 9
352 48
352 110
352 228
352 331
353 2
353 3
353 5
353 6
353 7
353 8
353 9
353 64
353 85
353 131
353 180
353 199
353 288
354 1
354 2
354 3
354 4
354 6
354 7
354 22
354 88
355 0
355 3
355 4
355 5
355 6
355 54
355 94
355 107
355 298
356 1
356 2
356 3
356 5
356 6
356 12
357 0
357 1
357 2
357 3
357 4
357 5
357 6
357 7
357 8
357 209
358 1
358 2
358 3
358 4
358 5
358 37
359 0
359 2
359 3
359 4
359 6
359 7
359 8
359 9
359 30
359 44
359 345
360 0
360 1
360 2
360 3
360 4
360 5
360 6
360 7
360 8
360 29
360 101
360 120
360 159
361 0
361 1
361 3
361 5
361 6
361 11
361 145
362 0
362 2
362 3
362 4
362 5
362 6
362 7
362 8
362 9
362 48
362 80
363 0
363 2
363 3
363 4
363 5
363 6
363 8
363 30
363 44
364 0
364 2
364 3
364 4
364 6
364 7
364 8
364 9
364 30
364 44
364 55
364 105
364 119
364 137
364 294
365 2
365 3
365 4
365 5
365 6
365 7
365 20
365 26
365 65
366 4
366 5
366 6
366 7
366 20
367 0
367 2
367 3
367 5
367 6
367 7
367 8
367 9
367 30
367 44
367 148
368 0
368 1
368 2
368 3
368 4
368 5
368 6
368 7
368 8
368 29
368 120
368 159
369 0
369 2
369 3
369 4
369 5
369 6
369 7
369 8
369 30
369 44
369 62
369 176
370 0
370 1
370 3
370 4
370 6
370 7
370 54
370 94
370 111
370 330
371 0
371 1
371 2
371 3
371 5
371 6
371 7
371 9
371 158
371 242
372 0
372 2
372 3
372 4
372 5
372 6
372 7
372 8
372 9
372 48
372 80
373 0
373 1
373 3
373 4
373 5
373 6
373 7
373 54
373 94
373 111
374 1
374 2
374 4
374 5
374 6
374 7
374 8
374 29
374 101
374 207
375 0
375 2
375 3
375 4
375 6
375 7
375 179
376 0
376 2
376 3
376 4
376 5
376 6
376 7
376 8
376 9
376 48
376 80
376 110
377 0
377 1
377 2
377 3
377 4
377 5
377 6
377 7
377 8
377 209
377 357
378 0
378 1
378 2
378 3
378 4
378 5
378 6
378 7
378 8
378 54
378 122
379 0
379 1
379 2
379 3
379 6
379 11
379 17
380 1
380 2
380 3
380 4
380 5
380 7
380 59
380 108
381 0
381 2
381 3
381 4
381 5
381 6
381 7
381 8
381 30
381 41
382 0
382 1
382 2
382 3
382 4
382 5
382 6
382 7
382 8
382 9
382 97
383 0
383 1
383 2
383 3
383 4
383 5
383 6
383 7
383 8
383 9
383 45
384 0
384 2
384 19
385 1
385 2
385 3
385 4
385 5
385 7
385 59
386 1
386 2
386 3
386 4
386 5
386 6
386 7
386 9
386 64
386 85
386 126
386 249
386 308
387 0
387 3
387 4
387 5
387 6
387 7
387 54
387 94
387 107
387 226
388 0
388 1
388 2
388 3
388 4
388 5
388 6
388 7
388 8
388 262
388 351
389 0
389 2
389 4
389 5
389 6
389 7
389 8
389 9
389 48
389 80
389 110
389 228
390 2
390 3
390 4
390 5
390 6
390 8
390 9
390 64
390 113
391 0
391 1
391 2
391 3
391 4
391 5
391 6
391 12
391 15
391 161
391 257
392 1
392 2
392 3
392 4
392 5
392 6
392 7
392 8
392 9
392 64
392 85
392 126
393 0
393 2
393 3
393 4
393 5
393 6
393 7
393 8
393 27
394 0
394 1
394 2
394 3
394 4
394 5
394 6
394 7
395 0
395 1
395 2
395 3
395 5
395 6
396 0
396 1
396 3
396 5
396 6
396 34
396 96
396 138
396 272
396 280
397 1
397 2
397 3
397 4
397 6
397 7
397 22
397 88
398 2
398 3
398 5
398 6
398 7
398 9
398 64
398 85
398 131
398 180
398 199
398 288
398 353
399 1
399 2
399 3
399 4
399 5
399 6
399 7
399 8
399 33
400 1
400 2
400 3
400 6
400 7
400 8
400 9
400 64
400 85
400 131
400 180
401 0
401 2
401 3
401 4
401 6
401 7
401 8
401 9
401 44
401 55
401 105
401 119
401 137
401 294
402 1
402 2
402 3
402 4
402 5
402 6
402 12
402 343
403 0
403 1
403 2
403 3
403 4
403 5
403 6
403 7
403 8
403 313
404 2
404 3
404 5
404 6
404 7
404 9
404 64
404 85
404 131
404 180
404 199
404 288
404 353
405 0
405 1
405 2
405 3
405 4
405 5
405 6
405 7
405 8
406 0
406 2
406 3
406 4
406 5
406 6
406 7
406 8
406 9
406 48
406 80
406 215
407 1
407 2
407 3
407 4
407 5
407 6
407 7
407 8
407 9
407 64
407 85
407 126
407 392
408 0
408 3
408 4
408 5
408 6
408 7
408 8
408 9
408 48
408 80
408 277
409 2
409 3
409 4
409 5
409 6
409 7
409 20
409 26
410 0
410 2
410 4
410 5
410 6
410 7
410 8
410 9
410 30
410 44
410 72
410 76
411 0
411 1
411 2
411 3
411 4
411 5
411 6
411 7
411 8
411 9
411 64
412 1
412 2
412 4
412 5
412 6
412 7
412 8
412 29
412 101
412 207
412 374
413 1
413 2
413 3
413 4
413 5
413 7
413 59
413 108
414 1
414 2
414 4
414 5
414 6
414 7
414 8
414 9
414 64
414 85
415 0
415 1
415 2
415 3
415 4
415 5
415 6
415 12
416 0
416 1
416 3
416 4
416 6
416 8
416 9
416 64
416 92
416 192
416 286
417 0
417 2
417 3
417 4
417 6
417 7
417 8
417 9
417 30
417 44
418 1
418 2
418 3
418 4
418 5
418 6
418 7
418 9
418 64
418 85
418 126
418 249
419 1
419 2
419 3
419 5
419 6
419 7
419 8
419 9
419 64
419 85
419 153
420 2
420 3
420 5
420 6
420 34
420 96
421 0
421 1
421 2
421 3
421 5
421 6
421 7
421 9
421 158
421 242
421 371
422 0
422 1
422 2
422 3
422 4
422 5
422 6
422 18
422 31
422 129
423 0
423 1
423 2
423 3
423 4
423 5
423 6
423 7
423 8
423 18
423 31
423 129
423 144
424 0
424 1
424 3
424 5
424 6
424 7
424 8
424 313
424 403
425 0
425 2
425 3
425 4
425 6
425 7
425 8
425 9
425 30
425 44
425 55
425 105
425 119
426 1
426 2
426 3
426 4
426 5
426 6
426 7
426 20
427 1
427 2
427 3
427 4
427 5
427 6
427 7
427 67
428 0
428 2
428 3
428 4
428 6
428 8
428 9
428 44
428 55
428 105
428 119
428 137
428 294
429 1
429 2
429 3
429 4
429 5
429 7
429 20
430 0
430 1
430 3
430 4
430 5
430 8
430 9
430 64
430 92
430 192
431 0
431 1
431 2
431 3
431 4
431 5
431 7
431 8
431 9
431 229
432 1
432 2
432 3
432 4
432 5
432 6
432 7
432 8
432 9
432 64
432 85
432 102
433 0
433 1
433 2
433 4
433 5
433 6
433 12
434 0
434 1
434 2
434 3
434 4
434 5
434 6
434 7
434 8
435 2
435 3
435 4
435 6
435 7
435 9
435 30
435 44
435 295
436 0
436 3
436 4
436 5
436 6
436 7
436 8
436 48
436 80
436 277
437 0
437 19
438 0
438 1
438 2
438 4
438 5
438 6
438 7
438 18
438 346
439 0
439 1
439 2
439 3
439 4
439 5
439 7
440 0
440 2
440 3
440 4
440 5
440 6
440 7
440 54
440 94
441 0
441 1
441 2
441 3
441 5
441 6
441 7
441 8
441 18
441 248
442 0
442 2
442 3
442 4
442 5
442 7
442 8
442 9
442 48
442 80
442 215
442 406
443 0
443 2
443 3
443 5
443 6
443 7
443 8
443 9
443 30
443 44
443 148
443 367
444 0
444 1
444 2
444 4
444 5
444 6
444 7
444 8
444 29
444 101
445 1
445 2
445 3
445 4
445 5
445 7
445 59
445 89
446 0
446 1
446 2
446 3
446 5
446 6
446 8
446 9
446 70
446 121
447 0
447 1
447 2
447 3
447 4
447 5
447 6
447 12
447 42
448 0
448 1
448 2
448 3
448 4
448 5
448 6
448 7
448 54
448 94
448 111
448 152
449 2
449 3
449 4
449 5
449 6
449 8
449 9
449 64
449 113
449 187
450 0
450 1
450 3
450 4
450 5
450 6
450 166
450 307
451 0
451 1
451 3
451 4
451 6
451 8
451 9
451 64
451 92
451 192
451 286
451 416
452 0
452 2
452 3
452 4
452 5
452 6
452 7
452 54
452 94
452 125
453 0
453 2
453 4
453 5
453 6
453 7
453 8
453 9
453 30
453 44
453 72
453 76
453 410
454 2
454 3
454 5
454 6
454 7
454 9
454 64
454 85
454 131
454 180
454 199
454 288
454 353
454 404
455 0
455 3
455 5
455 6
455 7
455 8
455 313
455 403
455 424
456 2
456 3
456 4
456 5
456 7
456 20
456 26
456 263
457 0
457 1
457 2
457 3
457 4
457 5
457 6
457 7
457 8
457 143
457 253
458 1
458 2
458 3
458 4
458 5
458 6
458 8
458 9
458 64
458 85
458 102
458 432
459 1
459 2
459 3
459 6
459 7
459 8
459 9
459 64
459 85
459 131
459 180
459 400
460 1
460 2
460 3
460 4
460 5
460 7
460 20
460 57
461 1
461 4
461 5
461 6
461 7
461 8
461 64
461 85
461 303
462 1
462 2
462 3
462 4
462 5
462 7
462 9
462 64
462 85
462 126
462 249
462 308
463 0
463 1
463 2
463 3
463 4
463 5
463 6
463 7
463 8
463 50
463 103
464 2
464 3
464 4
464 7
464 59
464 165
465 2
465 3
465 4
465 5
465 6
465 8
465 9
465 64
465 113
466 0
466 1
466 2
466 10
466 39
467 1
467 2
467 3
467 4
467 6
467 7
467 22
467 88
468 0
468 1
468 3
468 4
468 5
468 6
468 7
468 8
468 9
468 64
468 92
469 0
469 1
469 3
469 4
469 5
469 6
469 7
469 8
469 9
469 64
469 92
470 0
470 2
470 3
470 4
470 5
470 6
470 7
470 8
470 9
470 29
470 61
471 1
471 2
471 3
471 4
471 5
471 6
471 7
471 20
471 22
471 86
472 0
472 2
472 4
472 5
472 6
472 7
472 8
472 9
472 30
472 44
472 72
472 76
472 410
472 453
473 0
473 2
473 3
473 5
473 6
473 7
473 8
473 30
474 0
474 2
474 3
474 6
474 7
475 0
475 2
475 3
475 4
475 6
475 7
475 8
475 9
475 30
475 44
475 55
476 1
476 3
476 4
476 5
476 6
476 7
476 67
476 427
477 0
477 1
477 2
477 3
477 4
477 5
477 6
477 7
477 8
478 2
478 3
478 4
478 5
478 6
478 7
478 8
478 30
478 41
478 381
479 1
479 2
479 3
479 4
479 5
479 6
479 7
479 9
479 64
479 126
479 249
479 308
480 1
480 3
480 4
480 5
480 6
480 8
480 9
480 64
480 92
480 192
480 286
481 0
481 2
481 3
481 6
481 7
481 11
481 68
482 0
482 1
482 3
482 4
482 6
482 8
482 9
482 64
482 92
482 192
482 286
482 416
482 451
483 0
483 1
483 2
483 3
483 4
483 5
483 6
483 7
483 8
483 434
484 1
484 3
484 4
484 290
485 2
485 3
485 4
485 5
485 6
485 7
485 8
485 9
485 64
485 85
485 131
485 170
486 0
486 1
486 3
486 4
486 5
486 6
486 7
486 8
486 50
487 0
487 1
487 2
487 4
487 5
487 6
487 7
487 8
487 29
487 101
488 0
488 1
488 3
488 5
488 6
488 54
488 94
488 147
488 342
489 0
489 1
489 2
489 3
489 5
489 6
489 7
489 8
489 18
489 248
489 441
490 0
490 2
490 3
490 4
490 6
490 7
490 8
490 9
490 30
490 44
490 84
490 193
491 0
491 1
491 2
491 3
491 4
491 5
491 6
491 7
491 8
491 50
492 0
492 2
492 3
492 4
492 5
492 6
492 7
492 8
492 9
492 48
492 80
492 216
493 0
493 1
493 2
493 3
493 4
493 5
494 1
494 3
494 290
495 0
495 2
495 3
495 4
495 5
495 6
495 7
495 8
495 9
495 48
495 110
495 228
495 299
496 1
496 2
496 4
496 5
496 6
496 12
496 15
497 1
497 2
497 3
497 4
497 6
497 20
497 22
497 88
497 296
498 0
498 1
498 2
498 3
498 4
498 5
498 6
498 7
498 394
499 0
499 2
499 3
499 4
499 5
499 6
499 7
499 8
499 9
499 48
499 80
500 2
500 3
500 4
500 6
500 7
500 22
500 88
500 354
501 0
501 2
501 3
501 4
501 5
501 6
501 7
501 8
501 18
501 31
501 71
501 255
502 0
502 1
502 2
502 3
502 4
502 5
502 7
502 98
503 0
503 2
503 3
503 4
503 5
503 6
503 7
503 8
503 9
503 48
503 80
504 0
504 1
504 2
504 3
504 5
504 6
504 96
504 138
504 272
505 0
505 1
505 2
505 3
505 5
505 6
505 7
505 8
505 262
505 351
506 1
506 2
506 4
506 5
506 7
507 0
507 1
507 2
507 3
507 4
507 5
507 6
507 7
507 8
507 43
508 0
508 2
508 3
508 4
508 5
508 6
508 7
508 8
508 9
508 30
508 44
508 72
508 177
509 0
509 1
509 2
509 3
509 4
509 5
509 6
509 7
509 8
509 9
509 158
509 203
510 0
510 2
510 3
510 4
510 5
510 6
510 7
510 8
510 27
511 0
511 1
511 2
511 3
511 4
511 5
511 6
511 7
511 8
511 9
511 158
511 203
511 509
512 2
512 3
512 4
512 5
512 6
512 7
512 20
512 26
513 0
513 2
513 3
513 4
513 6
513 7
513 8
513 9
513 30
513 55
513 105
513 119
513 137
513 294
514 0
514 2
514 4
514 5
514 6
514 12
514 81
514 246
515 2
515 3
515 4
515 6
515 7
515 22
515 88
515 354
516 0
516 2
516 3
516 4
516 5
516 6
516 7
516 8
516 9
516 48
516 80
517 0
517 1
517 2
517 3
517 4
517 5
517 7
517 18
517 31
517 160
517 348
518 1
518 2
518 3
518 4
518 6
518 7
518 8
518 9
518 64
518 85
518 153
518 171
518 223
519 0
519 1
519 2
519 3
519 4
519 5
519 12
519 195
520 0
520 1
520 2
520 3
520 4
520 5
520 6
520 7
520 8
520 143
521 0
521 2
521 3
521 4
521 5
521 6
521 7
521 8
521 9
521 80
521 215
522 0
522 1
522 2
522 3
522 4
522 5
522 7
522 8
522 29
522 101
522 120
522 159
523 0
523 1
523 2
523 4
523 16
523 28
523 40
524 1
524 2
524 4
524 5
524 6
524 7
524 59
525 0
525 2
525 3
525 4
525 5
525 6
525 7
525 9
525 48
525 80
525 516
526 0
526 3
526 4
526 6
526 7
526 8
526 9
526 30
526 55
526 105
526 119
526 137
526 294
527 1
527 2
527 3
527 4
527 5
527 6
527 7
527 20
527 22
527 315
528 2
528 3
528 5
528 6
528 34
528 96
528 420
529 0
529 2
529 3
529 4
529 6
529 7
529 8
529 9
529 30
529 44
529 291
530 0
530 1
530 2
530 3
530 4
530 5
531 3
531 5
531 6
531 7
531 9
531 64
531 85
531 131
531 180
531 199
531 288
531 353
532 0
532 1
532 4
532 5
532 6
532 7
532 8
532 25
532 69
533 1
533 2
533 3
533 4
533 6
533 7
533 20
534 0
534 1
534 2
534 3
534 4
534 5
534 12
535 0
535 2
535 3
535 4
535 5
535 6
535 7
535 54
535 94
536 0
536 1
536 2
536 3
536 5
536 6
536 251
537 0
537 1
537 3
537 4
537 5
537 6
537 7
537 8
537 50
537 491
538 1
538 2
538 3
538 4
538 5
538 7
538 20
538 57
538 460
539 0
539 2
539 3
539 4
539 5
539 6
539 8
539 18
539 31
539 71
539 255
539 501
540 0
540 2
540 3
540 4
540 5
540 6
540 7
540 54
540 139
540 316
541 3
541 4
541 5
541 6
541 7
541 8
541 30
541 41
541 381
541 478
542 0
542 2
542 3
542 4
542 6
542 7
542 8
542 9
542 30
542 44
542 291
543 0
543 1
543 2
543 3
543 4
543 6
543 12
543 130
544 0
544 2
544 4
544 5
544 6
544 7
544 8
544 9
544 30
544 44
544 72
544 76
544 410
544 453
544 472
545 0
545 1
545 2
545 3
545 4
545 5
545 6
545 7
545 18
545 31
545 71
546 0
546 1
546 2
546 3
546 4
546 5
546 6
546 7
546 8
546 477
547 0
547 1
547 2
547 3
547 6
547 7
547 8
547 18
547 248
547 441
548 1
548 2
548 3
548 5
548 6
548 7
548 8
548 9
548 64
548 85
548 153
548 171
548 173
549 0
549 2
549 3
549 4
549 6
549 7
549 8
549 9
549 30
549 44
549 55
550 0
550 2
550 3
550 4
550 5
550 6
550 7
550 54
550 94
550 188
551 0
551 1
551 2
551 10
551 46
552 0
552 1
552 2
552 4
552 5
552 6
552 7
552 9
552 158
553 0
553 2
553 3
553 4
553 5
553 6
553 7
553 54
553 94
553 535
554 1
554 2
554 3
554 4
554 5
554 6
554 7
554 9
554 64
554 85
554 126
554 249
555 0
555 2
555 3
555 4
555 6
555 7
555 54
555 94
555 125
555 452
556 0
556 1
556 2
556 3
556 6
556 7
556 8
556 18
556 248
556 441
556 547
557 0
557 1
557 2
557 10
557 39
558 0
558 1
558 2
558 3
558 4
558 6
558 7
558 9
558 27
558 73
558 123
559 0
559 1
559 2
559 3
559 4
559 5
559 6
559 7
559 8
559 256
560 1
560 2
560 3
560 4
560 5
560 6
560 7
560 8
560 9
560 64
560 85
560 116
561 0
561 2
561 4
561 5
561 6
561 7
561 8
561 9
561 30
561 44
561 72
561 76
561 410
561 453
561 472
562 0
562 1
562 2
562 3
562 4
562 5
562 6
562 7
562 8
562 50
562 103
562 463
563 0
563 2
563 3
563 4
563 7
563 9
563 30
563 44
563 55
563 190
564 4
564 6
564 7
564 20
564 366
565 0
565 1
565 2
565 3
565 4
565 5
565 6
565 7
565 8
566 0
566 1
566 2
566 3
566 5
566 6
566 96
566 138
566 272
567 0
567 2
567 3
567 4
567 7
567 8
567 9
567 30
567 44
567 157
568 2
568 3
568 4
568 5
568 6
568 7
568 8
568 18
568 198
569 0
569 1
569 2
569 3
569 5
569 34
569 96
569 138
569 272
570 2
570 3
570 4
570 5
570 6
570 7
570 20
570 26
570 65
571 0
571 1
571 2
571 5
571 8
571 24
571 168
572 0
572 1
572 2
572 3
572 4
572 5
572 6
572 7
572 253
573 0
573 1
573 2
573 3
573 4
573 5
573 6
573 12
573 15
573 161
574 2
574 3
574 4
574 6
574 7
574 20
574 26
574 65
574 365
575 3
575 4
575 5
575 6
575 7
575 67
575 427
575 476
576 0
576 2
576 3
576 4
576 5
576 6
576 7
576 54
576 94
576 535
577 0
577 1
577 2
577 3
577 4
577 5
577 6
577 7
577 8
577 9
577 64
578 5
578 6
578 7
578 20
579 1
579 3
579 5
579 7
579 59
579 83
580 0
580 1
580 2
580 3
580 4
580 5
580 6
580 7
580 8
580 9
580 97
580 382
581 0
581 1
581 2
581 3
581 4
581 5
581 6
581 7
581 9
582 1
582 2
582 3
582 5
582 6
582 7
582 20
582 22
582 86
582 471
583 0
583 1
583 2
583 3
583 4
583 5
583 6
583 7
583 8
583 50
583 103
583 463
584 0
584 2
584 3
584 4
584 5
584 6
584 7
584 54
584 94
584 125
584 452
585 1
585 3
585 4
585 5
585 6
585 7
585 8
585 9
585 64
585 85
585 102
585 172
585 230
586 1
586 2
586 3
586 4
586 6
586 7
586 8
586 9
586 64
586 85
586 153
586 171
586 223
587 2
587 3
587 4
587 5
587 6
587 8
587 30
587 44
588 1
588 2
588 3
588 5
588 6
588 7
588 58
589 0
589 1
589 3
589 4
589 5
589 6
589 7
589 8
589 9
589 92
590 0
590 1
590 2
590 4
590 6
590 7
590 8
590 29
590 101
590 120
590 159
590 360
591 0
591 2
591 5
591 8
591 9
591 24
591 168
592 0
592 1
592 2
592 3
592 4
592 5
592 7
592 8
592 9
592 27
593 1
593 2
593 3
593 4
593 5
593 7
593 59
593 114
594 0
594 2
594 3
594 4
594 5
594 6
594 7
594 8
594 44
594 62
594 176
595 0
595 2
595 3
595 4
595 6
595 7
595 54
595 94
595 191
596 0
596 2
596 3
596 4
596 6
596 7
596 8
596 9
596 30
596 44
596 53
597 0
597 2
597 4
597 5
597 6
597 7
597 9
597 158
597 552
598 0
598 1
598 5
598 6
598 7
598 8
598 29
598 120
598 254
599 0
599 2
599 3
599 5
599 6
599 7
599 8
599 9
599 162
600 0
600 1
600 3
600 4
600 5
600 6
600 8
600 50
600 537
601 0
601 2
601 3
601 4
601 5
601 6
601 7
601 8
601 9
601 48
601 80
601 110
601 376
602 5
602 6
602 7
602 8
602 64
602 85
602 303
602 461
603 0
603 1
603 2
603 3
603 4
603 5
603 6
604 0
604 1
604 2
604 4
604 6
604 7
604 8
604 29
604 101
604 120
604 159
604 360
605 0
605 1
605 2
605 3
605 4
605 276
606 0
606 1
606 2
606 3
606 4
606 5
606 6
606 7
606 8
606 9
606 97
606 382
606 580
607 0
607 1
607 2
607 3
607 4
607 5
607 6
607 7
607 8
607 143
607 253
608 0
608 2
608 3
608 4
608 5
608 6
608 7
608 8
608 9
608 48
608 80
608 216
609 1
609 3
609 5
609 6
609 54
609 94
609 147
609 184
609 341
610 0
610 2
610 3
610 5
610 6
610 7
610 8
611 0
611 2
611 3
611 4
611 6
611 7
611 8
611 9
611 30
611 44
611 291
612 1
612 3
612 5
612 7
612 59
612 83
612 579
613 0
613 1
613 2
613 4
613 5
613 6
613 12
614 0
614 2
614 3
614 4
614 6
614 7
614 8
614 9
614 44
614 53
614 596
615 0
615 1
615 2
615 3
615 4
615 5
615 37
615 49
616 0
616 1
616 3
616 5
616 6
616 34
616 96
616 138
616 272
616 280
617 0
617 2
617 3
617 4
617 5
617 6
617 7
617 8
617 9
617 48
617 80
617 110
617 376
618 1
618 2
618 3
618 4
618 5
618 6
618 7
618 20
618 22
619 0
619 2
619 3
619 4
619 6
619 7
619 8
619 9
619 44
619 55
619 105
619 119
619 137
619 294
619 401
620 0
620 2
620 4
620 5
620 6
620 7
620 8
620 9
620 48
620 80
620 516
621 0
621 2
621 4
621 5
621 6
621 7
621 8
621 9
621 30
621 44
621 72
621 76
621 410
622 0
622 2
622 3
622 4
622 5
622 6
622 7
622 8
622 18
622 31
622 71
622 255
622 501
623 3
623 4
623 5
623 6
623 7
623 8
623 30
623 41
623 381
623 541
624 0
624 1
624 2
624 3
624 4
624 5
624 6
624 7
624 8
625 1
625 2
625 3
625 4
625 5
625 6
625 7
625 8
625 9
625 64
625 85
626 1
626 2
626 3
626 4
626 5
626 6
626 7
626 8
626 9
626 64
626 85
626 126
626 392
627 0
627 1
627 3
627 6
627 7
627 8
627 18
627 248
627 441
627 547
628 0
628 3
628 5
628 6
628 54
628 94
628 147
628 184
628 283
629 0
629 2
629 3
629 6
629 7
629 11
629 68
629 481
630 0
630 1
630 2
630 4
630 5
630 6
630 7
630 8
630 25
630 69
631 0
631 1
631 2
631 3
631 4
631 5
631 6
631 12
631 15
631 161
631 257
631 309
632 1
632 2
632 3
632 4
632 5
632 6
632 12
632 343
633 1
633 2
633 3
633 4
633 5
633 6
633 20
634 0
634 2
634 3
634 4
634 5
634 6
634 7
634 8
634 9
634 30
634 44
634 72
634 177
635 0
635 1
635 2
635 3
635 5
635 6
635 7
635 8
635 18
635 248
635 441
635 489
636 1
636 2
636 4
636 5
636 6
636 7
636 8
636 9
636 64
636 85
636 414
637 0
637 2
637 3
637 4
637 6
637 7
637 8
637 9
637 30
637 44
637 55
637 105
637 119
637 425
638 0
638 1
638 2
638 3
638 4
638 5
638 6
638 7
638 8
638 18
638 31
639 0
639 1
639 2
639 3
639 5
639 6
639 34
639 96
639 138
639 272
639 280
640 0
640 2
640 4
640 5
640 6
640 7
640 8
640 9
640 48
640 80
641 0
641 1
641 2
641 3
641 5
641 6
641 7
641 9
641 158
641 242
642 0
642 1
642 3
642 4
642 5
642 6
642 7
642 8
642 50
642 491
643 0
643 1
643 3
643 4
643 5
643 6
643 7
643 8
643 9
643 64
643 92
643 469
644 3
644 5
644 6
644 7
644 9
644 64
644 85
644 131
644 180
644 199
644 288
644 353
644 531
645 0
645 1
645 2
645 3
645 5
645 34
645 96
645 138
645 272
645 569
646 0
646 1
646 2
646 3
646 4
646 5
646 530
647 0
647 2
647 3
647 4
647 5
647 6
647 7
647 8
647 27
647 393
648 1
648 2
648 3
648 4
648 5
648 6
648 7
648 8
648 9
648 97
648 329
649 5
649 6
649 7
649 8
649 64
649 85
649 303
649 461
650 1
650 2
650 3
650 4
651 0
651 2
651 3
651 6
651 7
651 8
651 9
651 30
651 44
651 55
651 105
651 119
651 137
651 294
652 0
652 1
652 2
652 3
652 4
652 5
652 6
652 7
652 8
652 9
652 27
652 118
653 0
653 4
653 5
653 6
653 7
653 8
653 9
653 30
653 44
653 72
653 76
653 410
653 453
653 472
654 0
654 3
654 4
654 5
654 6
654 7
654 30
654 44
654 106
655 0
655 1
655 2
655 10
656 0
656 2
656 3
656 6
656 7
656 11
656 68
656 481
657 0
657 1
657 2
657 3
657 4
657 5
657 6
657 12
658 0
658 2
658 3
658 4
658 5
658 6
658 7
658 8
658 262
659 1
659 2
659 3
659 4
659 5
659 6
659 7
659 8
659 9
659 64
659 85
660 1
660 2
660 3
660 4
660 5
660 6
660 7
660 9
660 64
660 126
660 249
660 308
660 479
661 1
661 2
661 3
661 4
661 5
661 6
661 7
662 0
662 1
662 2
662 3
662 4
662 5
662 6
662 7
662 8
662 9
662 64
662 411
663 0
663 2
663 3
663 4
663 5
663 6
663 7
663 54
663 94
663 139
664 1
664 2
664 3
664 4
664 6
664 8
664 9
664 64
664 85
664 153
664 171
664 223
665 1
665 2
665 3
665 4
665 5
665 6
665 7
665 9
665 64
665 85
665 153
665 171
666 0
666 1
666 2
666 3
666 4
666 5
666 6
666 7
666 8
666 43
666 163
667 0
667 2
667 4
667 5
667 6
667 7
667 8
667 9
668 1
668 2
668 3
668 5
668 6
668 7
668 8
668 9
668 64
668 85
668 153
668 419
669 0
669 1
669 2
669 3
669 5
669 6
669 7
669 8
669 50
670 0
670 1
670 2
670 3
670 4
670 5
670 6
670 54
670 94
670 111
670 152
670 448
671 1
671 2
671 4
671 5
671 6
671 12
671 15
671 496
672 0
672 1
672 2
672 4
672 5
672 6
672 7
672 8
672 262
672 351
673 0
673 2
673 3
673 4
673 6
673 7
673 8
673 9
673 30
673 44
673 77
674 1
674 2
674 3
674 5
674 6
674 7
674 8
674 9
674 64
674 85
674 131
674 180
675 2
675 3
675 4
675 5
675 6
675 7
675 20
675 26
676 0
676 2
676 3
676 4
676 6
676 7
676 8
676 9
676 30
676 44
676 55
676 549
677 0
677 2
677 3
677 4
677 5
677 6
677 7
677 8
677 18
677 31
677 71
677 255
677 501
677 622
678 0
678 2
678 3
678 4
678 6
678 7
678 54
678 94
678 191
678 595
679 0
679 1
679 2
679 4
679 5
679 7
679 8
679 262
679 351
680 0
680 1
680 2
680 3
680 4
680 5
680 6
680 7
680 8
680 29
680 101
680 120
680 159
680 335
681 0
681 1
681 3
681 4
681 5
681 6
681 7
681 8
681 9
681 92
681 589
682 0
682 2
682 3
682 4
682 5
682 6
682 7
682 8
682 9
682 48
682 80
682 110
682 376
683 0
683 2
683 4
683 5
683 6
683 7
683 54
683 94
683 535
683 576
684 0
684 1
684 2
684 3
684 4
684 6
684 7
684 8
684 18
684 31
684 129
684 144
684 423
685 1
685 3
685 4
685 6
685 8
685 9
685 64
685 92
685 192
685 286
685 416
686 0
686 1
686 3
686 4
686 5
686 6
686 8
686 9
686 64
686 92
686 192
686 286
687 1
687 2
687 3
687 5
687 6
687 7
687 8
687 9
687 64
687 85
687 153
688 0
688 2
688 3
688 4
688 6
688 7
688 8
688 30
689 0
689 1
689 2
689 3
689 4
689 6
689 7
689 18
689 31
689 129
689 144
689 423
689 684
690 0
690 2
690 3
690 5
690 7
690 8
690 9
690 30
690 44
690 148
690 367
690 443
691 0
691 2
691 3
691 4
691 5
691 6
691 7
691 9
692 0
692 1
692 2
692 3
692 4
692 5
692 6
692 7
692 8
692 143
692 253
692 457
693 0
693 1
693 2
693 3
693 4
693 5
693 6
693 12
693 15
693 161
693 257
694 0
694 1
694 2
694 4
694 5
694 6
694 7
694 8
694 262
694 351
694 672
695 0
695 1
695 2
695 3
695 4
695 5
695 12
695 42
695 66
696 0
696 1
696 2
696 3
696 4
696 6
696 8
696 29
696 101
696 120
696 159
696 335
696 680
697 0
697 2
697 4
697 5
698 0
698 1
698 2
698 3
698 4
698 5
698 6
698 12
698 81
699 0
699 2
699 3
699 4
699 5
699 6
699 7
699 54
699 94
699 125
700 1
700 2
700 3
700 4
700 6
700 7
700 8
700 9
700 64
700 85
700 153
700 171
700 223
701 0
701 1
701 2
701 3
701 4
701 5
701 6
701 7
701 8
701 50
701 103
701 463
701 583
702 0
702 1
702 2
702 3
702 4
702 5
702 6
702 7
702 8
702 9
702 29
703 0
703 1
703 2
703 3
703 4
703 5
703 6
703 7
703 54
703 94
703 111
703 152
704 0
704 2
704 3
704 4
704 5
704 6
704 7
704 8
704 9
704 48
704 110
705 0
705 2
705 3
705 5
705 6
705 7
705 9
705 48
705 80
705 516
706 0
706 2
706 4
706 5
706 6
706 7
706 8
706 9
706 48
706 80
706 640
707 0
707 2
707 3
707 5
707 7
707 11
708 3
708 5
708 6
708 7
708 9
708 64
708 85
708 131
708 180
708 199
708 288
708 353
708 531
709 0
709 2
709 3
709 4
709 5
709 6
709 12
709 81
709 698
710 1
710 3
710 4
710 5
710 7
710 59
710 83
710 211
711 0
711 1
711 2
711 4
711 5
711 6
711 7
711 8
711 351
711 672
711 694
712 0
712 1
712 2
712 3
712 5
712 6
712 7
712 11
712 68
713 0
713 1
713 2
713 3
713 4
713 5
713 6
713 7
713 8
713 29
713 101
713 120
713 159
713 335
713 680
714 2
714 3
714 5
714 6
714 7
714 20
714 26
714 263
715 0
715 1
715 2
715 3
715 4
715 5
715 6
715 7
715 8
715 313
715 403
716 0
716 1
716 3
716 4
716 5
716 6
716 7
716 9
716 158
716 242
717 0
717 1
717 2
717 3
717 5
717 6
717 12
717 161
717 573
718 0
718 3
718 4
718 5
718 7
718 8
718 9
718 48
718 80
718 110
719 0
719 3
719 4
719 5
719 7
719 8
719 9
719 48
719 110
719 718
720 0
720 1
720 2
720 3
720 4
720 5
720 6
720 7
720 8
720 29
720 101
720 120
720 159
720 335
721 1
721 2
722 0
722 1
722 2
722 3
722 5
722 6
722 7
722 8
722 18
722 248
722 441
722 489
723 0
723 2
723 3
723 4
723 5
723 6
723 7
723 8
723 18
723 31
723 71
723 255
723 501
723 622
724 2
724 3
724 4
724 7
724 59
725 0
725 1
725 3
725 4
725 5
725 6
725 9
725 64
725 92
725 192
726 1
726 2
726 3
726 4
726 5
726 6
726 7
726 8
726 9
726 64
726 85
726 126
726 392
727 0
727 1
727 3
727 4
727 5
727 6
727 8
727 9
727 64
727 92
727 192
728 1
728 2
728 3
728 4
728 5
728 6
728 7
728 8
728 9
728 64
728 85
728 102
728 172
728 230
729 1
729 2
729 3
729 5
729 6
729 7
729 8
729 9
729 64
729 85
729 153
730 1
730 2
730 3
730 4
730 5
730 6
730 7
730 8
730 9
730 64
730 85
730 102
730 172
730 230
730 728
731 0
731 1
731 2
731 3
731 4
731 6
731 7
731 8
731 262
732 1
732 2
732 3
732 5
732 6
732 7
732 9
732 64
732 85
732 126
732 392
733 0
733 2
733 3
733 4
733 6
733 7
733 8
733 9
733 30
733 44
733 55
733 105
733 119
733 182
734 0
734 2
734 3
734 4
734 5
734 6
734 7
734 8
734 9
734 48
734 80
734 516
735 0
735 1
735 3
735 4
735 5
735 6
735 7
735 54
735 94
735 111
735 330
736 0
736 2
736 3
736 4
736 5
736 6
736 7
736 54
736 94
736 125
736 452
737 0
737 1
737 2
737 3
737 4
737 5
737 6
737 7
737 9
737 158
737 197
738 1
738 2
738 3
738 4
738 5
738 6
738 7
738 20
738 22
738 88
739 0
739 1
739 2
739 3
739 4
739 5
739 6
739 7
739 8
739 54
739 122
740 1
740 3
740 4
740 5
740 6
740 8
740 9
740 64
740 92
740 192
740 286
740 334
741 0
741 1
741 2
741 3
741 4
741 5
741 6
741 7
741 18
741 31
741 71
742 0
742 2
742 3
742 4
742 5
742 6
742 7
742 8
742 9
742 162
743 0
743 1
743 2
743 3
743 4
743 5
743 6
743 7
743 8
743 43
743 163
743 666
744 0
744 2
744 3
744 4
744 6
744 7
744 8
744 9
744 30
744 44
744 55
744 549
744 676
745 0
745 2
745 3
745 4
745 5
745 6
745 7
745 8
745 9
745 48
745 228
745 299
746 0
746 2
746 3
746 4
746 5
746 6
746 7
746 8
746 9
746 48
746 80
746 362
747 0
747 1
747 2
747 3
747 4
747 5
747 6
747 12
748 1
748 4
748 5
748 6
748 8
748 9
748 64
748 92
748 192
748 286
748 334
749 2
749 3
749 4
749 6
749 7
749 20
749 26
749 365
750 0
750 1
750 2
750 3
750 5
750 6
750 7
750 8
750 18
750 248
750 441
751 1
751 2
751 3
751 4
751 6
751 7
751 9
751 64
751 85
751 126
751 249
751 308
752 0
752 1
752 2
752 3
752 4
752 5
752 6
752 7
752 8
752 491
753 1
753 2
753 3
753 5
753 6
753 7
753 8
753 282
754 0
754 1
754 2
754 3
754 4
754 5
754 6
754 7
754 8
754 9
755 0
755 1
755 2
755 3
755 4
755 5
755 6
755 7
755 8
755 54
756 0
756 1
756 2
756 3
756 4
756 5
756 6
756 12
756 747
757 0
757 1
757 2
757 3
757 5
757 6
757 395
758 0
758 1
758 2
758 4
758 5
758 6
758 7
758 8
758 18
759 0
759 1
759 2
759 3
759 4
760 0
760 2
760 4
760 5
760 6
760 8
760 9
760 30
760 44
760 72
760 76
760 410
760 453
760 472
761 0
761 1
761 2
761 3
761 5
761 6
761 166
761 307
762 0
762 2
762 3
762 4
762 6
762 7
762 8
762 9
762 30
762 55
763 2
763 3
763 4
763 7
763 59
763 165
763 464
764 0
764 2
764 3
764 4
764 5
764 6
764 7
764 8
764 9
764 48
764 110
764 228
764 299
765 0
765 2
765 5
765 6
765 7
765 54
765 94
765 535
765 576
765 683
766 0
766 1
766 2
766 3
766 4
766 5
766 6
766 7
766 9
766 29
766 61
766 196
767 0
767 2
767 4
767 5
767 6
767 7
767 8
767 9
767 30
767 44
767 72
767 76
767 410
768 1
768 2
768 3
768 4
768 5
768 7
768 9
768 64
768 85
768 126
768 249
768 308
769 0
769 1
769 2
769 3
769 4
769 5
769 6
769 7
769 8
769 9
769 97
769 186
770 1
770 3
770 4
770 5
770 6
770 7
770 8
770 64
770 85
770 303
771 0
771 1
771 3
771 4
771 5
771 6
771 7
771 8
771 9
771 64
771 92
771 192
772 1
772 2
772 3
772 4
772 5
772 6
772 7
772 18
773 2
773 3
773 4
773 5
773 6
773 7
773 9
773 64
773 85
773 126
773 308
774 1
774 2
774 3
774 4
774 5
774 7
774 8
774 9
774 64
774 126
775 1
775 2
775 3
775 4
775 5
775 6
775 7
775 8
775 9
775 64
775 85
775 102
775 432
776 0
776 1
776 3
776 4
776 5
776 6
776 7
776 8
776 9
776 64
777 0
777 1
777 2
777 3
777 4
777 5
777 7
777 8
777 29
777 101
777 120
777 159
778 1
778 2
778 3
778 4
778 6
778 7
778 9
778 64
778 85
778 153
778 171
779 0
779 2
779 3
779 4
779 5
779 6
779 7
779 8
779 9
779 48
779 110
779 704
780 1
780 2
780 3
780 4
780 5
780 6
780 7
780 20
780 426
781 0
781 1
781 2
781 3
781 4
781 5
781 6
781 7
781 9
781 97
781 186
782 0
782 1
782 2
782 3
782 4
782 6
782 8
782 29
782 120
782 159
782 335
782 680
783 0
783 1
783 2
783 3
783 5
783 6
783 34
783 96
783 138
783 272
783 280
783 639
784 0
784 1
784 2
784 3
784 5
784 6
784 7
784 8
784 18
784 248
784 441
784 489
784 635
785 0
785 1
785 2
785 3
785 4
785 5
785 6
785 7
785 8
786 0
786 4
786 5
786 6
786 7
786 8
786 44
786 328
787 2
787 3
787 4
787 6
787 7
787 8
787 9
787 44
787 53
787 596
787 614
788 0
788 1
788 2
788 3
788 5
788 6
788 34
788 96
788 138
788 272
788 280
788 639
788 783
789 0
789 2
789 4
789 5
789 6
789 7
789 8
789 9
789 30
789 44
789 72
789 76
789 410
790 0
790 2
790 3
790 4
790 6
790 7
790 8
790 30
790 688
791 0
791 1
791 2
791 3
791 4
791 276
792 3
792 5
792 7
792 9
792 64
792 85
792 131
792 180
792 199
792 288
792 353
792 531
792 644
793 0
793 2
793 3
793 4
793 5
793 6
793 7
793 8
793 18
793 31
793 71
793 255
793 501
793 622
793 677
794 1
794 2
794 3
794 4
794 5
794 6
794 7
794 20
794 22
794 88
794 738
795 0
795 1
795 2
795 3
795 4
795 5
795 6
795 7
795 8
795 29
795 101
795 120
795 189
796 0
796 1
796 2
796 3
796 4
796 5
796 6
796 7
796 8
796 18
796 31
796 115
797 0
797 2
797 4
797 5
797 6
797 7
797 8
797 9
797 30
797 44
797 72
797 76
797 410
798 0
798 1
798 2
798 3
798 4
798 5
798 6
798 7
798 8
798 50
798 103
798 583
798 701
799 0
799 1
799 2
799 5
799 6
799 8
799 9
799 70
800 0
800 2
800 3
800 4
800 5
800 6
800 7
800 54
800 94
800 125
800 452
801 0
801 1
801 3
801 5
801 6
801 54
801 94
801 147
801 184
801 283
802 0
802 2
802 3
802 4
802 5
802 6
802 7
802 8
802 9
802 80
802 216
803 0
803 1
803 2
803 3
803 6
803 96
803 138
803 272
803 280
803 639
803 783
804 0
804 2
804 4
804 5
804 697
805 0
805 1
805 2
805 3
805 4
805 5
806 0
806 2
806 3
806 4
806 5
806 7
806 8
806 9
806 30
806 44
806 72
806 132
807 0
807 2
807 3
807 4
807 5
807 6
807 7
807 8
807 18
807 31
807 71
807 255
807 501
808 3
808 4
808 5
808 6
808 7
808 54
808 94
808 107
808 226
808 387
809 1
809 2
809 4
809 5
809 6
809 7
809 8
809 9
809 97
809 329
809 648
810 0
810 1
810 2
810 3
810 4
810 6
810 7
810 8
811 0
811 2
811 3
811 4
811 5
811 6
811 7
811 8
811 18
811 31
811 71
811 255
812 0
812 1
812 2
812 3
812 4
812 5
812 6
812 7
812 8
812 120
812 159
812 368
813 0
813 2
813 3
813 5
813 7
813 8
813 30
813 44
813 62
813 176
813 337
814 0
814 1
814 2
814 5
814 6
814 11
814 317
815 0
815 2
815 3
815 4
815 5
815 6
815 7
815 8
815 9
815 48
815 80
815 215
816 0
816 1
816 2
816 3
816 5
816 6
816 7
816 8
816 120
816 159
816 368
816 812
817 0
817 1
817 2
817 3
817 4
817 5
817 6
817 7
817 8
817 54
817 200
818 0
818 1
818 2
818 3
818 4
818 5
818 6
818 7
818 8
818 54
818 94
819 0
819 2
819 3
819 4
819 5
819 6
819 7
819 8
819 262
819 658
820 1
820 2
820 3
820 4
820 6
820 7
820 661
821 0
821 1
821 2
821 3
821 4
821 7
821 8
821 9
821 27
822 0
822 1
822 2
822 10
822 39
822 466
823 0
823 2
823 3
823 4
823 5
823 6
823 7
823 8
823 27
823 393
824 0
824 1
824 2
824 3
824 4
824 7
824 98
824 502
825 0
825 3
825 4
825 5
825 6
825 7
825 54
825 94
825 107
825 226
826 0
826 1
826 2
826 3
826 4
826 5
826 6
826 7
826 8
826 50
826 103
826 463
826 583
826 701
827 3
827 4
827 5
827 6
827 7
827 54
827 94
827 107
827 226
827 387
827 808
828 1
828 2
828 3
828 5
828 6
829 1
829 2
829 3
829 4
829 5
829 6
829 7
829 8
829 29
829 101
829 120
829 189
829 795
830 3
830 5
830 6
830 7
830 54
830 94
830 107
830 226
830 387
831 3
831 4
831 6
831 7
831 8
831 9
831 44
831 53
831 596
831 614
831 787
832 0
832 1
832 2
832 3
832 5
832 6
832 7
832 8
832 9
833 1
833 3
833 4
833 5
833 7
833 59
833 89
833 289
834 0
834 2
834 4
834 5
834 6
834 7
834 8
834 9
834 48
834 80
834 110
834 376
835 2
835 5
835 8
835 9
835 24
835 168
835 591
836 0
836 1
836 2
836 3
836 4
836 5
836 6
836 12
836 15
836 82
837 1
837 2
837 3
837 4
837 5
837 7
837 9
837 64
837 126
837 249
837 308
838 0
838 1
838 2
838 4
838 5
838 6
838 7
838 8
838 209
838 357
839 1
839 2
839 3
839 5
839 6
839 7
839 9
839 64
839 85
839 153
839 171
839 173
839 548
840 0
840 2
840 3
840 4
840 5
840 6
840 8
840 9
840 48
840 80
841 0
841 1
841 2
841 3
841 4
841 5
841 6
841 7
841 54
841 94
842 1
842 2
842 3
842 4
842 5
842 7
842 108
842 413
843 0
843 1
843 2
843 3
843 5
843 6
843 7
843 8
843 244
844 3
844 5
844 6
844 7
844 54
844 94
844 107
844 226
844 387
844 830
845 0
845 1
845 2
845 3
845 12
845 42
845 205
845 269
846 3
846 4
846 5
846 6
846 8
846 9
846 64
846 92
846 192
846 286
847 0
847 1
847 2
847 4
847 5
847 6
847 7
847 8
847 25
847 69
848 0
848 2
848 3
848 4
848 6
848 7
848 8
848 9
848 44
848 53
848 596
848 614
849 0
849 1
849 2
849 3
849 4
849 6
849 7
849 8
849 52
850 2
850 4
850 5
850 6
850 7
850 20
850 26
850 65
851 0
851 1
851 2
851 3
851 4
851 5
851 6
851 7
851 18
851 31
851 71
852 0
852 2
852 3
852 4
852 5
852 6
852 7
852 8
852 262
852 658
853 0
853 2
853 3
853 4
853 5
853 6
853 7
853 27
853 393
853 647
854 0
854 1
854 2
854 3
854 12
854 42
854 205
854 269
854 845
855 0
855 3
855 4
855 5
855 6
855 7
855 8
855 9
856 0
856 1
856 2
856 3
856 4
857 0
857 2
857 3
857 4
857 5
857 6
857 8
857 9
857 48
857 80
857 840
858 0
858 2
858 3
858 5
858 6
858 7
858 54
858 94
858 535
859 0
859 2
859 3
859 4
859 5
859 6
859 7
859 8
859 9
859 48
859 80
859 499
860 1
860 2
860 3
860 4
860 5
860 6
860 7
860 29
860 101
860 120
860 150
861 0
861 2
861 3
861 4
861 7
861 8
861 9
861 30
861 55
862 0
862 1
862 2
862 3
862 4
862 5
862 6
862 7
862 9
862 29
863 1
863 2
863 3
863 4
863 5
863 6
864 0
864 1
864 2
864 4
864 5
864 6
864 7
864 8
864 262
864 351
865 0
865 1
865 2
865 3
865 4
865 5
865 6
865 7
865 8
865 9
865 27
865 118
866 0
866 1
866 3
866 4
866 5
866 6
866 7
866 8
866 9
866 64
866 776
867 0
867 1
867 2
867 3
867 4
867 5
867 6
867 7
867 8
867 29
868 1
868 2
868 4
868 5
868 6
868 7
868 9
868 126
868 249
868 308
868 479
869 0
869 1
869 2
869 3
869 4
869 5
869 6
869 603
870 0
870 2
870 3
870 4
870 5
870 6
870 7
870 54
870 94
870 139
870 213
871 0
871 1
871 2
871 3
871 5
871 6
871 7
871 8
871 18
871 248
871 441
871 489
872 0
872 1
872 2
872 3
872 4
872 6
872 7
872 8
873 0
873 1
873 2
873 3
873 5
873 6
873 34
873 96
873 138
873 272
873 280
874 0
874 2
874 3
874 4
874 7
874 8
874 9
874 30
874 44
874 157
875 1
875 2
875 3
875 4
875 5
875 6
875 7
875 18
875 772
876 1
876 3
876 4
876 5
876 7
876 83
876 211
876 710
877 0
877 2
877 4
877 5
877 7
877 8
877 9
877 30
877 44
877 178
878 1
878 2
878 3
878 4
878 5
878 6
878 7
878 8
878 9
878 64
878 85
878 102
878 432
879 2
879 3
879 5
879 6
879 7
879 8
879 9
879 64
879 85
879 131
879 180
879 199
879 288
879 353
880 0
880 2
880 3
880 4
880 7
880 8
880 9
880 30
880 44
880 55
881 1
881 2
881 3
881 4
881 5
881 6
881 7
881 9
881 64
881 126
881 249
881 308
881 479
882 1
882 2
882 3
882 4
882 5
882 6
882 7
882 20
882 22
882 86
883 1
883 2
883 3
883 4
883 5
883 6
883 12
883 343
883 632
884 0
884 1
884 2
884 3
884 5
884 6
884 7
884 11
884 68
885 0
885 2
885 3
885 4
885 5
885 6
885 7
885 8
885 9
885 48
885 80
885 362
886 0
886 2
886 3
886 4
886 5
886 6
886 7
886 8
886 9
886 30
886 72
887 3
887 5
887 7
887 9
887 64
887 85
887 131
887 199
887 288
887 353
887 531
887 644
887 792
888 0
888 1
888 2
888 3
888 4
888 5
888 7
888 8
888 29
888 101
888 120
888 159
888 522
889 1
889 2
889 3
889 4
889 6
889 8
889 9
889 64
889 85
889 153
889 171
889 223
889 664
890 0
890 2
890 3
890 4
890 6
890 7
890 8
890 9
890 30
890 44
890 224
891 0
891 2
891 3
891 4
891 5
891 6
891 7
891 8
891 27
891 393
891 823
892 1
892 2
892 3
892 4
892 5
892 6
892 7
892 8
892 9
892 64
892 85
892 116
893 0
893 1
893 2
893 3
893 4
893 5
893 6
893 7
893 8
893 29
893 101
893 120
894 0
894 2
894 3
894 4
894 6
894 7
894 8
894 9
894 30
894 44
894 119
895 0
895 1
895 2
895 3
895 4
895 5
895 6
895 7
895 8
895 313
896 0
896 1
896 2
896 3
896 4
896 5
896 6
896 7
896 8
896 50
897 1
897 4
897 5
897 7
898 0
898 2
898 4
898 5
898 6
898 8
898 29
898 101
898 271
898 305
899 2
899 3
899 5
899 6
899 7
899 8
899 64
899 140
900 2
900 5
900 6
900 7
900 9
900 64
900 85
900 131
900 180
900 199
900 288
900 353
900 404
900 454
901 0
901 1
901 3
901 5
901 6
901 7
902 0
902 3
902 5
902 6
902 7
902 313
902 403
902 424
902 455
903 0
903 2
903 3
903 4
903 5
903 6
903 7
903 8
903 9
903 48
903 110
903 704
904 1
904 2
904 3
904 4
904 5
904 6
904 8
904 18
904 31
904 129
904 144
904 423
905 0
905 2
905 3
905 4
905 5
905 6
905 7
905 8
905 9
905 48
905 80
906 0
906 2
906 4
906 5
906 6
906 7
906 8
906 29
906 101
906 271
906 336
907 0
907 2
907 3
907 6
907 7
907 11
907 68
908 0
908 1
908 2
908 4
908 5
908 6
909 1
909 2
909 3
909 4
909 5
909 59
909 114
910 0
910 2
910 3
910 4
910 5
910 7
910 8
910 9
910 48
910 80
910 110
910 323
911 0
911 2
911 3
911 4
911 5
911 6
911 7
911 8
911 9
911 48
911 80
911 110
911 376
911 682
912 0
912 1
912 3
912 4
912 5
912 6
913 0
913 1
913 3
913 4
913 6
913 7
913 54
913 94
913 111
913 330
914 3
914 5
914 6
914 7
914 9
914 64
914 85
914 131
914 180
914 199
914 288
914 353
914 531
914 644
915 0
915 1
915 2
915 3
915 4
915 6
915 8
915 29
915 101
915 120
915 159
915 335
915 680
915 696
916 0
916 2
916 4
916 5
916 6
916 7
916 8
916 29
916 271
916 305
917 0
917 2
917 3
917 4
917 5
917 6
917 7
917 8
917 9
917 61
917 470
918 0
918 2
918 3
918 4
918 5
918 6
918 7
918 8
918 9
918 61
918 470
918 917
919 0
919 1
919 2
919 4
919 6
919 7
919 8
919 29
919 101
919 120
919 159
919 360
919 590
920 1
920 4
920 5
920 6
920 8
920 9
920 64
920 92
920 192
920 286
920 334
920 748
921 1
921 2
921 3
921 4
921 5
921 37
921 49
921 51
922 0
922 1
922 2
922 3
922 4
922 5
922 6
922 7
922 8
923 0
923 2
923 4
923 5
923 6
923 7
923 8
923 29
923 101
923 271
924 0
924 2
924 4
924 5
924 7
924 8
924 9
924 30
924 44
924 178
924 258
925 0
925 2
925 3
925 4
925 5
925 6
925 7
925 8
925 9
925 48
925 80
925 216
925 608
926 0
926 1
926 3
926 4
926 5
926 6
926 9
926 64
926 92
926 192
927 0
927 2
927 3
927 4
927 7
927 8
927 9
927 30
927 44
927 157
928 0
928 1
928 2
928 3
928 4
928 5
928 6
928 7
928 8
928 29
928 101
928 318
929 0
929 1
929 2
929 4
929 6
929 7
929 29
929 101
929 120
929 159
929 360
929 590
930 0
930 1
930 2
930 3
930 4
930 6
930 7
930 27
930 73
930 123
930 558
931 2
931 3
931 4
931 5
931 6
931 7
931 20
931 26
932 0
932 1
932 2
932 3
932 4
932 5
933 0
933 2
933 3
933 4
933 5
933 6
933 7
933 54
933 94
933 125
933 699
934 0
934 1
934 2
934 3
934 4
934 5
934 6
934 7
934 8
934 29
934 101
934 318
935 0
935 1
935 2
935 4
935 5
935 6
935 7
935 351
935 672
935 694
936 1
936 2
936 3
936 6
936 7
936 8
936 9
936 64
936 85
936 153
937 0
937 2
937 3
937 4
937 5
937 6
937 7
937 8
937 9
937 30
937 44
937 72
937 177
938 1
938 2
938 3
938 4
938 5
938 6
938 7
938 8
938 29
938 101
938 120
938 189
939 2
939 3
939 5
939 6
939 7
939 8
939 30
939 44
939 62
939 176
939 337
940 0
940 1
940 2
940 3
940 4
940 5
940 6
940 7
940 54
940 94
940 111
940 152
941 0
941 1
941 2
941 3
941 4
941 5
941 6
941 7
941 8
941 9
941 29
941 61
941 196
942 0
942 1
942 2
942 4
942 5
942 7
942 262
942 351
942 679
943 1
943 2
943 3
943 4
943 5
943 6
943 7
943 8
943 9
943 64
943 85
943 102
944 0
944 2
944 4
944 6
944 7
944 8
944 9
944 30
944 44
944 55
944 549
944 676
945 0
945 2
945 3
945 6
945 7
945 11
945 68
945 481
945 629
946 0
946 1
946 2
946 3
946 4
946 5
946 6
946 7
946 9
946 158
946 242
947 0
947 1
947 3
947 4
947 6
947 8
947 9
947 64
947 92
947 192
947 286
947 416
947 451
947 482
948 1
948 2
948 3
948 4
948 5
948 6
948 7
948 9
948 85
948 102
948 230
949 0
949 2
949 3
949 4
949 6
949 9
949 30
949 44
949 295
950 0
950 2
950 4
950 5
950 6
950 7
950 8
950 9
950 30
950 44
950 72
950 76
950 410
950 453
950 472
951 5
951 6
951 7
951 8
951 64
951 303
951 461
951 649
952 0
952 1
952 2
952 3
952 5
952 6
952 7
952 8
952 18
952 248
952 441
952 489
953 2
953 3
953 5
953 7
953 59
953 165
953 284
954 0
954 2
954 3
954 4
954 6
954 7
954 8
954 30
954 688
955 0
955 1
955 2
955 3
955 4
955 5
955 6
955 7
955 8
955 128
956 1
956 2
956 3
956 4
956 5
956 6
956 7
956 54
956 94
956 111
956 152
956 241
957 0
957 1
957 2
957 3
957 4
957 5
957 6
957 7
957 18
957 31
957 71
958 0
958 2
958 3
958 4
958 6
958 7
958 54
958 94
958 191
958 595
958 678
959 2
959 3
959 4
959 5
959 6
959 7
959 8
959 64
959 140
960 1
960 2
960 3
960 4
960 5
960 6
960 7
960 8
960 101
960 120
960 189
960 938
961 0
961 2
961 3
961 4
961 5
961 7
961 9
961 48
961 80
961 110
962 1
962 2
962 3
962 5
962 6
962 7
962 8
962 9
962 64
962 85
962 233
962 235
963 0
963 2
963 3
963 4
963 6
963 7
963 8
963 9
963 30
963 44
963 55
963 105
963 119
964 0
964 1
964 2
964 3
964 4
964 5
964 6
964 8
964 9
964 64
964 411
964 662
965 0
965 2
965 3
965 4
965 5
965 6
965 8
965 44
965 62
965 176
965 325
966 0
966 1
966 2
966 3
966 4
966 6
966 7
966 8
966 52
967 0
967 1
967 2
967 3
967 4
967 5
967 7
967 8
967 29
967 101
967 120
967 159
967 777
968 2
968 4
968 5
968 7
968 8
968 9
968 30
968 44
968 178
968 258
969 0
969 1
969 2
969 3
969 4
969 6
969 7
969 18
969 31
969 129
969 144
969 423
970 0
970 3
970 4
970 6
970 7
970 8
970 9
970 30
970 44
970 55
970 105
970 119
970 137
970 294
971 1
971 2
971 5
971 6
971 7
971 54
971 94
971 111
971 152
971 241
971 956
972 0
972 2
972 3
972 4
972 5
972 6
972 7
972 8
972 9
972 48
972 80
973 0
973 2
973 5
973 6
973 7
973 48
973 80
973 516
974 0
974 2
974 3
974 4
974 5
974 6
974 7
974 8
974 9
974 48
974 80
974 110
974 376
975 1
975 2
975 3
975 4
976 0
976 2
976 3
976 4
976 5
976 6
976 7
976 8
976 18
976 31
976 71
976 255
976 501
976 622
977 1
977 2
977 3
977 4
977 5
977 6
977 7
977 8
977 9
977 64
977 85
977 131
977 155
978 0
978 1
978 2
978 3
978 4
978 5
978 6
978 7
978 8
978 29
978 101
978 120
978 285
979 0
979 2
979 3
979 4
979 6
979 7
979 8
979 9
979 30
979 44
980 0
980 1
980 2
980 3
980 5
980 6
980 7
980 9
980 158
980 242
980 641
981 0
981 2
981 3
981 4
981 5
981 6
981 7
981 54
981 94
981 188
981 550
982 0
982 1
982 2
982 4
982 6
982 908
983 1
983 2
983 3
983 4
983 5
983 6
983 7
983 8
983 9
983 64
983 85
983 131
983 170
984 0
984 1
984 2
984 3
984 4
984 5
984 6
984 7
984 8
984 43
984 163
984 666
985 0
985 2
985 3
985 4
985 5
985 7
985 9
985 30
985 44
985 72
985 132
986 0
986 1
986 2
986 3
986 4
986 5
986 6
986 7
986 8
986 29
986 120
986 159
986 368
987 0
987 1
987 2
987 3
987 4
987 5
987 6
987 7
987 18
987 31
987 71
987 160
988 1
988 3
988 5
988 6
988 7
988 8
988 9
988 64
988 92
989 0
989 1
989 2
989 3
989 5
989 6
989 7
989 8
989 9
989 70
990 1
990 2
990 3
990 6
990 7
990 9
990 64
990 85
990 153
990 936
991 0
991 1
991 2
991 3
991 4
991 5
991 6
991 7
991 8
991 262
991 351
991 388
992 0
992 1
992 2
992 10
992 46
993 0
993 2
993 3
993 4
993 6
993 8
993 9
993 30
993 44
993 55
993 105
993 119
993 182
993 733
994 0
994 2
994 3
994 5
994 6
994 7
994 8
994 18
994 248
994 441
994 489
994 635
995 0
995 2
995 3
995 4
995 5
995 7
995 8
995 9
995 30
995 44
995 72
995 76
996 0
996 1
996 2
996 3
996 4
996 6
996 9
996 27
996 73
996 123
996 558
997 0
997 2
997 3
997 4
997 6
997 7
997 8
997 9
997 30
997 44
997 291
998 0
998 1
998 2
998 3
998 6
998 7
998 11
999 1
999 2
999 3
999 4
999 5
999 6
999 7
999 8
999 9
999 64
999 85
999 102
999 432
