1 0
2 0
2 1
3 0
3 1
3 2
4 0
4 1
4 2
4 3
5 0
5 1
5 2
5 3
5 4
6 0
6 1
6 2
6 3
6 4
6 5
7 0
7 1
7 2
7 3
7 4
7 5
7 6
8 0
8 1
8 2
8 3
8 4
8 5
8 6
8 7
9 0
9 1
9 2
9 3
9 4
9 5
9 6
9 7
9 8
10 3
10 4
11 1
11 2
11 8
12 3
13 0
13 2
14 2
15 2
15 4
15 5
15 6
16 6
17 1
18 8
19 5
19 6
19 8
20 1
20 3
20 4
20 6
20 7
21 6
21 20
23 2
24 3
24 4
24 7
25 1
25 2
25 7
26 0
26 1
28 4
28 5
29 3
30 0
32 5
33 4
34 3
34 9
36 1
36 9
37 0
38 4
40 3
41 1
41 11
42 7
43 1
43 2
44 10
45 4
47 0
47 1
47 3
47 6
48 0
48 2
49 3
49 7
49 8
51 1
51 4
51 5
52 4
53 6
53 20
54 3
55 1
55 2
55 5
55 6
56 29
57 5
59 4
60 0
60 1
61 0
61 1
61 3
61 8
61 9
62 5
62 6
62 15
63 0
63 1
63 2
64 0
64 5
65 3
67 1
67 63
68 7
68 49
70 0
70 64
71 1
71 2
71 5
71 6
75 2
75 4
77 10
79 1
79 3
80 4
80 5
80 6
81 0
82 6
84 3
85 5
86 51
87 2
87 75
88 3
88 40
89 0
90 4
91 1
92 0
92 1
93 4
94 3
95 9
96 20
97 0
97 1
97 2
97 5
97 6
98 4
98 5
98 28
99 5
100 0
100 3
101 2
102 3
102 9
103 41
104 40
105 0
105 3
105 6
108 17
109 1
110 1
110 4
111 1
112 1
112 8
114 1
114 7
115 9
116 2
116 75
117 0
117 2
118 4
119 3
120 17
121 1
121 109
122 5
122 6
124 6
125 6
125 20
125 21
126 4
126 75
127 9
127 115
128 1
128 63
129 2
130 1
132 5
133 49
134 0
134 5
136 1
136 11
137 1
137 109
138 1
138 5
138 71
139 6
140 1
140 6
142 29
143 7
143 24
144 1
145 5
146 4
146 5
146 6
147 4
147 7
147 20
148 4
148 93
149 40
150 5
151 0
151 5
152 3
153 6
154 4
155 3
155 4
155 7
155 8
156 0
156 2
157 75
158 0
160 9
162 0
162 5
162 7
164 61
165 1
166 10
167 9
167 36
168 5
168 28
169 6
170 53
171 1
171 2
171 4
171 5
172 20
173 1
173 71
173 138
174 5
174 7
176 1
176 3
176 5
176 6
176 7
176 9
177 1
177 2
177 5
177 6
178 3
178 6
178 7
179 6
180 1
181 49
182 3
183 1
183 3
183 7
183 176
187 1
188 1
188 4
189 3
190 61
192 3
193 1
194 10
195 3
195 6
197 1
198 5
199 7
201 2
201 4
202 1
202 9
204 2
204 3
204 5
204 8
205 0
208 37
209 2
209 14
210 1
210 2
211 1
211 5
212 0
213 4
213 75
214 3
214 4
215 1
216 2
217 28
218 5
218 204
220 3
220 4
221 0
221 92
222 1
222 3
222 6
222 9
223 6
223 16
224 0
225 29
226 1
226 2
226 4
226 5
226 6
226 8
227 1
227 3
227 5
227 6
227 7
229 6
230 6
231 4
231 5
231 8
233 4
233 5
233 231
234 6
235 0
235 1
235 2
235 6
237 0
238 5
239 5
240 235
241 5
241 145
242 1
242 4
244 3
245 0
245 1
246 6
247 5
248 0
248 1
248 3
249 4
250 1
252 3
252 5
254 1
254 5
254 171
255 2
255 5
257 3
258 1
258 4
260 0
262 0
262 3
262 5
262 6
264 1
265 3
265 248
266 4
266 93
267 25
268 1
269 7
270 2
271 6
271 176
272 3
273 8
276 1
276 7
277 20
278 1
278 11
279 4
280 9
281 9
285 4
285 5
287 5
288 4
289 4
289 7
290 75
290 87
291 5
292 9
293 28
294 3
295 3
295 5
296 2
296 4
296 5
296 6
297 4
299 5
300 55
301 3
301 7
304 117
305 49
306 3
306 7
306 24
307 5
308 2
308 3
308 8
309 3
311 173
312 1
312 6
313 3
313 94
314 75
316 1
316 4
316 5
316 6
316 8
316 9
317 0
317 1
318 1
318 2
319 4
319 5
320 4
321 5
322 1
322 2
323 6
325 1
325 63
327 5
327 252
328 0
328 1
328 7
329 4
329 242
331 71
331 138
332 3
333 20
334 24
334 306
335 1
335 2
335 322
336 5
336 6
336 7
338 5
339 2
340 7
341 0
342 2
342 55
344 4
345 0
346 1
346 5
346 71
347 3
347 100
349 8
350 1
350 3
350 6
350 20
352 29
353 6
353 169
354 3
354 4
355 7
356 4
356 8
357 21
358 0
358 6
358 105
359 0
359 1
359 2
360 92
360 221
362 1
362 8
363 9
364 4
365 6
366 0
366 3
367 6
367 227
369 3
370 6
371 9
372 3
372 6
372 8
373 359
374 1
374 3
376 4
376 6
376 8
377 7
377 24
379 0
379 1
381 0
382 1
382 3
384 2
384 204
385 1
385 325
387 1
387 2
387 6
387 8
388 3
389 5
389 57
390 4
390 9
390 316
391 28
392 0
393 8
394 7
395 1
395 4
395 5
395 8
395 9
397 6
398 0
398 100
399 100
400 3
401 55
402 4
403 87
404 3
404 9
406 1
406 5
406 211
407 3
407 6
407 7
410 2
411 2
412 10
412 166
413 3
414 20
416 145
417 7
418 362
419 1
421 1
422 4
424 5
426 1
428 1
430 1
431 1
432 1
433 2
433 14
434 3
434 5
434 6
434 7
434 227
437 3
437 8
440 6
440 8
440 19
441 1
442 1
442 91
443 2
443 3
446 2
448 0
449 10
450 4
452 176
452 183
453 5
453 6
454 3
454 105
455 5
455 6
455 80
456 1
457 0
457 5
458 9
458 115
458 127
459 2
460 9
461 6
463 5
463 9
465 3
466 3
467 7
467 49
468 5
469 20
471 49
472 8
472 18
473 2
473 11
474 1
475 9
475 458
476 1
477 24
478 145
479 51
481 4
481 344
482 1
482 6
483 4
483 5
484 1
484 5
485 6
487 4
487 5
487 6
488 3
488 29
490 4
490 7
491 114
492 94
493 1
494 0
495 1
495 6
495 387
496 75
497 5
497 15
498 1
499 5
499 28
500 1
501 0
501 1
502 28
502 98
503 7
503 434
504 4
506 2
507 204
508 1
509 3
510 0
511 0
511 3
511 5
511 6
513 3
514 4
514 376
515 0
515 6
516 7
516 434
517 6
518 8
520 336
522 20
523 0
523 3
524 4
524 344
526 3
527 4
529 1
529 3
530 453
531 3
531 7
532 8
532 61
533 498
534 421
535 5
537 1
538 1
539 3
539 4
540 0
540 3
541 29
542 1
544 6
546 1
546 165
547 9
548 3
548 509
549 5
550 292
553 6
553 8
554 5
554 424
555 115
555 127
556 1
557 1
559 0
559 1
559 6
560 0
560 6
560 515
561 5
562 2
563 5
563 6
564 6
566 5
567 227
568 0
568 60
569 434
571 2
571 5
572 523
573 1
574 0
574 6
574 560
575 29
576 2
576 5
580 8
581 3
581 5
581 7
581 8
582 55
582 401
583 4
584 1
584 5
585 109
585 137
586 2
586 6
587 1
587 91
588 6
589 49
590 3
591 37
593 0
594 1
594 426
597 4
597 5
597 28
599 127
599 555
600 3
600 272
601 2
602 2
604 2
604 4
605 204
605 384
606 1
607 0
608 24
610 24
612 4
613 1
614 5
614 6
615 1
615 2
616 165
617 5
618 1
618 2
620 5
620 6
620 434
621 92
621 221
621 360
622 0
623 11
624 5
624 316
625 1
625 3
625 5
626 1
626 325
627 5
627 204
628 5
629 3
630 3
630 6
632 3
632 7
632 176
633 0
633 3
633 6
635 3
636 0
636 6
637 21
637 357
639 8
641 3
643 272
644 3
645 4
645 231
645 233
646 5
646 6
646 7
646 8
647 75
648 0
648 3
648 366
650 105
650 454
651 1
653 6
654 1
656 15
658 0
659 0
660 1
660 215
661 223
663 5
664 7
665 4
667 1
667 187
669 644
670 7
671 1
672 92
675 4
675 5
675 296
676 6
677 4
678 3
678 374
679 5
680 316
680 390
681 24
682 7
683 6
684 5
685 4
686 173
686 311
687 5
688 4
689 8
689 646
693 63
694 7
695 242
696 3
697 1
697 2
697 6
699 3
699 8
700 1
700 137
701 166
703 1
704 1
704 3
705 0
706 20
707 5
708 3
709 0
709 1
709 6
710 5
710 146
711 226
712 1
712 111
713 1
714 7
715 1
717 1
718 2
719 0
719 2
720 6
721 4
721 242
722 187
724 5
726 10
727 4
727 5
729 672
730 3
730 9
732 1
733 2
735 1
736 4
738 0
738 709
739 1
739 387
740 5
740 321
741 1
742 5
743 711
744 6
745 5
745 28
746 24
747 1
747 6
747 7
748 3
749 5
752 1
753 4
755 2
757 336
757 520
758 49
759 0
760 6
761 2
762 1
762 176
763 242
763 695
765 3
765 6
765 7
766 6
767 3
768 4
769 3
770 6
771 6
772 3
772 7
773 8
774 1
774 441
775 4
775 7
776 1
776 2
776 171
778 534
780 4
781 2
782 1
782 3
782 4
782 5
783 4
783 231
784 2
784 4
785 627
786 6
787 6
787 227
788 3
791 8
792 5
794 25
796 4
796 38
797 4
798 2
799 0
799 2
800 3
801 9
802 711
803 4
804 1
805 7
805 8
807 2
808 2
809 7
814 1
815 7
816 0
817 3
817 5
817 6
817 227
818 36
818 167
819 322
821 627
822 0
822 494
824 7
825 20
826 6
827 1
827 4
828 4
828 90
829 5
829 6
830 1
831 4
833 1
833 128
834 6
834 125
835 6
835 20
836 115
836 127
836 555
837 3
838 0
839 4
841 4
841 677
842 841
843 7
844 28
845 4
846 0
846 6
847 166
847 701
848 5
848 204
849 511
850 5
850 6
851 4
851 483
852 1
852 6
853 10
854 2
854 23
855 1
856 1
857 5
857 28
858 0
859 25
860 3
861 4
863 4
865 1
866 555
868 11
870 5
871 6
873 3
873 29
875 2
876 9
876 160
877 9
877 160
878 1
878 395
879 21
879 357
880 672
882 1
883 5
884 209
886 5
886 6
886 455
887 1
887 2
888 6
889 40
889 149
890 4
892 2
893 4
893 5
893 6
894 0
894 1
895 2
896 6
898 231
899 1
900 28
901 1
902 5
903 1
904 9
905 3
905 100
907 9
907 115
908 146
909 5
909 134
910 2
911 8
912 3
912 6
912 8
913 115
914 3
915 434
916 6
916 387
917 1
917 6
918 171
919 3
920 833
921 166
922 1
923 515
923 560
924 1
924 3
925 0
925 92
926 2
927 2
927 75
929 109
930 4
931 6
931 7
931 9
933 290
934 4
934 233
935 0
936 292
937 4
938 1
938 2
939 7
939 632
940 299
941 700
942 3
943 5
943 389
944 1
945 0
946 2
946 6
947 1
947 573
949 5
952 40
953 15
953 62
954 432
955 6
956 5
957 1
957 5
957 9
960 5
962 1
963 9
964 1
964 6
968 1
968 4
968 6
970 63
971 2
971 4
971 6
972 9
972 931
973 20
974 127
975 1
975 660
976 6
977 3
977 5
979 2
980 187
981 3
981 100
981 905
982 7
982 24
983 1
983 7
985 2
985 799
986 3
986 6
987 160
988 28
989 5
990 1
992 204
993 28
996 1
997 5
998 1
999 4
999 5
