1 0
2 0
2 1
3 0
3 1
3 2
4 0
4 1
4 2
4 3
5 0
5 1
5 2
5 3
5 4
6 0
6 1
6 2
6 3
6 4
6 5
7 0
7 1
7 2
7 3
7 4
7 5
7 6
8 0
8 1
8 2
8 3
8 4
8 5
8 6
8 7
9 0
9 1
9 2
9 3
9 4
9 5
9 6
9 7
9 8
10 0
10 3
10 4
10 6
10 7
11 0
11 1
11 2
11 3
11 4
12 0
12 4
12 7
13 0
13 3
13 4
13 6
14 1
14 3
14 4
14 7
14 8
15 3
15 6
15 13
17 3
17 4
17 6
17 7
17 8
17 9
18 6
18 15
19 0
19 2
19 5
19 9
20 1
20 8
21 1
21 11
22 0
22 2
22 9
22 19
23 4
23 7
23 12
24 1
24 3
24 4
24 6
25 3
25 6
25 13
25 15
26 2
26 4
26 5
26 6
26 7
26 8
27 0
27 1
27 2
27 3
27 5
27 6
28 2
28 4
28 7
28 8
28 26
29 0
29 2
29 5
29 9
30 0
30 1
30 3
30 4
31 0
31 2
31 3
31 27
32 0
32 1
32 30
33 0
33 1
33 2
33 3
33 4
33 5
34 0
34 22
35 1
35 2
35 4
35 7
35 8
35 9
36 0
37 2
37 3
37 4
37 33
38 0
38 1
38 2
38 3
38 6
38 7
39 6
39 15
39 18
40 1
40 2
40 4
40 5
40 7
41 4
41 5
41 6
41 8
41 26
42 0
42 19
42 22
43 0
43 22
44 3
44 6
45 0
45 2
45 9
45 19
46 0
46 1
46 2
47 0
47 2
47 5
48 4
48 5
48 6
48 8
48 26
49 0
49 2
49 3
50 2
50 9
50 22
51 0
51 2
51 3
52 0
52 1
53 0
53 7
53 12
54 1
54 7
54 40
55 1
55 2
56 2
56 9
56 50
57 2
57 3
57 4
57 5
57 7
58 0
58 5
58 19
59 2
59 3
60 4
60 26
60 48
61 6
61 25
62 3
62 7
62 57
63 0
63 4
64 6
64 13
64 15
64 25
65 0
65 3
65 51
66 0
66 1
66 2
66 3
66 5
67 1
67 3
67 30
68 2
68 59
69 0
69 3
69 6
69 7
69 38
70 0
70 2
70 3
71 0
71 1
71 2
71 3
71 4
72 7
72 28
73 3
73 59
74 0
74 1
74 3
74 4
74 5
75 0
75 3
75 4
75 6
75 7
76 0
76 1
76 6
76 7
76 8
76 9
77 43
78 1
78 3
78 4
78 7
78 14
79 48
79 60
80 2
80 4
80 5
80 6
80 26
81 7
81 8
81 9
81 76
82 0
82 5
82 7
82 8
83 1
83 3
83 66
84 4
84 5
84 8
84 26
84 41
85 0
85 51
86 0
86 2
86 3
86 70
87 1
87 6
87 7
88 2
88 3
89 60
89 79
90 1
90 3
90 4
90 14
90 78
91 5
91 8
91 84
92 0
92 1
92 2
92 46
93 0
93 1
93 6
93 38
94 1
94 3
94 6
94 8
95 0
95 2
95 5
95 19
96 19
96 42
97 0
97 3
97 6
97 38
98 1
98 8
98 20
99 0
99 1
99 3
99 6
100 5
100 8
100 26
101 7
101 40
101 54
102 1
102 2
102 3
102 5
102 6
102 7
103 0
103 2
103 5
103 6
103 27
104 0
104 4
104 6
104 7
104 10
105 12
106 15
106 18
107 6
107 9
107 17
108 4
108 23
109 0
109 3
109 5
109 7
110 0
110 2
110 38
111 4
111 5
111 6
111 8
111 48
112 1
112 3
112 4
113 7
113 9
113 76
114 0
114 2
114 5
114 47
115 1
115 66
115 83
116 3
117 1
117 3
117 4
117 7
117 78
118 2
118 3
118 33
118 37
119 0
119 2
119 3
119 70
120 0
120 1
120 4
120 30
121 1
121 3
121 4
121 5
121 6
121 8
122 4
122 7
122 12
122 23
123 4
123 78
123 117
124 0
124 2
124 3
124 70
125 2
125 124
126 0
126 7
126 76
127 9
127 17
127 107
128 6
129 2
129 50
130 0
130 1
130 6
131 6
132 12
132 53
133 0
133 1
133 120
134 7
135 48
136 0
136 1
136 6
136 93
137 2
137 3
137 5
137 6
137 8
137 9
138 3
138 4
138 7
138 14
138 78
139 4
139 26
139 48
139 60
140 2
140 5
140 7
141 15
141 18
142 0
142 51
143 1
143 4
143 6
143 24
144 13
144 25
145 0
145 38
145 110
146 23
146 108
147 3
147 5
147 57
148 33
148 37
149 2
149 125
150 1
150 2
150 4
150 7
150 9
150 35
151 0
151 1
151 2
152 2
152 4
152 40
153 24
153 143
154 3
154 138
155 4
155 5
155 26
155 41
156 4
156 6
156 26
156 80
157 1
157 5
157 7
158 19
158 22
158 42
159 0
159 1
159 2
159 3
159 5
159 66
160 0
160 1
160 2
161 3
161 62
162 4
162 6
162 41
163 2
164 2
164 4
164 5
164 7
164 57
165 2
165 3
165 5
165 8
165 137
166 2
166 49
167 5
167 6
168 4
168 63
169 1
169 6
169 93
169 136
170 0
170 3
170 38
170 97
171 2
172 0
173 0
173 7
173 9
173 76
174 3
174 138
174 154
175 6
175 25
176 7
176 54
176 101
177 4
177 5
177 8
177 26
177 41
178 0
178 1
178 5
178 6
178 7
178 8
178 9
179 4
179 5
179 8
179 48
180 5
180 91
181 6
181 8
181 111
182 2
182 88
183 5
183 6
183 26
184 0
184 6
184 38
184 93
185 1
185 55
186 0
186 3
186 49
187 70
187 124
188 17
188 107
189 5
190 6
190 8
190 48
190 111
191 2
191 66
192 4
192 152
193 6
193 8
193 111
193 190
194 0
194 7
195 0
195 2
195 5
195 47
195 114
196 4
196 7
196 78
197 1
197 5
197 6
197 7
197 8
197 178
198 1
198 2
198 7
198 9
198 35
198 150
199 0
199 3
199 5
199 7
199 109
200 48
200 60
200 139
201 1
201 4
201 5
202 51
203 0
203 1
203 2
203 4
203 5
203 6
204 167
205 8
205 81
206 3
206 4
206 24
207 0
207 2
207 3
207 4
207 6
207 7
207 8
208 3
208 4
208 14
209 4
209 8
209 179
210 60
210 200
211 113
212 2
212 4
212 6
212 26
212 80
213 2
213 4
213 40
213 152
214 7
215 4
215 152
216 0
216 6
216 8
216 9
217 40
217 152
217 213
218 4
218 6
218 80
218 156
219 3
219 4
219 24
220 4
220 213
221 0
221 1
221 3
221 4
222 6
222 8
223 4
223 5
223 8
223 41
223 177
224 0
224 6
224 13
225 2
225 7
226 7
226 9
226 113
227 0
227 1
227 6
227 7
227 9
227 76
228 0
228 1
228 3
228 99
229 0
229 51
229 65
230 204
231 4
231 6
231 48
232 1
232 3
232 6
232 24
233 2
233 9
233 19
233 45
234 2
234 7
234 35
234 150
234 198
235 1
235 6
235 130
236 0
236 4
237 4
237 8
237 9
237 35
238 46
239 4
239 6
239 26
239 156
240 2
240 3
241 7
241 87
242 1
242 2
242 3
242 7
242 102
243 66
244 6
245 3
245 62
245 161
246 24
246 153
247 6
247 18
248 6
248 184
249 3
249 97
250 7
250 8
250 76
250 81
251 3
251 6
251 97
252 2
252 3
252 6
252 8
253 0
253 2
253 3
253 4
253 5
254 2
254 4
254 7
254 8
255 0
255 2
255 3
255 4
256 3
256 6
256 7
256 38
257 15
257 18
257 39
258 4
258 5
258 177
259 5
259 6
259 7
259 9
259 178
260 8
260 84
260 91
261 3
261 4
261 24
262 1
262 120
262 133
263 4
263 255
264 0
264 1
264 2
264 151
265 4
266 8
266 41
266 177
267 6
267 7
267 38
268 1
268 228
269 38
269 110
270 0
270 1
270 6
270 7
270 227
271 0
271 1
271 38
272 2
273 0
273 3
274 2
274 5
274 47
275 2
275 5
276 130
277 62
278 1
278 2
279 2
279 125
279 149
280 64
281 0
282 2
282 5
282 140
283 5
283 8
283 26
284 0
284 2
284 3
284 86
285 2
285 5
285 29
286 2
286 51
287 2
287 272
288 4
289 4
289 7
289 78
289 196
290 1
290 3
290 7
290 102
290 242
291 261
292 2
292 7
292 225
293 1
293 3
293 5
293 102
294 63
294 168
295 26
295 60
296 246
297 40
297 213
298 1
298 7
298 40
299 17
299 107
299 127
300 1
300 3
300 4
300 33
301 4
302 0
302 4
302 5
303 5
303 26
303 41
303 177
304 1
304 228
304 268
305 40
305 152
305 213
305 217
306 2
306 7
306 150
306 198
306 234
307 5
307 178
308 3
308 7
308 14
308 78
309 2
309 4
309 5
309 7
309 8
309 26
310 0
310 1
310 4
310 74
311 2
311 3
311 7
311 9
312 2
312 3
312 253
313 8
313 9
313 35
313 237
314 1
314 6
314 93
314 136
314 169
315 3
315 5
315 6
315 8
315 121
316 26
316 84
317 8
317 48
317 179
318 0
318 1
318 6
318 8
318 76
319 0
319 4
319 5
319 302
320 5
320 8
320 82
321 7
321 9
321 113
321 226
322 22
323 0
323 3
324 51
324 142
325 0
325 3
325 5
325 7
325 109
326 12
326 53
327 4
327 63
327 168
328 0
328 1
328 2
328 4
328 6
328 203
329 0
329 281
330 1
330 6
330 7
330 87
331 2
331 4
331 5
331 6
331 7
331 26
332 2
332 5
332 29
333 2
333 22
333 50
334 0
334 1
334 3
334 5
334 6
334 27
335 1
335 3
335 30
335 67
336 0
336 1
336 6
336 76
337 2
337 3
337 4
337 5
337 57
338 4
338 6
338 17
339 7
339 242
340 38
341 4
341 288
342 1
342 4
342 33
344 0
344 3
344 5
344 199
345 1
345 3
345 102
346 1
346 4
347 4
347 5
347 8
347 26
347 48
348 3
348 4
348 255
349 1
349 5
349 6
349 121
350 1
350 6
350 136
351 2
351 40
351 152
352 7
352 14
352 78
353 142
354 0
354 9
354 19
355 0
355 2
356 40
356 213
356 217
357 0
357 3
357 4
357 7
357 8
357 207
358 0
358 1
358 2
358 4
358 7
359 7
359 9
359 113
360 4
360 5
360 8
360 48
360 179
361 4
361 5
361 6
361 26
361 48
362 2
362 5
363 6
363 232
364 0
364 5
364 19
364 95
365 3
365 7
365 38
365 69
366 0
366 2
366 3
367 5
368 24
368 219
369 1
369 2
369 5
369 7
369 8
370 60
370 79
370 89
371 1
371 6
371 24
372 7
372 101
372 176
373 2
373 4
373 5
373 57
373 337
374 8
374 26
374 283
375 9
376 9
376 19
376 233
377 8
377 48
377 179
378 1
378 3
379 2
379 278
380 1
380 4
380 112
381 5
381 189
382 3
382 14
382 138
383 6
383 24
383 371
384 4
384 5
384 6
384 26
384 48
385 26
385 60
385 295
386 2
386 88
387 0
387 3
387 70
387 86
388 2
388 8
389 2
389 3
389 4
390 2
390 50
390 129
391 26
391 60
391 385
392 9
392 19
393 35
393 198
394 4
394 14
394 78
394 138
395 1
395 4
395 342
396 0
397 5
397 6
397 8
397 137
398 0
398 7
398 12
398 53
399 2
399 9
399 150
399 198
400 14
400 352
401 4
402 14
402 78
402 90
403 1
403 6
403 76
403 318
404 6
404 8
404 190
405 219
406 5
406 19
406 58
407 174
408 6
408 111
408 181
409 19
409 42
410 0
410 3
410 6
410 7
410 8
410 207
411 0
411 2
411 3
411 70
411 86
412 1
412 93
412 136
412 169
412 314
413 2
413 102
414 22
414 50
414 333
415 24
415 246
416 0
416 3
416 186
417 2
417 5
417 7
417 8
417 26
418 2
418 9
418 22
418 50
419 2
419 3
419 5
419 6
419 8
419 9
419 137
420 0
420 7
420 76
421 4
421 24
421 261
422 3
422 5
422 27
423 0
423 1
423 76
424 0
424 4
424 302
425 0
426 1
426 3
426 121
427 0
427 6
427 99
428 0
428 186
428 416
429 4
429 5
429 6
429 26
429 48
430 3
430 5
430 422
431 62
431 277
432 0
432 4
432 302
432 319
433 48
433 60
433 200
435 14
435 138
435 382
436 1
436 7
437 1
437 4
437 342
438 277
438 431
439 19
439 409
440 4
440 5
440 179
440 360
441 1
441 157
442 3
442 7
442 69
442 365
443 0
443 1
443 310
444 51
444 142
445 3
445 161
445 245
446 0
446 2
446 4
446 6
446 7
446 8
447 6
447 26
448 302
448 319
449 7
449 69
449 365
450 0
450 1
451 0
451 3
451 70
452 2
452 102
452 413
453 0
453 1
453 3
453 5
454 1
454 318
454 403
455 9
455 127
456 0
456 5
456 7
456 8
456 82
457 60
457 139
458 6
458 93
458 169
458 314
459 0
459 7
459 53
459 398
460 200
460 433
461 3
463 28
464 6
465 1
465 3
465 30
466 0
466 1
466 318
467 4
467 8
467 179
468 4
468 6
468 24
469 5
469 100
470 1
470 2
470 3
470 5
470 66
470 159
471 3
471 345
472 6
472 143
473 5
473 6
473 7
473 8
473 197
475 5
475 6
475 8
475 26
475 41
476 78
477 9
477 19
477 376
478 12
478 105
479 3
479 6
479 9
479 17
480 8
480 9
481 2
481 8
481 252
482 3
482 5
482 6
482 8
482 121
483 22
483 43
484 0
484 7
485 0
485 2
485 4
486 7
486 138
487 70
487 451
488 1
488 2
488 3
488 102
488 242
489 78
489 90
490 25
491 5
491 440
492 5
492 8
492 347
493 459
494 175
495 237
495 313
496 0
496 2
496 4
496 5
496 203
497 1
497 130
497 235
498 4
498 319
499 3
499 6
499 9
499 17
500 140
501 102
502 4
502 80
502 156
503 97
503 249
504 4
504 196
505 50
505 333
506 349
507 302
507 319
507 432
508 2
508 129
509 26
509 60
510 4
510 8
510 179
510 360
511 0
511 7
511 194
512 5
512 406
513 84
513 260
514 26
514 60
514 295
515 0
515 38
515 110
515 145
516 1
517 4
517 6
517 48
517 231
518 5
518 6
518 8
518 26
518 48
519 2
519 6
519 7
519 26
519 331
520 26
520 514
522 0
522 6
523 2
523 70
523 124
524 2
524 163
525 5
525 26
525 41
525 475
526 348
527 0
527 4
527 253
528 91
528 180
529 388
530 7
531 5
532 176
533 4
533 196
534 4
534 7
534 12
534 23
535 1
535 3
536 5
536 8
536 360
537 3
537 147
538 6
538 7
538 9
539 1
539 6
539 8
540 0
540 3
540 27
540 31
541 7
541 26
541 331
542 433
542 460
543 30
543 67
544 142
544 444
545 26
545 60
545 295
545 514
547 1
547 235
548 66
549 99
550 3
550 537
551 4
551 9
551 17
553 149
554 4
555 3
555 4
555 6
556 0
556 2
556 4
556 5
556 6
557 1
557 6
557 8
557 94
558 6
559 0
559 1
559 5
559 8
559 9
560 60
560 295
561 6
561 136
561 169
562 2
562 125
563 6
563 8
563 111
564 4
564 424
565 0
565 5
565 19
565 95
566 8
566 222
567 0
567 4
567 7
567 12
568 6
568 7
568 38
568 69
569 7
569 484
570 3
570 6
570 38
570 69
571 2
572 2
572 152
572 351
573 1
573 4
573 78
573 117
574 124
575 0
575 34
576 5
576 8
576 26
576 48
576 518
577 0
577 38
577 97
578 70
578 119
579 51
579 142
580 105
580 478
581 7
581 436
582 1
582 3
582 4
582 7
583 8
583 539
584 9
584 137
585 0
585 70
586 97
587 7
587 9
587 198
588 105
589 48
589 60
589 79
590 1
590 33
590 342
591 78
591 402
592 0
592 1
592 130
593 40
594 6
594 15
594 18
595 2
595 7
595 198
595 306
597 26
597 60
597 295
598 3
598 30
598 67
598 335
599 8
599 347
600 70
600 119
601 7
601 569
602 8
602 81
603 3
603 14
604 7
604 8
604 81
605 0
605 1
605 4
605 30
606 14
606 78
606 352
607 5
607 7
607 197
607 473
608 6
608 107
609 1
609 4
610 2
610 306
610 595
611 17
611 107
611 188
612 0
612 6
612 38
612 93
613 0
613 5
613 199
613 344
614 66
615 48
615 139
615 200
616 2
616 5
616 114
617 8
617 81
617 602
618 6
618 26
618 80
619 0
619 3
619 6
620 0
620 7
621 105
622 0
622 9
622 22
623 1
623 7
623 436
624 2
624 198
624 234
625 4
625 213
626 3
626 5
626 8
626 137
627 5
627 8
628 26
628 514
629 107
629 608
630 3
630 4
630 6
630 7
630 8
630 17
631 2
631 19
631 22
632 0
632 6
632 8
632 318
633 0
633 3
633 7
633 207
634 38
634 110
634 145
634 515
635 3
635 37
636 26
636 155
637 0
638 0
638 38
639 1
639 330
640 4
640 7
641 9
641 22
641 622
642 70
642 86
643 26
643 295
644 22
644 50
644 333
645 0
645 38
645 110
645 145
646 0
646 5
646 19
646 95
647 178
647 307
648 13
648 15
648 25
648 64
649 0
649 4
649 5
649 74
650 125
650 562
651 3
651 161
652 1
652 93
652 169
652 314
652 412
653 113
654 3
654 8
654 94
655 0
655 1
655 3
655 4
655 5
656 59
657 2
658 1
658 7
658 9
658 35
659 6
659 26
660 3
660 5
660 8
660 137
661 3
661 30
662 4
662 26
662 48
662 361
663 1
663 7
663 150
663 198
664 6
664 8
664 48
664 190
665 2
665 5
665 7
665 140
666 1
666 330
667 3
667 13
668 6
669 1
669 3
669 4
669 14
670 0
670 19
670 42
671 3
671 70
672 40
672 152
673 3
673 4
673 7
673 9
673 17
674 4
674 6
675 409
676 302
676 319
676 432
676 507
677 97
677 249
677 503
678 0
678 8
678 632
679 2
679 7
679 198
679 306
679 595
680 0
680 3
680 411
681 1
681 93
681 136
681 169
682 4
682 5
682 177
682 223
683 25
683 64
683 648
684 1
684 6
684 27
684 334
685 8
685 26
685 576
686 6
686 8
686 48
686 664
687 1
687 87
688 0
688 82
688 456
689 4
689 6
689 24
690 23
690 108
691 122
692 6
692 429
693 0
693 281
693 329
694 4
694 5
694 179
695 6
695 8
695 111
695 190
695 193
696 0
696 4
696 5
697 8
697 81
697 602
697 617
698 0
698 2
698 9
699 3
699 4
699 206
700 7
700 234
701 5
701 8
701 26
701 518
701 576
702 115
703 331
704 1
704 6
704 130
705 194
706 569
707 119
707 578
708 4
708 5
708 6
708 556
709 5
710 2
710 6
710 7
710 519
711 142
711 444
711 544
712 119
712 600
713 7
713 8
713 9
713 76
713 81
714 4
715 0
715 6
715 7
715 8
715 9
715 76
716 82
716 456
716 688
717 8
717 26
717 576
717 685
718 26
719 0
719 2
719 5
719 9
720 6
720 9
721 4
721 74
721 310
722 14
722 78
722 90
722 402
723 0
723 6
723 612
724 0
724 2
724 4
724 6
724 556
725 1
725 120
725 133
725 262
726 6
726 24
726 371
726 383
727 2
727 166
728 1
728 3
728 4
728 112
729 1
729 2
729 4
729 5
730 194
730 511
731 198
731 393
732 2
732 70
732 411
733 4
733 401
734 5
734 556
735 1
735 5
735 66
735 470
736 2
736 102
736 488
737 9
737 321
738 4
738 7
738 12
738 23
739 318
739 403
740 0
740 2
740 7
740 8
741 1
741 6
742 9
742 198
742 399
743 9
743 737
744 0
744 2
744 4
744 203
746 1
746 3
746 4
746 71
747 0
747 1
747 3
747 99
748 307
748 647
749 2
749 5
750 119
750 600
750 712
751 2
751 7
751 331
752 295
752 545
753 1
753 78
753 90
754 1
754 7
754 197
755 0
755 4
755 302
755 319
756 4
756 5
756 694
757 5
757 140
758 4
758 152
759 6
759 190
759 193
759 695
760 97
760 249
760 503
761 48
761 60
762 2
762 3
762 5
762 6
762 419
763 7
763 8
763 9
763 76
763 713
764 0
764 6
764 8
764 410
765 81
766 70
766 671
767 8
767 35
767 237
767 313
768 37
768 635
769 2
769 7
769 8
769 28
770 393
770 731
771 1
771 2
771 278
773 1
773 7
773 623
774 9
774 19
774 354
775 6
775 8
775 404
776 95
777 6
777 7
777 8
777 178
777 197
778 4
778 5
778 48
779 2
779 66
779 159
780 4
780 26
780 48
780 662
781 13
781 25
781 64
782 4
782 5
782 302
783 5
783 475
783 525
784 2
784 7
784 9
784 35
785 4
785 5
785 655
786 435
787 78
787 90
788 48
788 139
788 200
788 615
789 2
789 7
789 198
789 595
790 1
790 130
791 4
791 63
791 168
791 327
792 8
792 347
792 599
793 1
793 5
793 6
793 27
794 5
794 41
794 177
794 303
795 1
795 4
795 8
795 14
796 0
796 2
796 203
797 0
797 4
797 5
797 649
798 3
798 137
799 110
799 145
799 645
800 142
800 444
800 544
801 3
801 4
801 6
801 7
802 66
802 548
803 1
803 4
803 9
803 35
804 114
804 616
805 697
806 1
807 17
807 127
807 299
808 26
808 509
809 110
809 145
810 138
811 6
811 8
811 48
811 686
812 93
812 169
812 681
813 3
814 545
815 60
815 89
816 246
816 415
817 1
817 5
817 6
817 793
818 97
818 249
818 503
818 677
819 4
819 573
820 4
820 80
820 156
820 502
821 5
821 303
822 0
822 1
823 37
823 635
824 78
824 90
825 60
825 385
825 391
826 4
826 694
827 4
827 5
827 41
827 177
828 1
828 6
828 93
828 136
828 169
829 2
829 7
829 198
829 306
829 595
830 1
830 2
830 6
830 7
830 102
831 1
831 7
831 14
831 78
832 0
832 194
833 5
833 26
833 283
834 4
834 7
834 26
834 28
835 4
835 5
835 440
836 1
837 4
837 33
837 300
838 7
838 8
838 81
839 0
839 3
839 273
840 3
840 206
840 699
841 2
841 5
842 0
842 1
842 3
842 6
842 7
842 38
843 237
843 313
843 495
844 7
844 35
844 784
845 76
845 713
846 0
846 2
846 6
847 0
847 2
847 3
847 4
847 255
848 93
848 812
849 1
849 450
850 1
850 330
850 666
851 0
851 2
851 6
852 3
852 7
852 38
852 365
853 1
853 14
854 3
854 25
855 410
855 764
856 2
856 5
856 6
856 103
857 152
857 351
857 572
858 0
858 3
858 4
859 2
859 163
860 0
861 0
861 3
861 186
862 1
862 6
862 9
863 1
863 7
863 658
864 249
864 503
865 468
866 1
866 4
866 33
866 342
867 128
868 14
869 3
869 451
870 6
870 828
871 2
871 847
872 19
872 406
873 179
874 0
874 38
874 110
874 145
875 5
875 6
875 41
876 7
876 23
877 60
877 385
877 391
878 0
878 1
878 2
878 3
878 4
878 7
879 138
879 154
880 6
880 7
880 256
881 3
881 37
882 0
882 4
882 7
883 6
883 130
884 2
884 22
884 50
884 333
885 0
885 1
885 2
885 4
885 6
885 203
885 328
886 4
886 9
887 677
888 5
888 682
889 19
889 58
890 1
890 228
890 268
891 1
891 66
891 470
891 735
892 9
892 321
893 3
893 255
894 7
894 234
894 306
895 2
895 3
895 5
895 6
895 8
895 419
896 5
896 6
896 9
896 137
896 419
897 4
897 5
897 6
897 8
898 1
898 33
898 342
899 179
900 393
900 731
900 770
901 7
901 234
901 306
902 19
902 42
903 246
903 296
904 3
904 5
904 325
905 6
905 136
905 350
906 287
907 3
907 4
908 14
908 138
909 4
909 78
909 196
910 0
910 1
910 130
910 592
911 1
911 3
911 14
912 794
913 4
913 9
913 35
913 237
914 7
914 484
914 569
915 0
915 1
915 2
915 3
915 5
916 194
917 5
917 109
918 246
918 296
919 8
919 81
919 602
920 0
920 319
921 9
921 22
921 50
921 418
922 9
922 127
922 455
923 3
923 38
923 852
924 677
924 887
925 1
925 136
926 0
926 3
926 255
927 26
927 576
927 685
927 717
928 2
928 3
929 0
929 3
929 273
929 839
930 5
930 782
931 6
931 13
931 15
931 25
931 64
932 2
932 5
932 282
933 0
933 19
933 42
934 4
934 108
935 4
935 6
935 7
935 10
936 1
936 9
936 35
936 803
938 0
938 2
938 4
938 7
939 0
939 318
939 632
940 2
940 27
940 31
941 0
941 38
941 110
941 145
942 19
942 58
943 53
943 459
944 0
944 5
944 19
944 95
944 565
945 25
945 64
945 781
946 76
946 713
946 845
947 5
947 41
947 875
948 499
949 0
949 926
950 1
950 2
950 5
950 6
950 7
950 8
950 9
951 6
951 136
951 169
951 314
952 0
952 145
952 874
953 1
953 5
953 817
954 5
954 6
955 3
955 7
955 242
955 290
956 6
956 76
956 227
957 0
957 1
957 3
958 1
958 639
959 3
959 4
960 2
961 88
962 0
962 51
962 65
962 229
963 1
963 822
964 409
964 675
965 14
965 138
965 435
966 0
966 1
966 227
966 270
967 111
967 181
968 0
968 38
968 97
969 1
969 4
969 33
971 12
972 7
972 196
973 4
973 6
973 8
973 207
974 33
974 37
974 118
975 119
975 578
976 3
976 5
976 66
976 159
976 470
977 0
977 319
977 432
978 9
978 803
978 936
979 9
979 127
979 922
980 302
980 319
980 507
981 13
981 144
982 0
982 27
982 31
983 4
983 8
983 179
983 467
984 3
984 8
984 419
984 895
985 2
985 6
985 7
985 8
985 446
986 200
986 433
986 460
987 2
987 3
987 4
987 57
988 4
988 5
988 7
989 3
989 7
989 62
990 255
991 0
991 4
991 485
992 4
992 5
992 26
992 155
993 50
993 644
995 5
995 8
995 121
996 754
997 120
997 133
997 262
998 3
998 25
998 854
999 0
999 7
999 76
999 227
