1 0
2 0
2 1
3 0
3 1
3 2
4 0
4 1
4 2
4 3
5 0
5 1
5 2
5 3
5 4
6 0
6 1
6 2
6 3
6 4
6 5
7 0
7 1
7 2
7 3
7 4
7 5
7 6
8 0
8 1
8 2
8 3
8 4
8 5
8 6
8 7
9 0
9 1
9 2
9 3
9 4
9 5
9 6
9 7
9 8
10 1
10 2
11 1
11 2
13 0
13 1
13 6
14 2
15 2
15 6
15 7
16 6
17 3
17 9
18 7
18 8
19 4
20 1
21 7
22 6
22 16
23 7
23 18
24 2
25 3
27 2
27 24
28 6
30 3
30 4
32 1
32 2
34 6
34 16
35 0
35 1
35 4
35 7
36 3
37 7
38 4
38 5
40 2
41 0
41 1
42 3
43 3
43 5
44 1
45 0
45 2
46 0
46 2
46 4
46 6
47 5
49 1
50 4
52 1
53 2
54 2
55 5
55 43
56 6
56 46
57 2
58 5
59 2
60 4
61 28
62 6
63 4
63 6
63 7
64 7
65 1
65 4
66 3
67 0
69 2
71 4
72 1
73 2
73 4
74 2
75 3
76 1
78 41
79 3
79 4
80 2
82 5
82 7
82 8
83 46
84 41
85 1
88 5
89 1
89 4
90 1
90 4
91 3
92 6
92 7
93 3
94 6
94 16
96 2
97 24
98 3
99 2
100 9
101 0
102 3
102 5
103 2
103 5
103 6
106 2
107 2
108 2
108 6
111 24
112 0
113 2
114 3
115 7
115 63
116 2
117 2
118 1
119 6
119 22
120 6
121 4
121 5
121 8
123 4
123 6
124 46
125 8
126 3
126 6
127 5
128 0
128 1
129 8
130 0
130 112
131 0
132 7
133 4
135 1
135 2
136 5
137 0
138 1
139 1
141 3
141 7
142 1
142 2
142 7
143 6
143 13
145 3
146 1
146 2
149 7
151 4
151 6
152 2
152 46
153 4
154 2
154 7
154 8
155 0
156 6
157 0
157 6
157 7
158 7
158 132
159 6
160 0
161 2
162 6
162 120
163 3
164 130
166 6
166 16
167 2
167 7
168 4
169 6
170 3
170 4
171 0
172 4
172 8
173 3
173 7
174 1
176 0
176 1
176 4
176 8
178 1
179 0
180 2
180 3
181 43
182 7
182 173
184 28
185 3
186 2
187 2
188 130
189 1
190 7
191 46
192 6
192 34
193 0
194 3
195 3
196 112
197 0
197 6
197 8
197 9
198 8
199 7
199 82
201 5
204 43
205 4
206 9
210 0
210 7
212 4
212 65
213 7
215 4
216 3
217 1
217 142
221 0
221 2
222 46
223 22
225 3
226 7
227 6
228 63
229 8
230 3
231 22
234 1
234 178
235 5
235 38
236 0
236 4
239 43
240 0
240 112
241 1
244 9
244 100
246 0
246 6
246 9
247 34
247 192
249 2
249 7
250 0
250 45
251 6
252 112
254 41
255 249
256 3
257 6
258 4
259 16
259 166
262 2
262 4
263 7
264 1
264 52
265 2
265 3
268 6
270 0
271 7
271 8
273 2
274 2
275 24
276 5
276 7
277 0
277 9
279 1
280 7
281 0
281 9
283 6
284 7
285 0
285 112
286 3
286 5
287 3
288 6
288 16
289 3
291 2
293 4
295 3
296 1
297 2
297 6
297 103
298 4
299 1
300 1
300 4
300 7
301 4
301 63
305 8
308 2
309 4
310 7
311 1
313 2
314 3
316 7
317 1
318 1
319 3
320 0
321 5
322 8
323 6
324 4
326 0
327 7
328 1
329 0
330 0
331 4
332 0
332 5
333 6
335 0
338 6
339 3
339 79
340 6
341 0
342 6
342 94
343 1
343 6
344 16
345 7
346 132
347 2
348 4
352 3
353 2
354 46
355 3
356 46
357 9
358 8
359 6
360 3
363 4
363 6
363 7
364 6
364 16
366 1
367 5
368 2
369 2
371 28
372 1
373 0
373 4
373 7
374 3
376 1
377 3
378 8
380 3
381 7
382 4
383 4
383 6
384 132
385 7
386 7
387 16
388 130
389 4
389 7
391 7
392 6
393 2
394 5
395 52
396 393
397 2
398 2
399 1
400 1
401 0
402 3
403 4
404 46
406 43
407 166
408 2
410 2
413 112
415 7
416 132
417 0
418 8
419 1
420 0
422 2
422 274
423 2
424 3
424 7
425 1
426 7
426 149
427 0
430 0
432 6
433 6
434 4
436 1
437 7
438 82
439 4
441 0
442 2
443 0
444 7
444 15
445 2
446 112
447 46
448 2
450 3
451 4
452 3
453 5
453 8
455 0
456 7
457 1
458 1
459 2
460 1
461 2
462 0
462 332
464 0
464 1
465 2
466 1
466 2
466 10
467 6
468 94
469 4
470 2
471 6
474 7
475 90
476 5
477 2
479 3
479 5
479 286
480 0
482 7
483 0
483 3
485 4
486 4
489 1
491 8
491 322
492 5
494 1
496 46
496 356
497 206
499 7
500 65
502 2
502 46
503 1
503 366
504 2
505 46
508 0
508 4
509 6
511 1
511 6
511 7
513 4
514 132
517 7
518 6
519 0
520 3
521 8
522 52
524 1
525 7
526 5
527 0
528 195
529 6
531 1
536 9
536 277
537 4
538 46
539 46
541 9
543 6
543 7
544 4
545 3
546 1
547 1
549 0
550 0
551 34
553 1
554 15
555 34
557 2
559 43
560 2
561 2
562 0
563 0
563 1
565 7
565 142
566 3
567 43
568 6
569 5
570 1
571 4
571 486
572 2
573 142
575 1
577 6
579 2
583 2
585 4
587 6
587 162
588 5
589 6
590 0
591 46
592 9
593 1
593 6
594 6
595 7
595 63
597 6
598 6
599 4
599 5
600 1
602 1
603 9
604 5
605 3
606 3
607 7
608 378
609 2
610 1
610 2
611 0
614 1
616 4
616 262
617 6
618 6
619 4
620 2
621 5
622 1
623 3
624 41
625 2
626 22
627 0
627 9
628 2
630 1
631 4
632 46
633 2
634 2
635 4
636 4
636 63
637 0
637 2
638 4
639 4
640 1
640 4
641 7
642 589
643 3
644 3
645 5
646 2
647 8
648 0
649 2
650 100
651 1
652 9
654 0
656 0
657 0
662 6
664 2
665 3
665 5
665 6
666 1
667 1
667 11
668 34
669 1
671 8
672 4
673 1
674 2
675 4
676 0
676 45
677 4
678 1
678 4
679 0
681 9
681 277
682 4
682 6
683 4
683 5
685 2
685 3
687 1
688 0
689 142
690 7
693 8
694 18
695 46
697 7
698 4
699 112
700 34
701 2
702 8
703 1
704 4
706 198
708 1
709 0
712 0
713 63
714 7
714 157
715 112
716 4
717 8
718 6
719 7
720 8
721 16
722 3
723 2
725 2
727 277
728 1
729 34
729 555
730 6
731 3
733 366
734 6
734 718
735 9
736 6
737 9
738 2
740 16
742 5
744 1
745 4
748 3
749 7
750 0
751 43
754 3
755 597
756 0
757 1
758 5
759 2
761 3
761 5
762 8
763 6
764 4
765 401
766 9
767 65
767 500
768 2
768 4
770 1
772 2
773 4
774 4
774 262
775 1
775 11
777 1
780 8
781 65
782 1
783 3
785 0
786 6
786 268
787 18
787 694
788 5
789 0
790 3
791 5
792 130
793 0
794 130
795 34
795 555
796 6
797 7
799 764
800 1
801 4
804 3
804 5
804 6
805 63
807 0
811 8
812 1
815 6
816 6
817 4
818 1
819 1
819 2
822 2
823 6
823 597
824 65
826 2
826 4
827 5
827 38
828 43
829 4
831 2
831 167
832 7
833 7
834 4
835 1
836 5
837 0
837 45
837 676
838 8
839 5
840 4
841 3
842 2
843 1
844 4
846 149
847 38
849 3
850 46
850 404
851 1
853 0
853 329
854 1
855 2
857 6
858 2
860 9
861 55
863 1
863 593
865 7
866 378
867 5
868 3
869 7
869 82
873 5
874 0
876 7
877 130
878 0
879 1
880 1
881 166
881 407
882 5
885 518
886 322
887 7
889 162
890 1
891 112
892 2
895 7
896 4
896 5
897 6
898 2
898 4
899 7
900 132
901 1
901 2
901 4
902 5
902 6
902 7
903 4
904 2
905 2
906 7
908 2
908 461
909 1
910 0
912 1
912 4
912 678
913 703
914 2
915 0
916 2
918 6
919 63
921 79
922 1
924 2
924 5
925 8
926 4
927 16
929 5
931 694
934 9
935 7
938 2
939 5
939 492
942 43
943 4
944 1
944 757
945 492
947 2
949 4
949 123
950 195
952 3
953 2
954 1
955 0
957 4
958 0
959 7
960 0
962 3
963 4
963 123
966 4
969 244
970 6
971 0
971 329
974 0
974 430
977 5
978 2
979 149
980 2
981 2
982 2
982 103
983 4
985 6
986 8
988 162
989 46
989 695
990 2
991 5
992 3
993 4
994 6
995 6
995 7
995 157
999 100
