1 0
2 0
2 1
3 0
3 1
3 2
4 0
4 1
4 2
4 3
5 0
5 1
5 2
5 3
5 4
6 0
6 1
6 2
6 3
6 4
6 5
7 0
7 1
7 2
7 3
7 4
7 5
7 6
8 0
8 1
8 2
8 3
8 4
8 5
8 6
8 7
9 0
9 1
9 2
9 3
9 4
9 5
9 6
9 7
9 8
10 0
10 2
11 5
11 9
12 1
12 6
13 5
13 9
13 11
14 4
14 5
14 8
15 4
15 5
16 1
16 4
17 2
17 8
18 1
18 12
19 2
20 0
21 12
21 18
22 0
22 4
22 8
23 12
23 18
24 7
24 9
25 3
25 9
26 0
26 5
27 18
27 21
28 4
29 0
29 5
30 0
30 10
31 12
31 18
32 7
33 9
33 25
34 9
34 11
35 9
35 25
36 2
36 4
37 22
38 9
38 33
39 9
39 38
40 8
40 14
41 9
41 38
42 4
42 5
42 15
44 0
44 1
44 9
45 1
45 12
46 0
46 29
47 3
47 7
48 0
48 2
49 9
50 6
51 0
51 4
52 0
52 1
54 9
54 25
55 9
55 44
56 9
56 49
57 0
57 6
58 23
59 8
59 9
60 8
60 59
61 0
61 20
62 58
63 16
64 7
65 58
65 62
66 5
66 6
67 25
67 33
68 3
68 7
69 6
69 66
70 18
70 21
71 4
71 15
72 22
73 0
73 5
74 2
74 19
75 9
75 44
76 9
76 38
77 12
77 21
78 9
79 61
80 5
80 11
81 33
81 67
83 25
83 35
84 7
84 64
85 1
85 18
86 0
86 5
86 73
87 8
88 5
88 9
89 7
89 9
90 16
90 63
91 9
91 89
92 25
92 33
93 0
93 46
94 8
94 87
96 2
96 36
97 5
97 14
98 0
98 4
98 6
99 4
99 14
100 9
100 55
101 22
101 37
102 33
103 25
104 64
104 84
105 29
105 46
106 74
107 2
107 19
108 8
109 59
110 19
111 4
111 7
112 100
113 0
113 3
114 0
114 10
115 8
115 9
116 0
116 10
117 56
118 2
118 36
119 0
119 3
120 14
120 40
121 25
121 103
122 9
123 6
123 9
124 0
124 2
124 10
125 19
125 107
126 0
126 9
127 9
127 25
127 33
128 44
128 55
129 74
129 106
131 7
131 24
132 3
133 73
133 86
134 5
134 11
136 14
136 97
137 9
137 88
138 29
138 105
139 23
140 2
140 7
141 6
141 69
142 7
142 8
144 1
144 7
145 2
145 5
145 6
146 86
147 21
148 3
148 25
149 46
149 105
150 18
150 21
151 8
151 22
152 5
152 42
153 58
153 62
154 7
154 144
155 0
155 22
156 74
156 129
157 16
157 90
158 0
158 4
158 98
159 3
159 113
160 40
161 0
161 6
162 7
162 32
163 36
163 118
164 118
164 163
165 96
166 1
166 45
167 9
167 75
168 4
168 14
169 86
169 146
170 86
170 146
171 4
172 5
172 73
172 86
173 44
173 128
174 7
174 142
175 9
176 14
176 136
177 129
177 156
178 9
179 25
179 127
180 70
181 2
181 118
182 5
182 88
183 6
183 12
184 4
184 111
185 22
185 37
186 64
186 84
187 12
189 2
190 48
191 22
191 101
192 2
192 19
193 12
193 31
194 4
194 28
195 3
195 113
196 1
196 4
197 17
198 101
199 5
199 6
200 88
200 182
201 9
201 78
202 30
203 32
204 9
204 175
205 44
205 128
206 25
207 14
207 97
208 168
209 8
209 17
210 12
210 18
211 44
212 1
213 172
214 4
214 14
215 62
215 65
216 49
216 56
217 9
217 56
218 25
218 179
219 0
219 61
220 33
220 92
221 0
221 126
222 156
222 177
223 2
224 6
224 66
225 5
225 29
226 37
227 0
227 7
227 8
228 15
228 71
229 0
230 0
231 1
231 3
232 74
232 129
233 111
233 184
234 6
234 7
235 127
235 179
236 4
236 6
237 9
238 4
238 236
239 5
239 13
240 209
241 234
242 1
242 45
243 44
243 211
244 184
245 12
245 210
246 54
247 19
247 125
248 2
248 189
249 4
250 9
250 204
251 8
252 3
253 103
254 182
255 49
256 0
256 3
257 38
257 39
258 8
258 94
259 204
259 250
260 5
261 7
261 47
262 142
263 181
264 5
264 73
264 86
265 7
266 37
266 101
267 8
267 151
268 33
268 38
269 9
269 237
270 129
270 177
271 7
271 142
272 47
273 18
273 150
274 18
274 150
275 133
276 1
277 0
278 25
278 83
279 103
279 253
280 209
281 2
281 6
281 9
282 32
283 189
283 248
284 9
284 123
285 259
286 25
286 206
287 11
287 34
288 1
288 4
289 94
289 258
290 0
291 18
291 70
292 7
292 64
293 12
293 45
294 3
295 12
295 183
296 14
296 207
297 3
297 119
298 9
298 217
299 32
299 162
300 169
301 23
301 139
302 8
302 108
303 49
303 56
304 189
304 283
305 25
305 148
306 111
307 11
307 34
308 3
308 25
309 123
310 12
310 18
311 186
312 151
312 267
313 0
313 229
314 114
316 136
316 176
317 0
317 3
318 30
318 202
319 5
319 172
320 8
320 115
321 1
321 52
322 25
322 218
323 25
323 286
324 8
324 87
325 2
325 17
326 9
326 11
327 181
328 9
328 88
329 136
329 176
330 226
331 58
331 65
332 2
333 235
334 202
336 224
337 4
337 9
338 2
338 3
339 58
339 62
341 7
341 9
342 236
343 25
343 33
344 1
344 242
345 11
345 13
346 2
346 3
347 24
347 131
348 313
349 0
349 277
350 168
350 208
351 9
351 123
352 74
352 156
353 28
354 7
354 47
355 44
356 189
356 283
357 168
358 0
358 46
359 6
360 46
360 358
361 12
361 210
361 245
362 172
362 319
363 65
363 215
364 189
364 356
365 34
365 287
366 23
367 6
367 12
368 0
368 93
369 69
369 141
370 139
370 301
371 9
371 127
372 0
373 5
373 13
374 22
374 37
374 101
375 9
375 56
376 19
376 192
378 244
379 304
380 0
380 161
381 2
381 36
382 4
382 236
383 0
383 1
384 83
384 278
385 98
386 6
386 224
387 9
387 115
388 2
388 74
389 137
390 9
390 326
391 68
392 142
392 262
394 235
394 333
395 1
395 196
396 52
397 223
398 182
399 9
399 24
400 370
401 4
401 22
402 7
402 84
403 84
403 104
404 45
404 166
405 2
405 96
406 146
407 142
408 0
409 4
409 196
410 128
410 173
411 44
411 355
412 44
412 205
413 169
413 300
414 189
414 364
415 24
415 347
416 5
416 86
416 264
417 202
417 334
418 218
418 322
419 125
419 247
420 4
420 99
421 173
422 64
422 84
422 104
423 111
423 233
424 128
425 385
426 274
427 45
427 293
428 9
428 38
429 133
430 236
430 382
431 287
432 136
432 329
433 1
433 166
434 204
434 259
435 83
435 384
436 301
436 370
437 204
438 74
438 388
439 86
439 146
440 44
440 205
441 6
441 183
442 33
442 38
443 7
443 32
443 162
444 12
444 295
445 44
445 355
445 411
446 5
446 225
447 127
447 235
448 2
449 324
450 146
450 169
451 251
452 6
452 359
453 9
453 269
454 247
454 419
455 0
455 408
456 7
456 142
457 44
457 412
458 2
458 5
458 8
458 9
459 2
459 192
460 22
460 401
461 141
462 1
462 433
463 86
463 416
464 5
464 29
465 2
465 325
466 465
467 136
467 329
468 411
469 259
469 285
470 100
470 112
471 11
472 136
472 329
473 0
473 408
474 2
474 36
475 317
476 30
476 318
477 156
478 2
478 8
478 17
479 25
479 323
480 281
481 128
481 424
482 3
482 4
482 7
483 21
483 77
484 0
484 22
485 259
485 285
486 416
486 463
487 49
487 216
488 7
488 142
489 251
489 451
490 235
490 394
491 68
492 44
492 445
493 181
493 263
494 127
494 179
494 235
495 9
495 25
495 35
496 8
497 283
498 262
498 392
499 2
499 459
500 339
501 44
502 18
502 310
503 2
504 4
504 249
505 7
505 402
506 7
506 341
507 36
507 96
508 45
508 242
509 216
510 84
510 422
511 142
512 2
513 25
513 343
514 186
514 311
515 84
515 510
516 2
516 388
517 9
517 390
518 156
518 477
519 0
519 52
520 127
520 447
521 189
521 248
522 217
522 298
523 0
523 10
524 156
524 222
525 70
526 209
526 280
527 92
527 220
528 523
529 101
529 198
530 301
530 436
532 6
532 69
533 205
533 440
534 127
534 235
535 8
535 151
536 28
537 22
537 460
538 263
539 86
539 146
540 515
541 0
541 219
542 203
543 1
544 364
544 414
545 18
545 150
547 0
547 484
548 7
548 265
549 136
549 472
550 49
550 56
551 19
552 190
553 298
554 46
554 149
555 2
555 19
556 136
557 44
557 173
558 278
558 384
559 24
559 347
560 45
560 166
561 25
561 127
562 6
562 145
563 6
563 386
564 66
564 69
565 8
565 59
566 0
566 57
567 284
568 72
569 25
569 121
570 9
570 453
571 234
571 241
572 263
573 263
573 538
574 38
574 76
575 74
575 156
576 12
577 0
577 116
578 301
578 530
579 5
580 34
581 4
581 16
582 22
582 151
583 146
583 450
584 0
584 51
585 4
585 71
586 9
586 11
587 68
587 491
588 459
589 2
589 8
590 131
591 8
591 9
592 2
592 8
593 451
593 489
594 3
594 25
595 156
596 6
596 441
597 12
597 295
598 98
598 385
599 4
599 238
600 156
600 477
601 273
602 66
602 224
603 98
603 385
604 225
604 446
605 543
606 9
606 390
607 9
607 175
608 2
608 118
609 142
609 488
610 10
610 124
611 175
611 204
612 1
612 52
613 2
613 248
614 8
614 565
615 30
615 202
615 318
616 0
616 408
617 579
618 8
619 218
619 322
620 8
620 320
621 8
622 453
623 0
623 230
624 128
624 424
625 382
625 430
626 19
626 107
627 89
628 408
629 202
629 417
630 514
631 2
631 589
632 433
633 127
633 179
633 494
634 235
634 494
635 287
636 526
637 491
637 587
638 206
638 286
640 269
640 453
641 46
641 105
642 9
642 56
643 111
643 306
644 2
644 248
645 5
645 73
646 4
646 14
647 161
647 380
648 1
648 344
649 7
649 142
649 174
650 64
650 186
651 326
652 28
652 194
653 8
654 224
655 44
655 445
655 492
656 166
656 404
657 4
658 291
659 22
659 484
660 181
660 263
661 392
661 498
662 1
662 45
663 6
663 596
664 326
665 118
665 181
666 202
666 318
667 9
667 123
668 10
668 523
669 92
669 527
670 115
670 387
671 216
671 487
672 88
672 137
673 10
673 124
674 9
674 326
675 318
675 476
676 58
676 62
677 487
677 671
678 133
678 275
679 2
679 3
680 310
680 502
681 202
681 666
682 24
682 399
683 115
683 670
684 25
684 92
685 101
685 198
686 5
686 225
687 380
687 647
688 177
688 222
689 2
689 281
690 359
690 452
691 58
691 153
692 179
692 218
693 182
693 254
694 44
695 343
695 513
696 204
696 259
697 8
697 22
698 326
698 674
699 46
699 641
701 69
701 564
702 74
703 334
703 417
704 67
705 84
705 402
706 100
706 470
707 284
707 567
708 137
708 672
709 2
709 478
710 1
710 6
710 8
710 9
711 25
711 495
712 49
712 255
713 399
714 72
714 568
715 4
715 111
716 262
716 392
717 502
717 680
718 0
718 3
718 5
719 4
719 482
720 235
720 490
721 47
721 261
722 7
722 64
722 84
723 146
723 583
724 101
724 266
725 6
725 441
726 45
726 508
727 264
727 416
728 8
729 22
729 191
730 21
730 147
732 0
732 547
733 64
733 104
734 202
734 629
735 190
736 6
736 710
738 241
738 571
739 9
739 428
740 706
741 9
741 586
742 248
742 521
744 1
746 2
746 459
747 0
747 1
747 4
748 318
748 476
749 4
749 71
750 37
750 101
751 3
751 231
752 287
753 118
753 181
754 245
755 46
755 641
756 206
756 286
757 58
757 676
758 14
758 646
759 22
760 424
760 624
761 4
761 194
762 14
763 318
763 748
764 523
764 528
765 223
765 397
767 234
767 241
768 128
768 173
769 1
769 8
770 660
771 146
771 450
772 3
772 594
773 58
773 691
774 478
774 709
775 5
776 9
777 498
777 661
778 453
778 570
779 84
779 722
780 6
781 4
781 599
782 339
782 500
783 0
784 12
784 361
785 146
785 723
786 25
786 148
787 38
787 39
788 86
788 539
789 284
789 707
790 204
790 434
791 22
791 484
791 659
792 155
793 47
793 721
794 5
794 6
795 23
795 58
796 0
796 3
797 127
797 633
798 311
798 514
799 6
799 367
801 152
802 263
802 572
803 234
803 241
804 716
805 318
805 763
806 9
806 33
807 4
807 42
808 58
808 153
809 0
809 161
810 159
811 146
811 583
812 106
812 129
813 275
813 678
814 25
814 33
815 690
816 22
816 759
817 7
817 506
818 726
819 484
819 791
820 19
820 107
821 196
821 409
822 202
822 666
823 179
823 218
824 659
824 791
825 678
826 14
826 136
827 3
827 159
828 2
829 217
829 522
830 168
831 251
832 1
832 747
833 46
833 105
834 301
835 2
835 118
835 181
836 74
836 156
837 42
837 152
838 152
838 801
839 382
839 625
840 101
841 86
841 539
841 788
842 9
842 591
843 596
843 663
844 274
844 426
845 4
845 249
846 6
846 359
847 12
847 293
848 112
848 470
849 295
850 574
851 392
851 661
852 0
852 10
852 114
853 33
853 814
854 791
854 819
855 523
855 764
856 2
856 644
857 9
857 517
858 806
859 84
859 705
860 470
860 848
861 146
862 173
862 557
864 106
864 812
865 4
865 184
868 25
868 67
869 25
869 103
870 539
870 788
871 2
872 14
873 49
873 216
874 701
875 7
875 8
876 217
876 522
877 716
877 804
879 46
879 149
880 65
881 442
882 2
882 856
883 9
883 351
884 127
884 447
885 71
885 228
886 89
886 627
887 87
887 94
888 142
888 511
889 18
889 21
890 224
890 602
891 3
891 827
892 8
892 40
893 74
893 129
894 136
894 556
895 142
895 174
896 156
897 0
897 8
898 34
898 580
899 42
899 152
900 127
900 371
901 4
901 71
901 749
902 259
903 65
903 880
904 9
904 38
904 76
905 42
906 515
906 540
907 74
907 106
908 4
908 719
909 73
909 133
910 173
911 59
911 565
912 9
912 13
913 450
913 583
914 46
914 360
915 2
915 448
916 281
916 689
917 58
917 795
918 16
918 90
919 9
920 118
920 665
921 9
921 919
922 0
922 5
922 26
923 408
923 628
924 0
924 219
925 7
925 144
927 151
927 582
928 68
928 587
929 168
929 350
930 1
930 5
931 19
931 74
932 9
932 49
933 8
933 728
934 351
934 883
935 463
935 486
936 5
936 26
937 324
938 234
939 370
939 436
940 477
941 283
941 497
942 265
942 548
943 159
943 810
944 236
944 430
945 128
945 205
946 159
947 58
947 153
948 156
948 352
949 142
949 888
950 419
950 454
951 890
952 25
952 148
952 305
953 223
954 25
954 479
955 0
955 796
956 9
956 250
957 438
958 442
958 881
959 44
959 412
960 168
961 496
962 12
962 293
964 216
965 47
965 261
966 176
966 316
967 39
967 257
968 9
968 100
969 9
969 371
970 620
971 490
971 720
972 810
972 943
973 123
973 284
974 25
974 711
975 1
975 6
975 710
976 15
977 2
977 192
978 7
978 140
979 0
979 783
980 210
980 245
981 159
981 827
983 174
984 202
984 318
985 358
985 360
986 19
986 376
987 316
987 966
988 472
989 7
989 9
990 0
990 61
991 14
991 758
992 12
992 295
993 259
993 696
994 4
995 322
996 5
996 6
996 7
997 7
997 144
997 925
998 478
998 709
999 46
999 358
