1 0
2 0
2 1
3 0
3 1
3 2
4 0
4 1
4 2
4 3
5 0
5 1
5 2
5 3
5 4
6 0
6 1
6 2
6 3
6 4
6 5
7 0
7 1
7 2
7 3
7 4
7 5
7 6
8 0
8 1
8 2
8 3
8 4
8 5
8 6
8 7
9 0
9 1
9 2
9 3
9 4
9 5
9 6
9 7
9 8
10 1
10 2
10 3
11 0
11 1
11 3
11 4
11 5
11 6
12 1
12 2
12 5
12 6
13 0
13 5
13 6
14 2
14 4
14 7
15 0
15 2
15 3
15 6
16 4
17 0
17 2
18 0
19 0
19 6
20 0
20 1
20 2
21 5
21 6
21 13
22 0
22 1
22 20
24 0
25 2
26 1
26 2
26 6
27 6
28 0
28 1
28 2
28 3
28 4
29 0
29 4
29 5
29 6
30 6
30 21
31 0
31 1
31 2
31 4
32 6
33 0
33 1
33 5
33 6
34 1
34 4
34 5
34 6
34 7
35 1
36 3
37 0
37 1
37 2
37 3
37 5
38 0
39 0
39 1
39 2
39 6
40 1
40 3
40 4
40 5
40 6
42 0
42 6
43 2
43 6
43 7
45 1
45 5
45 6
46 0
46 1
47 0
47 1
47 3
47 5
47 6
48 0
49 6
50 1
50 3
50 4
50 6
51 5
52 1
52 4
52 5
53 0
53 22
54 2
54 3
55 1
55 4
55 5
55 6
56 3
56 7
57 2
57 3
57 6
57 15
58 0
58 1
58 2
59 0
60 0
61 2
61 7
62 1
62 2
62 4
63 2
63 3
64 0
64 3
64 4
64 5
64 6
65 0
66 1
66 6
66 45
67 1
67 4
67 5
67 6
68 0
68 3
68 5
68 6
69 0
69 1
69 3
69 6
70 4
70 5
70 11
71 3
71 6
71 7
71 8
72 2
73 2
73 3
75 0
75 4
75 5
76 3
76 6
77 4
77 5
78 0
78 22
78 53
79 6
80 32
81 3
81 54
82 4
82 5
83 0
83 4
83 5
84 5
85 2
86 22
87 2
87 4
88 3
89 0
89 1
89 3
89 69
90 0
90 1
90 2
90 4
90 8
91 1
91 2
91 5
91 6
92 22
93 1
93 2
93 6
94 1
94 3
94 6
95 2
96 0
96 1
96 3
96 4
96 6
96 7
97 3
98 0
98 2
99 1
99 2
100 0
100 1
100 3
100 69
101 1
101 5
102 0
102 3
102 6
103 6
103 33
104 4
104 11
105 5
105 6
106 0
109 1
109 66
110 0
110 3
110 15
111 3
111 4
111 5
111 6
111 7
113 0
113 1
113 3
113 5
113 6
114 7
115 5
116 3
116 4
116 6
117 0
117 1
117 2
118 0
118 4
118 5
118 6
118 64
119 1
119 6
120 5
122 4
123 3
123 6
123 7
123 111
124 1
124 6
124 39
125 0
125 2
125 3
125 6
125 8
126 6
127 0
127 1
127 5
127 6
127 33
128 22
129 0
129 1
131 1
132 1
132 2
133 6
134 0
134 1
134 3
134 4
134 6
135 3
135 5
135 6
135 64
136 1
136 4
136 5
136 6
137 4
137 34
138 4
138 5
138 6
138 55
139 0
139 4
139 6
140 0
140 1
140 4
141 1
142 1
143 1
143 39
144 4
145 1
145 6
145 39
147 3
148 0
148 2
149 4
150 6
151 2
151 7
152 6
152 33
153 0
154 0
154 29
155 5
155 136
156 1
156 6
157 0
157 3
157 8
158 0
158 38
159 2
159 6
160 1
160 3
160 5
160 6
161 22
163 5
164 2
164 3
164 6
164 15
164 57
165 7
166 3
166 5
166 6
166 64
167 1
168 13
168 21
169 11
170 0
170 3
171 6
172 6
173 2
174 2
174 4
174 87
175 4
176 1
176 3
176 4
177 1
177 5
177 6
177 33
178 0
178 1
179 4
179 7
180 3
180 5
181 1
181 2
181 12
182 4
183 1
183 6
184 2
184 8
185 4
186 0
187 22
188 1
188 3
188 4
188 6
189 5
190 1
191 2
193 0
194 1
194 2
194 6
195 6
195 47
196 4
196 5
197 0
197 4
197 5
197 6
198 4
198 75
199 0
199 5
200 0
200 1
200 3
201 0
201 2
202 0
203 2
203 6
203 15
204 3
205 102
206 6
206 33
206 152
207 2
208 0
208 1
208 2
209 4
209 5
210 6
210 21
211 1
212 0
212 3
212 4
212 5
212 6
212 64
213 0
213 1
213 69
214 0
214 2
215 1
215 2
215 93
216 186
217 2
218 2
218 3
220 0
220 1
220 2
221 6
222 0
222 3
222 4
222 6
223 0
223 2
224 5
224 64
225 2
225 6
226 0
226 2
227 2
228 29
229 0
230 3
230 89
231 6
231 7
232 0
232 2
233 0
233 3
233 4
233 6
233 64
234 1
235 0
235 69
236 4
236 5
237 5
237 6
237 160
238 0
240 5
240 115
241 0
241 3
242 0
242 2
242 3
243 5
244 0
244 5
245 0
245 2
246 1
246 2
248 2
248 6
249 5
249 6
250 4
250 5
251 3
251 6
251 111
252 2
253 2
253 3
253 6
253 15
254 1
255 0
255 3
256 6
257 2
257 8
258 53
260 1
261 5
261 75
262 0
262 2
263 2
263 208
264 1
265 5
266 6
267 5
267 6
267 55
268 3
269 1
269 39
269 143
270 4
270 5
270 55
271 0
271 6
271 29
272 7
272 165
273 0
273 1
273 3
274 0
274 1
275 0
275 18
276 6
277 1
277 3
277 6
278 0
279 1
279 5
279 55
281 6
281 160
282 4
282 34
283 5
283 6
285 2
285 7
286 115
286 240
287 6
287 15
288 5
288 64
289 0
289 3
289 5
290 4
290 5
291 5
291 6
292 2
292 220
293 0
293 3
294 21
295 6
296 0
296 83
297 2
298 1
300 0
301 0
301 29
302 6
303 5
304 1
304 3
305 2
306 1
306 5
307 39
308 2
308 7
309 2
310 1
310 69
311 0
311 1
312 4
312 6
313 2
314 0
314 1
314 3
314 69
315 4
315 75
316 4
317 0
317 1
317 220
319 6
321 0
321 2
321 3
322 0
322 2
322 201
323 5
323 64
324 1
324 6
325 0
325 2
325 6
327 1
327 3
328 7
329 7
329 111
330 6
330 33
330 152
331 0
332 3
332 5
333 1
333 3
333 5
333 6
334 0
334 117
335 38
336 2
337 0
337 64
338 1
338 6
339 0
339 2
340 1
341 15
342 1
342 246
343 33
344 1
344 4
344 6
345 3
345 5
346 3
346 5
346 7
347 4
347 344
348 6
349 4
350 1
350 3
352 5
352 136
353 3
355 6
356 0
356 5
358 0
358 5
358 6
360 6
361 3
362 0
362 64
363 1
363 183
364 136
365 6
366 5
367 33
368 1
368 3
369 3
370 3
370 6
371 0
371 3
372 0
372 5
373 2
374 0
374 5
375 1
375 2
375 5
376 5
376 7
377 0
377 5
378 3
379 1
379 2
379 6
380 0
381 0
381 1
381 3
381 69
382 2
382 3
383 3
383 4
384 6
385 6
385 33
386 1
387 6
387 7
388 4
388 55
388 270
389 0
389 6
390 1
390 2
391 1
391 2
392 0
392 5
393 3
393 5
393 7
394 6
396 4
396 62
397 4
397 16
398 344
399 3
399 5
399 6
399 7
400 332
401 5
401 6
402 1
402 3
402 6
402 50
403 0
403 5
403 47
404 1
404 3
405 5
405 366
406 3
406 97
407 4
407 6
408 6
410 4
411 0
412 0
412 301
413 3
413 6
413 233
414 6
414 160
415 21
416 0
416 5
417 1
418 1
418 10
419 5
419 6
420 1
420 3
421 2
421 7
422 0
422 2
423 2
424 3
425 6
426 0
426 1
426 3
426 5
426 6
427 2
427 4
428 1
429 3
429 4
429 5
429 64
430 0
430 1
430 3
431 1
431 6
432 1
432 246
432 342
433 5
435 0
435 1
435 3
436 3
436 6
437 89
438 186
439 7
440 0
441 5
442 0
443 0
444 0
445 6
446 2
447 1
447 12
448 62
449 4
449 5
449 138
450 3
450 8
451 165
451 272
453 2
453 6
453 194
454 1
454 3
454 69
455 0
455 3
455 6
456 15
457 1
458 0
458 1
458 2
458 4
459 4
460 0
460 8
461 325
462 1
463 0
463 5
465 4
465 5
465 55
466 4
467 6
468 0
468 6
469 3
469 88
470 0
470 2
471 6
471 15
472 4
473 0
473 2
474 6
474 64
475 339
476 2
476 3
476 218
477 0
477 1
478 0
479 3
480 3
481 341
482 1
482 5
483 2
483 63
484 69
486 4
487 1
488 4
488 5
488 7
489 5
490 1
491 228
492 402
493 420
496 3
496 4
496 5
497 4
497 5
497 6
498 1
498 3
499 2
501 6
502 3
503 7
504 0
504 6
505 1
505 2
506 1
506 4
506 7
507 0
507 2
508 2
509 301
510 6
511 6
511 19
512 1
513 30
514 2
514 3
515 62
516 33
516 152
516 206
517 0
517 5
517 392
518 4
518 5
518 6
518 55
519 165
519 272
521 0
521 2
521 8
521 90
522 3
522 4
523 0
524 0
524 3
524 100
525 4
526 6
527 5
528 8
530 1
530 3
531 1
531 4
532 4
533 420
534 6
535 0
535 3
535 4
535 5
535 6
536 1
537 1
537 5
538 33
539 6
539 171
540 2
540 203
541 2
541 6
542 1
542 6
543 6
543 33
543 152
544 2
544 17
546 1
548 1
548 344
549 3
550 3
551 2
552 5
553 0
553 521
554 0
554 1
555 8
555 90
556 6
557 7
558 6
558 7
559 6
559 15
561 1
562 5
562 52
563 1
563 3
563 304
564 2
565 1
565 2
565 4
565 5
565 6
566 208
567 552
568 8
568 90
568 555
569 6
570 0
570 5
571 1
571 119
573 3
574 6
575 4
575 62
575 396
576 4
577 0
577 6
578 2
578 3
578 382
579 0
579 2
579 6
580 1
580 3
580 454
581 6
581 64
582 3
582 382
582 578
584 339
586 3
586 4
586 5
586 6
586 7
587 1
588 0
589 0
589 15
590 5
590 64
591 1
591 498
592 2
594 0
594 1
595 4
595 55
598 0
598 3
599 6
599 7
600 0
601 0
602 4
602 5
602 7
603 3
603 5
603 6
604 430
605 6
606 2
606 90
607 204
608 1
608 3
609 2
610 5
610 13
612 4
614 0
614 3
614 4
615 1
615 20
616 3
617 3
617 5
617 6
618 4
618 5
620 22
621 2
621 5
621 6
623 3
624 4
625 0
625 3
625 5
625 47
626 339
627 5
627 7
628 29
629 4
630 115
630 240
631 1
631 3
632 4
633 1
633 4
634 0
635 0
637 6
638 6
639 5
639 47
640 3
640 135
641 1
641 3
641 69
641 454
642 1
642 2
643 0
643 6
643 64
643 118
644 0
644 554
645 1
647 1
647 3
648 1
648 311
650 1
650 3
651 0
651 3
652 4
652 7
652 506
653 0
653 1
653 5
654 22
655 1
655 311
656 6
658 34
659 1
659 2
660 1
660 5
660 7
661 1
661 6
662 0
663 0
663 6
664 1
664 3
664 6
665 5
665 366
666 5
667 396
668 6
668 249
669 2
671 1
671 344
672 90
672 555
672 568
673 4
673 5
674 0
675 0
675 5
676 1
678 3
679 6
679 111
679 251
680 3
680 598
681 5
682 1
682 4
684 521
685 232
687 344
689 5
691 1
691 2
692 0
693 0
693 3
693 4
693 5
694 5
695 1
695 2
696 0
697 2
697 3
697 382
700 2
701 1
701 6
701 33
703 3
703 413
704 1
705 3
705 7
706 0
706 3
706 100
707 0
707 3
708 52
708 562
709 6
710 2
710 4
710 427
711 5
712 47
713 6
713 233
714 6
714 171
714 539
715 0
715 6
717 5
718 33
719 3
719 5
719 6
719 113
721 0
722 1
722 3
723 1
723 20
723 22
725 152
726 2
726 3
726 5
727 2
729 6
730 4
730 6
731 6
731 33
731 152
732 311
735 0
735 6
736 4
737 5
737 6
737 603
738 3
738 69
739 0
740 0
741 301
742 4
743 353
744 0
744 634
745 0
745 5
746 344
747 1
747 435
749 64
749 288
750 5
750 55
750 518
751 498
752 5
753 2
753 7
754 6
755 1
755 4
756 90
756 672
758 1
758 3
758 454
759 165
759 272
760 64
761 0
762 0
762 674
763 0
763 6
763 69
764 4
765 22
766 5
769 6
769 49
770 3
770 4
771 2
771 427
772 246
773 5
773 6
774 3
775 385
776 0
776 1
777 5
778 2
779 2
780 0
780 2
780 5
780 37
781 2
782 4
782 6
783 0
783 3
784 0
784 2
784 20
785 5
786 183
787 2
787 3
787 57
788 6
788 222
789 3
789 598
789 680
790 6
790 64
790 166
792 64
792 224
793 2
794 2
794 90
795 2
796 116
798 4
798 5
798 7
799 364
800 1
801 3
803 2
804 0
804 6
805 6
806 39
806 124
807 5
808 183
809 6
809 27
810 0
810 2
811 6
811 15
812 3
812 413
813 3
814 0
814 3
815 1
815 3
815 10
816 1
816 109
817 0
817 5
818 0
818 3
818 4
818 222
819 1
820 5
820 136
821 3
822 2
823 90
824 6
825 6
825 7
825 231
826 6
826 603
827 1
827 458
828 0
829 4
830 6
831 5
832 0
832 3
832 6
832 64
833 1
833 5
833 6
833 11
835 1
835 5
836 8
836 90
836 555
837 0
837 392
838 2
838 208
839 3
840 63
841 1
841 6
842 4
842 344
844 3
845 4
847 220
847 317
848 246
848 342
850 5
850 6
851 1
851 3
852 171
852 539
853 4
854 5
854 6
854 603
855 5
856 5
857 6
858 0
858 3
859 2
859 4
860 1
860 3
860 4
860 28
861 1
862 1
862 6
862 39
863 4
863 5
864 6
864 171
865 3
865 6
866 0
866 1
866 200
867 5
869 0
869 3
869 524
870 6
871 2
871 4
872 2
872 3
873 0
874 0
876 5
877 111
878 0
878 1
878 2
879 1
879 3
879 5
879 6
880 0
881 0
881 64
882 5
882 6
883 4
884 249
885 6
885 47
886 7
887 0
887 1
887 3
887 4
887 5
888 1
888 3
888 6
888 69
889 5
889 6
890 5
891 1
891 3
891 454
892 3
892 5
893 233
893 413
894 479
896 5
897 4
898 0
900 4
901 6
901 33
902 1
903 1
903 69
903 310
904 1
905 0
905 117
905 334
906 5
907 4
907 5
907 64
908 1
908 33
908 177
909 680
910 427
910 710
911 69
912 2
912 15
912 164
913 2
914 0
914 1
914 653
915 1
915 2
916 6
916 15
916 253
917 69
917 235
918 0
920 6
921 3
921 413
922 13
922 21
923 5
923 75
924 0
924 1
924 6
924 7
925 3
926 0
926 15
928 5
928 236
929 6
930 6
930 811
932 6
932 29
933 506
934 5
934 766
935 3
935 4
935 6
935 64
936 4
936 458
937 136
938 1
938 6
939 3
939 869
940 6
940 338
941 1
941 2
941 4
941 5
943 171
944 6
944 55
945 2
945 10
946 3
946 6
946 7
946 96
947 3
948 47
949 0
949 7
950 0
951 6
953 47
953 195
955 7
955 506
956 0
956 3
956 8
957 0
958 0
958 1
958 6
959 2
959 15
960 3
961 5
962 1
962 4
963 0
964 2
964 6
965 231
966 1
966 3
967 1
967 4
967 5
967 887
968 6
969 3
970 6
970 804
971 0
971 1
972 47
973 39
974 5
975 814
976 2
976 4
976 7
977 5
977 366
978 0
979 0
979 2
980 0
981 0
981 4
981 6
982 0
983 1
983 342
984 6
985 211
986 0
986 69
986 213
987 2
988 1
990 5
990 68
991 6
992 3
992 6
993 211
994 2
994 6
995 62
995 515
996 0
996 6
997 2
998 0
998 982
999 672
