1 0
2 0
2 1
3 0
3 1
3 2
4 0
4 1
4 2
4 3
5 0
5 1
5 2
5 3
5 4
6 0
6 1
6 2
6 3
6 4
6 5
7 0
7 1
7 2
7 3
7 4
7 5
7 6
8 0
8 1
8 2
8 3
8 4
8 5
8 6
8 7
9 0
9 1
9 2
9 3
9 4
9 5
9 6
9 7
9 8
10 1
10 3
10 6
11 1
11 2
12 0
12 1
12 3
12 5
12 7
13 4
13 5
13 9
14 1
15 0
15 1
16 1
16 3
16 4
16 5
16 6
16 8
17 0
17 1
17 7
17 12
18 3
18 6
19 13
20 3
20 6
20 7
21 2
21 3
21 6
22 0
22 3
22 5
23 0
23 1
23 3
23 4
23 7
23 9
24 1
24 2
25 6
25 18
26 1
26 14
27 22
28 4
28 7
28 23
29 6
29 8
29 16
30 0
31 3
31 4
31 23
32 5
33 0
33 3
33 4
34 0
34 1
34 7
35 4
36 3
36 5
37 3
37 4
38 3
38 4
38 23
38 31
39 0
39 7
39 17
40 1
40 7
40 34
41 4
41 23
41 31
42 23
43 0
43 1
43 2
44 0
44 3
44 5
44 22
45 1
45 2
45 6
45 7
46 4
47 1
47 4
47 16
48 4
48 35
49 4
49 5
50 1
50 14
50 26
51 6
51 7
52 2
52 3
52 4
52 5
52 6
53 0
53 3
53 22
53 44
54 5
54 32
55 6
56 5
56 44
57 22
57 27
58 28
59 0
59 1
59 34
60 35
60 48
61 0
61 4
61 7
61 9
62 0
62 1
62 3
62 5
64 2
64 5
64 6
64 7
65 5
65 32
65 54
66 3
66 10
67 4
68 3
68 6
69 2
69 24
70 0
70 2
70 6
70 8
71 2
71 7
72 4
72 23
72 31
73 1
73 6
74 4
74 5
74 6
75 3
75 6
75 68
76 6
76 25
77 0
77 1
77 2
77 4
78 7
78 45
79 3
79 7
79 9
79 23
80 0
80 4
81 4
81 9
82 4
82 13
83 0
83 5
83 44
84 6
84 55
85 4
85 61
86 1
86 59
87 56
88 4
88 7
88 28
89 2
89 5
89 52
90 57
91 57
91 90
92 13
93 1
93 4
93 16
93 47
94 10
94 66
95 0
95 1
95 3
95 7
96 5
97 7
97 23
97 28
98 3
98 5
98 7
98 12
99 2
99 3
99 5
100 1
100 7
101 3
102 1
102 10
103 35
103 48
104 5
104 62
105 4
106 3
106 4
106 23
106 31
106 38
108 3
108 4
108 7
109 13
109 82
110 18
111 7
112 3
112 101
113 1
113 16
114 3
114 6
114 20
115 0
115 3
116 1
116 24
117 68
118 90
118 91
119 0
119 1
119 77
120 0
120 1
120 5
120 62
121 5
121 16
122 6
122 55
122 84
123 0
123 4
123 7
123 61
124 95
125 3
125 36
126 1
126 4
126 47
127 0
127 4
127 6
127 7
127 8
127 9
128 0
128 1
129 6
129 45
130 0
130 3
130 22
130 44
131 0
131 1
131 3
131 7
131 12
132 0
132 3
133 4
133 31
134 1
134 86
135 0
135 12
136 23
136 41
137 5
137 44
137 56
138 5
139 86
140 1
141 31
142 5
142 7
142 64
143 3
143 68
143 75
144 14
144 50
145 3
145 6
146 0
146 1
147 31
147 38
147 106
148 12
148 17
149 1
149 7
149 40
150 2
150 24
150 69
151 0
151 1
151 5
151 6
151 9
152 3
152 4
153 12
153 17
153 148
154 4
154 7
154 88
155 0
155 1
155 3
155 62
156 4
156 7
156 9
156 127
157 13
157 109
158 5
159 4
159 23
161 8
162 5
162 16
162 121
163 47
163 126
164 0
164 4
164 6
164 127
165 8
165 127
167 4
167 5
167 6
167 74
168 6
168 8
168 127
169 3
169 145
170 22
170 27
171 0
171 2
171 70
172 22
172 57
173 0
173 164
174 155
175 5
175 6
175 7
176 1
176 47
177 1
177 15
178 8
178 70
179 4
179 7
179 23
180 1
180 4
181 3
181 99
182 17
182 39
183 10
183 102
184 1
184 62
185 0
185 3
186 17
186 153
187 1
187 40
188 4
188 74
189 156
190 4
190 7
190 28
191 23
191 159
192 28
192 88
193 0
193 7
194 3
194 12
195 4
195 108
196 3
196 6
196 21
197 0
197 4
197 127
197 164
198 0
198 1
199 9
199 23
200 0
200 1
200 7
200 95
201 7
202 23
203 3
204 13
204 82
205 4
205 152
206 1
206 7
207 6
208 1
208 3
208 4
208 5
208 6
208 7
208 8
209 0
209 197
210 1
210 140
211 6
211 55
211 84
211 122
212 23
213 0
213 4
213 5
213 6
213 9
214 140
214 210
215 5
215 6
216 104
217 1
217 7
217 40
217 149
218 179
219 2
220 6
220 51
221 0
221 2
221 3
222 7
222 23
222 28
223 1
224 84
225 2
225 71
226 4
226 5
227 4
227 6
227 7
227 9
228 6
228 55
228 122
228 211
229 0
229 3
229 5
230 1
231 24
231 116
232 6
232 7
233 13
233 109
233 157
234 4
234 23
234 72
235 0
235 5
235 22
235 44
236 16
236 113
237 6
237 207
238 0
238 1
238 3
238 6
239 1
239 120
240 0
240 1
241 88
242 1
242 4
242 47
242 126
243 2
243 3
243 221
244 3
244 5
244 7
244 8
245 4
245 46
246 3
246 21
246 196
247 0
247 1
247 62
247 155
248 153
249 1
250 0
250 1
250 62
250 120
251 0
251 4
252 27
253 2
253 64
254 6
254 55
254 211
255 0
255 59
256 237
257 0
258 16
258 236
259 68
260 0
260 5
261 0
261 151
262 6
263 13
263 19
264 4
264 7
264 28
264 190
265 0
265 3
266 1
266 113
267 2
267 3
267 221
269 23
269 202
270 7
270 28
270 190
271 4
271 5
271 208
272 54
272 65
273 0
273 4
273 6
273 164
274 82
275 6
275 16
276 55
276 122
277 2
277 7
277 71
278 169
279 3
279 115
280 0
280 260
281 0
281 4
281 6
281 7
281 8
281 9
282 62
282 155
284 7
284 28
285 54
286 7
286 28
286 284
287 0
287 62
287 120
288 0
289 99
289 181
290 7
290 190
290 270
291 3
291 7
292 48
293 4
293 23
293 28
294 41
294 136
295 9
296 4
296 31
297 2
297 5
297 52
297 89
298 3
298 31
299 1
299 6
300 4
300 197
301 1
301 3
301 4
301 208
302 124
303 0
304 299
305 75
305 143
306 1
306 7
306 40
306 149
306 217
307 1
307 7
307 206
308 0
308 3
308 4
308 5
309 3
309 298
310 3
310 267
311 2
311 4
312 7
312 286
313 0
313 4
313 6
313 9
314 122
315 1
315 2
315 4
315 5
317 23
317 42
318 4
319 189
320 99
320 289
321 0
321 1
321 120
321 250
322 2
322 3
322 7
322 8
323 7
323 23
323 28
324 54
325 2
325 297
326 2
326 7
326 45
327 6
328 7
328 284
329 106
329 147
330 6
331 43
332 2
332 3
333 1
333 120
333 250
334 5
334 6
334 8
334 16
335 0
335 4
335 33
336 90
336 118
337 23
337 41
337 136
338 1
338 3
338 4
338 5
338 8
338 16
339 151
339 261
340 1
340 128
341 54
341 285
342 1
342 24
343 2
343 24
344 2
344 3
345 2
345 70
346 0
346 62
347 5
347 7
348 2
348 4
349 16
349 121
349 162
350 7
350 131
351 3
351 5
351 22
352 1
353 3
353 62
354 0
354 3
354 185
355 6
355 55
355 122
355 211
355 228
356 1
356 34
356 40
358 133
359 7
359 12
359 98
360 0
360 1
360 198
361 4
362 104
362 216
363 2
364 4
364 41
365 206
365 307
366 148
366 153
367 2
367 4
368 198
368 360
369 32
369 65
370 3
370 99
370 181
371 41
372 155
373 3
373 5
374 3
374 62
374 353
375 1
375 6
376 24
377 5
378 260
378 280
379 3
379 44
380 27
380 170
381 0
381 1
381 77
382 28
383 6
384 22
385 0
385 2
386 4
386 61
388 65
388 369
389 1
389 4
390 23
390 38
390 106
391 7
391 100
392 5
392 7
393 10
396 4
396 48
398 2
398 5
398 6
398 52
399 1
399 6
399 299
400 0
400 34
400 59
401 1
401 198
402 5
402 62
403 3
403 185
403 354
404 0
405 4
405 46
406 70
406 345
407 7
408 0
408 12
409 5
409 6
409 74
410 141
411 23
411 234
412 2
412 7
412 71
413 9
414 256
415 0
415 5
415 260
416 8
417 56
418 3
418 265
419 6
419 45
419 129
420 84
420 122
421 0
421 1
421 43
422 73
423 0
423 5
424 0
424 4
424 5
424 6
425 3
425 132
426 4
427 5
428 4
429 2
429 7
430 1
430 2
430 6
431 5
431 7
431 12
432 1
432 62
432 155
432 247
433 1
433 12
434 28
434 58
435 5
435 260
436 3
437 432
438 7
438 28
438 88
439 25
441 1
441 240
442 47
442 126
442 242
444 7
444 40
445 4
446 0
446 4
447 22
447 351
448 0
448 3
448 5
449 35
449 48
449 103
450 90
451 1
451 43
451 421
452 0
452 1
452 7
453 4
453 38
455 3
456 5
456 7
456 347
457 5
457 54
457 65
458 23
458 28
458 323
459 5
459 6
459 52
460 4
460 133
461 56
461 137
462 1
462 86
463 23
463 159
463 191
464 236
465 8
466 0
466 1
466 3
466 4
466 7
466 23
467 2
467 3
468 3
468 4
468 152
469 1
469 206
470 3
471 3
472 8
473 24
474 0
474 1
474 7
474 23
475 0
475 59
476 1
476 3
476 7
477 0
477 3
477 448
478 0
479 153
479 186
480 1
481 0
481 198
482 3
482 5
482 244
483 3
483 370
484 7
484 359
486 8
486 70
487 7
487 8
487 127
488 2
489 98
489 359
490 6
490 7
491 5
491 6
492 3
492 4
492 5
492 52
493 208
493 301
494 345
494 406
495 3
495 10
496 3
496 7
496 95
497 2
498 0
498 7
498 12
499 3
499 5
499 208
500 4
500 205
501 0
501 1
501 6
502 5
502 213
504 23
504 159
504 191
505 1
505 120
505 333
506 6
507 23
507 28
508 4
508 7
508 190
509 0
510 2
510 5
510 52
511 285
511 341
512 164
512 197
513 1
513 3
513 476
514 0
515 1
515 6
515 299
515 399
516 2
516 45
517 0
518 4
519 1
519 86
520 31
520 106
521 99
522 12
523 2
523 3
523 5
523 6
524 3
524 4
524 5
524 6
524 7
524 9
525 0
525 477
526 359
526 484
527 347
527 456
528 35
529 90
529 91
530 9
530 23
531 208
531 493
532 27
532 252
533 7
533 95
534 4
534 5
534 208
534 271
535 62
536 0
536 7
536 12
537 5
537 244
538 1
538 8
538 16
538 338
539 159
539 191
539 504
540 3
540 196
541 35
542 72
543 109
543 157
544 3
544 6
544 7
544 8
545 8
545 168
547 5
547 6
547 8
547 334
548 3
549 7
550 4
550 500
551 0
551 135
552 0
554 0
554 481
555 7
556 1
556 4
556 389
557 140
558 0
558 4
558 7
558 23
558 466
559 2
559 3
559 467
560 27
560 532
561 1
561 433
562 0
562 1
562 77
562 119
563 169
564 529
565 272
566 2
566 243
567 140
567 210
568 1
568 4
568 5
568 315
569 3
570 326
571 1
571 77
572 3
572 4
572 5
572 8
573 2
573 243
573 566
574 0
574 1
575 0
575 4
575 466
575 558
576 4
577 128
577 340
578 0
578 4
578 9
578 281
579 1
579 5
579 6
580 403
581 0
581 4
581 7
582 265
582 418
583 10
583 183
584 95
584 496
585 105
586 6
586 8
586 334
587 3
587 496
588 6
589 0
589 2
589 8
589 70
590 6
590 7
590 490
591 265
591 418
591 582
592 1
592 4
592 16
592 93
593 95
593 496
594 1
595 6
595 122
596 151
596 261
597 2
597 345
598 4
598 23
599 4
599 226
600 5
600 244
601 0
601 164
601 197
602 93
603 4
603 273
604 284
604 328
605 477
606 1
606 4
606 5
606 315
607 6
607 9
608 4
608 47
609 272
610 2
610 589
611 0
611 6
612 511
613 7
614 12
614 498
615 23
615 317
616 9
616 156
617 14
618 5
618 12
618 431
619 7
619 190
620 0
620 1
620 5
620 8
622 411
623 4
624 28
625 12
625 98
625 359
626 3
626 7
626 8
627 6
627 237
628 1
628 62
628 120
629 6
630 353
631 1
631 34
631 59
632 2
632 77
633 236
633 258
634 64
634 142
635 473
636 6
636 8
636 29
637 1
637 7
637 206
638 4
638 281
638 578
639 135
639 551
641 109
642 9
642 199
643 4
643 108
644 496
646 44
647 0
648 1
648 333
649 117
650 0
651 1
651 77
651 562
652 7
652 40
652 149
652 217
653 0
653 6
653 238
654 4
654 445
655 5
655 7
656 0
656 135
657 1
657 3
657 4
657 6
657 8
657 9
658 0
658 5
658 308
659 3
660 3
660 31
660 38
660 106
661 568
662 4
662 6
662 8
662 9
663 3
663 5
663 22
664 47
664 126
664 242
665 4
665 31
665 296
666 0
666 1
667 345
667 406
668 109
668 157
668 543
669 198
669 401
670 128
670 577
671 16
671 338
672 9
672 61
673 6
673 627
674 7
674 350
675 4
676 243
677 153
678 7
678 8
678 127
678 487
679 4
679 311
680 5
680 502
681 12
681 614
682 3
683 6
683 627
683 673
684 496
684 644
685 17
685 153
686 179
687 667
689 6
689 8
690 4
690 93
691 22
692 4
693 153
693 186
693 479
694 3
694 569
695 4
696 328
697 4
697 6
697 52
698 5
699 7
699 613
700 3
700 4
700 23
700 31
701 4
701 608
702 17
702 182
703 0
703 12
703 135
704 7
704 206
705 0
705 3
705 5
705 448
706 3
706 4
706 52
706 492
707 0
708 1
708 4
708 7
709 681
710 82
711 2
711 497
712 7
712 23
713 7
713 71
713 277
714 0
714 4
714 164
715 3
715 6
716 32
716 65
717 6
717 51
717 220
718 4
719 569
720 133
721 153
722 0
722 4
722 164
723 54
724 1
724 5
724 151
725 2
725 5
725 52
725 89
726 0
726 9
728 4
729 7
729 284
729 328
730 1
731 1
731 6
731 45
732 22
733 12
733 536
734 3
734 44
734 379
735 448
735 477
736 8
736 416
737 1
738 6
739 5
739 32
740 7
740 407
741 0
741 647
742 55
743 4
745 0
745 3
745 229
746 52
746 398
747 3
747 7
747 8
748 0
748 5
748 415
749 153
749 677
750 0
750 705
751 0
751 346
752 5
753 705
753 750
754 0
754 4
755 0
755 135
755 703
756 5
756 54
757 2
758 4
759 1
759 6
759 10
760 568
761 0
761 3
761 7
761 23
761 466
762 12
763 1
763 2
763 6
764 3
764 4
764 152
765 7
765 328
766 258
766 633
767 128
769 2
769 6
769 21
770 4
770 714
771 0
771 119
772 7
773 5
774 86
775 2
775 3
776 42
776 317
777 0
777 3
777 4
778 3
778 5
778 229
779 7
779 284
780 6
780 45
780 731
781 477
782 23
782 466
782 761
783 311
784 1
784 140
784 210
785 153
785 248
786 6
787 31
787 141
788 6
788 55
788 355
789 2
789 6
789 7
790 4
790 9
791 23
792 34
792 40
793 0
793 62
793 120
794 5
795 4
795 6
796 5
796 7
796 347
797 404
798 5
799 0
799 1
799 3
799 23
800 2
800 52
800 89
801 72
801 234
803 62
803 353
804 6
804 7
804 227
805 4
805 242
806 23
807 142
808 3
808 21
808 196
809 5
809 9
809 13
810 3
810 6
810 68
811 65
811 272
812 243
812 676
813 2
813 70
813 171
814 602
815 7
815 655
816 5
816 297
817 7
818 502
818 680
819 1
819 3
819 4
819 6
819 8
820 4
820 6
820 8
820 657
821 5
821 52
821 89
821 725
822 152
822 468
823 31
823 296
825 246
826 27
826 170
827 4
828 51
829 155
829 432
830 62
830 184
831 6
831 10
832 77
832 562
833 6
833 237
834 5
834 402
835 198
836 208
837 208
837 301
838 4
839 6
840 0
840 5
841 5
841 208
842 22
842 172
843 7
843 28
843 284
844 0
844 5
844 840
845 6
845 220
846 7
847 308
849 4
849 758
850 0
850 3
851 4
851 643
852 6
852 55
852 788
853 149
853 217
854 5
854 44
854 56
854 137
855 55
856 238
856 653
857 3
857 298
858 8
858 168
858 545
859 302
860 4
860 311
860 679
861 2
861 70
862 17
863 7
863 23
863 28
863 97
864 31
864 133
865 1
865 50
866 2
866 3
867 347
868 6
868 21
868 196
869 0
869 3
869 705
870 120
871 52
871 510
872 152
872 468
873 4
873 41
874 16
874 121
875 1
875 631
876 8
876 689
877 12
877 433
878 4
878 518
879 273
879 603
880 284
880 286
881 3
881 499
882 5
883 489
884 34
884 59
884 400
885 149
886 95
886 533
887 0
887 1
887 7
888 24
888 116
889 1
889 3
889 8
889 338
890 584
891 0
891 589
892 5
892 658
893 153
893 721
894 14
895 1
895 6
896 23
896 863
898 3
898 145
898 169
900 1
900 340
901 0
901 887
902 5
902 89
902 821
903 6
903 20
904 16
904 349
905 3
905 657
906 0
906 1
906 360
907 95
907 496
907 584
908 2
908 21
909 496
909 684
910 7
910 206
911 137
912 6
912 45
913 1
913 4
913 180
914 6
915 6
915 7
915 8
916 2
916 7
916 8
916 322
917 581
918 273
918 603
918 879
919 2
919 219
920 4
920 6
921 633
922 5
922 64
923 88
924 89
924 902
925 2
925 45
925 516
926 290
928 0
928 7
928 123
929 1
929 3
930 418
930 582
930 591
931 8
931 916
932 1
932 59
932 86
934 89
934 902
934 924
935 23
935 31
935 38
935 106
936 227
936 804
937 7
937 8
938 291
939 484
939 526
940 1
940 561
941 2
942 62
945 741
946 1
946 900
948 3
948 31
948 38
949 3
949 4
949 700
950 448
951 4
951 72
952 359
952 526
953 576
955 24
956 1
957 0
958 10
959 468
960 1
960 3
960 8
960 16
961 16
961 334
962 0
962 12
962 703
963 251
964 1
964 4
964 180
965 7
965 712
966 23
966 474
967 9
968 267
968 310
969 1
969 4
970 0
971 23
972 1
972 217
973 41
973 873
974 1
974 8
975 3
976 13
977 840
978 3
978 7
979 36
980 6
980 731
981 284
981 286
982 6
982 52
983 24
983 376
984 582
984 930
985 0
985 650
986 28
986 624
987 140
987 567
988 8
988 16
989 109
990 2
991 28
991 382
992 4
992 9
993 31
993 298
994 0
994 381
995 971
996 116
997 155
998 468
998 959
999 6
999 211
