1 0
2 0
2 1
3 0
3 1
3 2
4 0
4 1
4 2
4 3
5 0
5 1
5 2
5 3
5 4
6 0
6 1
6 2
6 3
6 4
6 5
7 0
7 1
7 2
7 3
7 4
7 5
7 6
8 0
8 1
8 2
8 3
8 4
8 5
8 6
8 7
9 0
9 1
9 2
9 3
9 4
9 5
9 6
9 7
9 8
10 0
10 2
10 3
10 4
10 5
10 7
10 9
11 0
11 2
11 3
11 4
11 5
11 6
12 1
12 2
12 3
12 4
12 5
12 7
12 8
13 1
13 2
13 4
13 5
13 6
13 7
13 8
13 9
14 1
14 3
14 4
15 0
15 2
15 3
15 4
15 7
16 1
16 2
16 4
16 6
16 7
16 13
17 1
17 2
17 4
17 6
17 7
17 13
18 1
18 3
18 4
18 14
19 0
19 1
19 3
20 0
20 3
20 19
21 0
21 1
21 2
21 3
21 4
22 2
22 4
22 6
22 7
22 13
22 17
23 1
23 2
23 4
23 5
23 7
23 12
24 0
24 2
24 4
24 5
24 6
24 11
25 1
25 5
25 7
25 23
26 1
26 4
26 6
26 7
26 13
26 17
27 1
27 2
27 4
27 7
27 17
28 0
28 3
28 7
29 4
29 6
29 7
29 13
29 17
29 22
30 0
30 1
30 2
30 4
30 5
30 6
31 0
31 1
31 2
31 3
31 4
31 5
31 6
31 7
31 8
32 0
32 1
32 3
33 4
33 5
33 6
33 11
33 24
34 2
34 4
34 6
34 7
34 13
34 17
34 22
35 0
35 1
35 32
36 1
36 4
36 6
36 7
36 13
36 17
37 4
37 7
37 13
38 1
38 4
38 5
38 7
38 12
38 23
39 1
39 2
39 3
39 7
40 0
40 2
40 6
40 11
40 24
41 1
41 2
41 3
41 5
41 8
42 1
42 2
42 7
42 39
43 1
43 2
43 3
43 5
43 7
43 8
43 12
44 1
44 4
44 5
44 6
44 9
44 13
45 0
45 32
45 35
46 0
46 1
46 2
46 3
46 4
46 5
46 6
46 7
46 8
46 9
47 4
47 22
47 29
48 1
48 2
48 4
48 7
48 13
49 1
49 6
49 13
49 17
50 3
50 4
50 5
50 7
50 9
50 10
51 0
51 4
51 6
51 24
52 0
52 1
52 3
52 4
52 5
52 6
52 7
52 8
53 1
53 2
53 4
53 5
53 7
53 12
53 23
54 2
54 3
54 5
54 6
55 1
55 2
55 4
55 6
55 7
55 13
55 17
56 0
56 1
56 2
56 3
56 4
56 7
57 1
57 4
57 5
57 7
57 23
57 38
58 1
58 3
58 14
59 2
59 6
59 54
60 4
60 14
61 1
61 6
61 7
61 17
61 26
62 4
62 6
62 24
62 51
63 0
63 3
63 19
63 20
64 6
64 7
64 13
64 17
64 22
64 34
65 0
65 1
65 4
65 6
65 7
66 1
66 2
66 4
66 7
66 17
67 1
67 2
67 7
67 17
67 66
68 0
68 2
68 4
68 6
69 0
69 3
69 4
69 5
69 6
69 7
69 8
70 2
70 6
70 59
71 2
71 6
71 24
71 40
72 0
72 1
72 2
72 4
72 5
72 6
73 0
73 2
73 3
73 7
73 15
74 1
74 5
74 7
74 23
74 25
75 1
75 2
75 4
75 7
75 17
75 27
76 0
76 1
76 3
76 4
76 5
76 8
76 31
77 1
77 12
77 23
78 0
78 1
78 2
78 3
78 4
78 5
79 0
79 2
79 4
79 6
79 11
79 24
80 6
80 24
80 51
80 62
81 3
81 4
81 5
81 7
81 9
81 50
82 6
82 22
82 34
83 1
83 4
83 12
83 23
84 0
84 1
84 4
84 6
85 4
85 60
86 0
86 2
86 4
86 5
86 6
86 11
86 24
87 2
87 5
87 6
87 54
88 2
88 7
88 39
88 42
89 5
89 54
89 87
90 1
90 3
90 4
90 5
90 8
90 12
91 0
91 1
91 2
91 3
91 6
91 7
91 8
91 31
92 7
92 17
92 61
93 0
93 6
93 11
93 79
94 1
94 4
94 6
94 7
94 13
95 6
95 7
95 13
95 17
95 34
95 64
96 0
96 2
96 6
97 0
97 1
97 3
97 6
97 7
97 8
98 39
98 88
99 5
99 8
99 12
99 90
100 4
100 5
100 6
100 11
101 0
101 2
101 3
101 6
101 31
101 91
102 1
102 2
102 4
102 6
102 7
102 13
102 17
103 1
103 27
103 75
104 2
104 3
104 4
104 5
104 6
105 0
105 2
105 6
105 11
105 24
105 79
106 0
106 24
107 0
107 3
107 6
107 8
107 69
108 2
108 6
108 11
108 24
108 40
109 0
109 1
109 2
109 4
109 6
110 8
110 12
110 90
110 99
111 1
111 2
111 4
111 7
111 9
111 13
112 6
112 11
112 79
113 2
113 6
113 11
113 24
113 108
114 4
114 7
114 102
115 1
115 2
115 3
115 6
115 8
115 31
115 91
116 0
116 7
116 15
116 73
117 0
117 4
117 6
117 68
118 0
118 3
118 4
118 5
118 8
118 76
119 17
119 61
120 1
120 6
120 7
120 17
120 26
120 61
121 2
121 7
121 13
121 34
122 0
122 1
122 2
122 6
122 30
123 0
123 3
123 4
123 5
123 6
123 7
123 8
123 52
124 2
124 3
124 91
124 101
125 0
125 3
125 19
125 20
125 63
126 0
126 2
126 3
127 1
127 5
127 23
127 25
128 3
128 5
128 6
128 54
129 2
129 3
129 4
129 5
129 9
129 10
130 0
130 5
130 8
130 76
130 118
131 2
131 7
131 13
131 34
131 121
132 1
132 3
132 4
133 1
133 3
133 4
133 5
133 8
133 12
133 90
134 1
134 3
134 8
134 31
134 91
134 115
135 1
135 31
135 91
135 134
136 1
136 2
136 4
136 6
136 7
136 13
136 16
137 2
137 4
137 6
137 7
137 13
137 17
137 34
138 6
138 24
138 51
138 80
139 1
139 2
139 3
139 5
139 8
139 41
140 1
140 2
140 4
140 6
140 7
140 13
140 17
141 1
141 4
141 23
141 83
142 4
142 22
142 29
142 47
143 2
143 6
143 54
143 59
144 3
144 19
144 20
145 4
145 6
145 24
145 51
145 62
146 0
146 3
147 0
147 2
147 3
148 1
148 6
148 17
148 26
149 0
149 2
149 4
149 5
149 6
149 11
149 24
149 86
150 2
150 4
150 6
150 7
150 13
150 34
150 137
151 4
151 6
151 17
151 102
152 0
152 4
152 6
152 117
153 0
153 1
153 4
153 21
154 4
154 6
154 24
155 2
155 7
155 9
155 13
155 111
156 6
156 22
156 82
157 1
157 4
157 6
157 7
157 13
158 2
158 7
158 9
158 13
158 111
158 155
159 0
159 11
159 24
159 40
160 0
160 3
160 6
160 31
160 91
160 101
161 1
161 4
161 7
161 13
161 111
162 4
162 6
162 13
162 17
162 22
163 0
163 2
163 3
163 5
163 11
164 2
164 4
164 8
164 13
165 1
165 2
165 3
165 4
165 7
165 56
166 4
166 5
166 8
166 118
167 0
167 1
167 2
167 3
167 6
167 31
167 91
168 1
168 2
168 4
168 5
168 12
168 23
169 1
169 2
169 5
169 6
169 8
169 9
169 13
170 11
170 24
170 79
170 105
171 6
171 11
171 112
172 2
172 4
173 1
173 6
173 7
173 17
173 36
174 1
174 6
174 7
174 61
174 120
175 0
175 2
175 3
175 126
176 77
177 0
177 2
177 4
177 6
177 11
177 24
177 86
178 1
178 6
178 7
178 17
178 173
179 0
179 2
179 6
179 79
180 2
180 7
180 39
180 42
180 88
181 13
181 17
181 22
181 34
181 64
182 2
182 8
182 13
182 164
183 1
183 6
183 7
183 17
183 36
184 1
184 2
184 3
184 5
184 6
184 7
185 3
185 7
186 0
186 4
186 5
186 7
186 8
186 52
187 0
187 3
187 4
187 5
187 8
187 76
187 118
188 1
188 3
188 5
188 8
188 12
188 90
189 5
189 54
189 87
189 89
190 0
190 3
190 20
190 63
191 1
191 2
191 7
191 17
191 75
192 1
192 3
192 5
192 8
192 76
193 0
193 1
193 2
193 3
193 6
193 31
193 91
194 1
194 2
194 6
194 122
195 2
195 6
195 8
195 13
196 11
196 24
196 159
197 5
197 8
197 76
197 192
198 0
198 6
198 31
198 91
198 167
199 0
199 2
199 4
199 5
199 7
200 1
200 2
200 4
200 5
200 7
200 13
201 6
201 156
202 1
202 3
202 18
203 4
203 6
203 24
203 154
204 2
205 8
205 76
205 118
205 187
206 0
206 2
206 3
206 91
206 101
207 5
207 6
208 0
208 3
208 4
208 5
208 7
208 123
209 3
209 8
209 12
209 133
210 0
210 2
210 3
210 6
210 31
210 101
211 4
211 5
211 6
211 11
211 86
211 149
212 2
212 6
212 8
212 13
213 2
213 7
213 13
213 111
213 155
213 158
214 0
214 2
214 4
214 6
214 11
214 24
214 86
215 1
215 2
215 4
215 13
215 17
215 140
216 1
216 4
216 83
216 141
217 2
217 6
217 30
217 122
218 1
218 4
218 6
218 13
218 17
218 36
219 0
219 11
219 24
219 79
219 105
220 13
220 17
220 22
220 181
221 1
221 2
221 6
221 184
222 1
222 5
222 7
222 23
222 25
223 5
223 7
223 12
223 23
223 53
224 6
224 13
224 49
225 1
225 2
225 3
225 5
225 7
226 0
226 1
226 4
226 7
227 17
227 22
227 220
228 4
228 5
228 6
228 33
229 2
229 6
229 8
229 212
230 0
230 1
230 3
230 4
230 5
230 6
230 8
231 94
232 6
232 7
232 13
232 150
233 0
233 1
233 3
233 4
233 5
234 0
234 79
234 93
235 14
235 60
236 1
236 2
236 4
236 5
236 7
236 12
236 53
237 1
237 4
237 7
237 13
237 17
237 36
238 0
238 2
238 4
238 6
238 109
239 1
239 17
239 61
240 1
240 2
240 3
240 5
240 7
240 8
240 9
241 0
241 1
241 3
241 4
241 5
241 6
241 230
242 4
242 7
242 13
242 37
243 1
244 0
244 1
244 32
244 35
245 1
245 3
245 115
245 134
246 22
246 29
246 142
247 0
247 2
247 3
247 5
247 6
247 11
248 0
248 3
248 4
248 6
248 11
249 0
249 8
249 52
249 186
250 1
250 2
250 6
251 1
251 2
251 5
251 7
251 12
251 43
252 1
252 2
252 7
252 39
253 1
253 2
253 17
253 67
254 60
255 5
255 8
255 12
255 90
255 99
256 39
256 88
256 98
257 0
257 7
257 116
258 2
258 6
258 8
258 13
258 195
259 2
259 4
259 6
259 7
259 13
259 17
260 0
260 1
260 2
260 3
260 4
260 5
260 6
260 7
260 8
260 31
261 33
261 228
262 3
262 4
262 5
262 6
262 260
263 0
263 1
263 3
263 4
263 5
263 6
263 7
263 8
264 2
264 6
264 59
264 143
265 0
265 3
265 6
265 7
265 8
265 97
266 2
266 4
266 6
266 109
266 238
267 0
267 3
267 6
267 7
267 97
268 2
268 6
268 143
268 264
269 0
269 5
269 8
269 118
269 130
270 1
270 3
270 245
271 1
271 4
271 13
271 111
271 161
272 4
272 6
272 68
272 117
273 1
273 2
273 6
273 194
274 2
274 5
274 87
275 0
275 1
275 6
275 7
275 8
275 31
275 91
276 1
276 5
276 25
277 6
277 7
277 17
277 26
277 120
278 1
278 2
278 184
278 221
279 1
279 4
279 6
279 7
279 13
279 36
280 1
280 3
280 4
280 5
280 8
280 90
281 0
281 4
281 5
281 7
281 8
281 52
281 186
282 0
282 1
282 2
282 4
282 109
283 1
283 4
283 13
283 17
283 36
284 1
284 5
284 7
284 25
285 6
285 17
285 173
286 0
286 3
286 6
286 7
286 8
286 97
287 1
287 7
287 36
287 183
288 1
288 3
288 270
289 1
289 5
289 7
289 23
289 25
290 1
290 2
290 4
290 17
290 102
291 4
291 7
291 102
291 114
292 2
292 3
292 54
293 0
293 5
293 8
293 118
293 130
293 269
294 0
294 2
294 7
294 73
295 1
295 5
296 0
296 3
296 7
296 8
296 97
296 265
297 6
297 8
297 69
297 107
298 6
298 22
298 82
299 22
299 34
299 82
300 1
300 4
300 282
301 0
301 79
301 105
302 0
302 4
302 5
302 6
302 11
303 1
303 2
303 4
303 6
303 7
303 13
303 17
303 140
304 1
304 2
304 4
304 7
304 27
305 2
305 3
305 6
305 31
305 91
305 101
306 4
306 22
306 29
306 47
307 7
307 13
307 37
308 0
308 2
308 3
308 126
309 4
309 6
309 24
309 51
309 62
309 145
310 2
310 3
310 6
310 31
310 91
310 101
310 305
311 5
311 8
311 12
311 90
312 1
312 4
312 6
312 7
312 13
312 157
313 0
313 2
313 4
313 5
313 6
313 30
314 4
314 7
314 13
314 36
315 5
315 6
315 260
315 262
316 13
316 212
317 2
317 5
317 6
317 11
317 247
318 1
318 2
318 5
318 7
318 8
318 9
318 240
319 1
319 3
319 4
319 12
319 90
320 0
320 2
320 5
320 7
320 199
321 1
321 4
321 7
321 13
321 312
322 3
322 4
322 5
322 6
322 7
322 52
323 2
323 4
323 6
323 86
324 0
324 3
324 101
324 206
325 0
325 2
325 4
325 5
325 6
325 7
325 8
325 31
326 1
326 2
326 3
326 4
326 5
326 7
326 8
326 12
327 1
327 2
327 3
327 4
327 7
327 56
327 165
328 0
328 116
328 257
329 0
329 2
329 126
329 308
330 22
330 227
331 22
331 29
331 47
332 0
332 186
333 1
333 4
333 5
333 13
333 44
334 0
334 4
334 11
334 86
334 177
335 6
335 8
335 13
335 195
336 2
336 4
336 13
336 111
337 4
337 5
337 81
338 0
338 1
338 5
338 233
339 0
339 1
339 4
339 7
339 226
340 0
340 1
340 4
340 5
340 241
341 4
341 8
341 164
342 0
342 7
342 257
343 0
343 4
343 7
343 56
344 6
344 173
344 285
345 0
345 1
345 4
345 84
346 0
346 1
346 5
346 233
347 2
347 7
347 13
347 259
348 4
348 7
348 13
348 321
349 40
349 71
350 0
350 2
350 3
350 6
350 31
350 167
351 1
351 5
351 346
352 1
352 5
352 13
353 1
353 5
353 346
353 351
354 6
354 24
354 51
354 62
354 145
355 0
355 4
355 6
355 68
355 117
356 0
356 2
356 4
356 6
356 7
356 9
356 46
357 0
357 1
357 3
357 4
357 6
357 230
357 241
358 2
358 4
358 6
358 7
358 9
358 46
358 356
359 17
359 36
359 183
360 0
360 257
360 342
361 13
361 17
361 22
361 34
361 64
362 39
362 88
362 98
362 256
363 0
363 4
363 5
363 6
363 30
363 313
364 0
364 4
364 6
364 24
364 86
365 2
365 59
365 143
366 0
366 4
366 7
367 8
367 69
367 107
367 297
368 5
368 6
368 207
369 3
369 32
370 0
370 1
370 3
370 6
370 31
370 193
371 13
371 17
371 22
371 361
372 2
372 4
372 12
372 168
373 0
373 4
373 6
373 302
374 4
374 60
374 85
375 0
375 6
375 7
375 8
375 52
376 4
376 6
376 17
376 162
377 4
377 5
377 6
377 228
378 2
378 7
378 13
378 17
378 259
379 2
379 3
379 4
379 5
379 8
379 12
380 1
380 5
380 25
381 2
381 8
381 164
381 182
382 2
382 3
382 91
382 101
382 124
383 51
383 145
384 1
384 5
384 7
384 23
384 25
384 289
385 2
385 5
385 8
385 139
386 2
386 4
386 12
386 372
387 0
387 4
387 6
387 7
387 8
387 31
388 8
388 164
388 182
388 381
389 1
389 2
389 4
389 5
389 12
389 23
389 168
390 11
390 112
390 171
391 0
391 2
391 3
391 8
391 91
392 1
392 2
392 6
392 122
392 194
393 40
393 349
394 1
394 4
394 7
394 226
394 339
395 0
395 5
395 8
395 76
395 187
396 2
396 6
396 179
397 1
397 4
397 333
398 13
398 17
398 34
398 181
399 1
399 3
399 4
399 8
400 2
400 13
400 195
401 4
401 6
401 7
401 259
402 7
402 17
402 67
403 0
403 2
403 30
404 6
404 7
404 13
404 17
404 34
405 6
405 24
405 154
405 203
406 0
406 2
406 6
406 24
406 40
407 4
407 5
407 7
407 8
407 186
407 281
408 1
408 2
408 4
408 6
408 7
408 13
408 17
408 55
409 0
409 7
410 13
410 404
411 2
411 4
411 6
411 109
411 238
411 266
412 1
412 3
412 5
412 12
412 90
412 188
413 2
413 3
413 5
413 11
413 163
414 1
414 6
414 7
414 17
414 36
414 173
415 4
415 7
415 102
415 114
416 4
416 5
416 6
416 11
416 100
417 6
417 24
417 80
417 138
418 0
418 51
419 3
419 4
419 5
419 7
419 50
419 81
420 2
420 4
420 6
420 17
420 34
421 3
421 4
421 6
421 7
421 52
421 322
422 0
422 11
422 24
422 40
422 159
423 4
423 7
423 37
424 1
424 2
424 5
424 12
424 23
424 53
425 1
425 5
425 7
425 23
426 24
426 62
426 145
427 1
427 3
427 5
427 90
428 1
428 2
428 4
428 7
428 17
428 75
429 2
429 4
429 6
429 7
429 13
429 34
429 137
429 150
430 8
430 12
430 99
430 110
431 1
431 3
431 12
431 412
432 1
432 3
432 5
432 225
433 0
433 1
433 3
433 5
433 233
434 3
434 5
434 192
435 1
435 6
435 17
435 36
435 173
435 414
436 1
436 3
436 4
436 5
436 233
437 0
438 0
438 2
438 6
438 30
439 1
439 6
439 7
439 13
439 36
439 279
440 4
440 11
440 177
440 334
441 5
441 8
441 192
441 197
442 1
442 17
442 49
443 0
443 1
444 6
444 173
444 344
445 2
445 278
446 0
446 1
446 3
446 6
446 7
446 97
447 4
447 6
447 7
447 13
447 157
447 312
448 5
448 8
448 12
448 90
448 311
449 1
449 83
449 141
449 216
450 1
450 2
450 4
450 7
450 17
450 140
450 303
451 0
451 1
451 3
451 4
451 7
451 8
452 1
452 6
452 30
452 122
453 6
453 13
453 49
453 224
454 0
454 257
454 360
455 1
455 4
455 283
456 0
456 4
456 5
456 6
456 11
456 302
457 0
457 2
457 4
457 11
457 24
457 86
457 214
458 2
458 164
458 381
459 2
459 4
459 10
459 129
460 2
460 6
460 8
460 229
461 184
461 278
462 2
462 8
462 13
462 212
463 0
463 4
463 109
463 238
464 0
464 4
464 6
464 11
464 302
464 456
465 3
465 4
465 132
466 1
466 2
466 4
466 17
466 303
466 450
467 0
467 2
467 6
467 7
467 9
467 356
468 0
468 2
468 6
468 9
468 467
469 3
469 4
469 18
470 1
470 4
470 6
470 7
470 13
470 17
470 26
471 4
471 13
471 17
472 5
472 8
472 197
472 441
473 1
473 6
473 7
473 17
473 36
473 173
474 2
474 34
474 121
475 3
475 5
475 90
475 427
476 3
476 19
476 63
476 125
477 3
477 7
477 28
478 1
478 2
478 7
478 39
478 252
479 4
479 5
479 9
479 81
480 3
480 5
480 7
480 50
480 81
481 5
481 8
481 192
481 197
481 441
482 2
482 4
482 86
483 0
483 2
483 3
483 4
483 5
483 6
483 11
484 4
484 7
484 13
484 314
485 0
485 2
485 6
485 9
485 467
485 468
486 3
486 4
486 7
486 12
487 1
487 6
487 97
488 23
488 77
489 1
489 2
489 7
489 42
490 0
490 4
490 6
490 68
491 87
492 1
492 4
492 6
492 13
492 36
492 218
493 6
493 232
494 4
494 7
494 348
495 0
495 9
495 468
495 485
496 1
496 3
496 5
496 225
496 432
497 2
497 91
497 101
497 124
498 2
498 7
498 42
499 2
499 8
499 164
499 381
500 2
500 3
500 8
500 91
500 391
501 1
501 4
501 12
501 23
501 53
502 0
502 2
502 3
502 31
502 350
503 105
503 301
504 0
504 1
504 2
504 3
504 6
504 31
504 91
504 167
505 5
505 8
505 441
506 8
506 192
506 197
506 441
507 1
507 4
507 5
507 9
507 44
508 2
508 91
508 101
508 124
508 497
509 0
509 4
509 6
509 30
509 363
510 1
510 6
510 7
510 61
510 120
510 174
511 2
511 304
512 2
512 4
512 7
512 17
512 303
512 450
513 1
513 7
513 13
513 48
514 1
514 3
514 4
514 399
515 2
515 7
515 39
515 88
516 2
516 3
516 6
516 305
516 310
517 5
517 197
517 441
517 481
518 3
518 4
518 7
518 12
518 486
519 6
519 7
519 61
519 120
519 174
520 2
520 17
521 1
521 303
521 450
521 466
522 1
522 6
522 7
522 61
522 174
523 1
523 2
523 6
523 8
523 31
523 91
523 115
524 1
524 17
524 49
524 442
525 2
525 6
525 7
525 34
525 137
525 150
526 2
526 4
526 6
526 13
526 17
526 55
527 1
527 2
527 5
527 6
527 7
527 184
528 5
528 89
528 189
529 2
529 6
529 266
529 411
530 1
530 2
530 13
530 17
530 102
531 5
531 8
531 76
531 197
532 5
532 7
532 9
532 81
533 1
533 5
533 9
533 507
534 2
534 34
534 121
534 474
535 1
535 346
535 351
536 6
536 13
536 17
536 162
537 1
537 5
537 25
537 284
538 0
538 4
538 5
538 8
538 118
538 187
539 1
539 134
539 135
540 3
540 5
540 7
540 52
540 322
541 6
541 68
542 4
542 7
542 123
542 208
543 2
543 4
543 5
543 10
543 129
544 1
544 2
544 17
544 303
544 450
544 466
545 2
545 5
545 6
545 24
545 86
546 0
546 19
547 0
547 1
547 3
547 32
548 2
548 4
548 11
548 24
548 457
549 4
549 5
549 7
549 52
549 186
549 281
550 0
550 4
551 2
551 4
551 5
551 9
551 10
551 129
552 1
552 4
552 84
553 0
553 96
554 6
554 13
554 49
554 224
555 0
555 1
555 2
555 3
555 5
555 6
555 7
556 3
556 4
556 132
556 465
557 7
557 116
557 257
558 1
558 6
558 279
558 439
559 2
559 4
559 46
559 356
560 2
560 42
561 3
561 202
562 1
562 2
562 13
562 17
563 0
563 495
564 2
564 6
564 11
564 108
564 113
565 0
565 5
565 233
565 338
566 0
566 11
566 24
566 79
566 105
566 219
567 6
567 438
568 0
568 2
568 4
568 68
569 2
569 3
569 124
569 382
570 2
570 13
570 111
570 155
570 213
571 1
571 2
571 4
571 6
571 109
572 37
572 423
573 1
573 2
573 6
573 8
573 31
573 115
574 3
574 5
574 6
574 54
575 6
575 13
575 49
575 554
576 5
576 8
576 12
576 90
576 99
577 2
577 4
577 11
577 24
577 86
577 177
578 6
578 31
578 91
578 101
579 0
579 1
579 2
579 5
579 6
579 7
579 8
579 46
580 3
580 8
580 97
580 265
581 1
581 4
581 5
581 13
581 44
581 333
582 1
582 270
583 3
583 91
583 124
583 382
584 6
584 285
584 344
585 1
585 6
585 109
585 571
586 1
586 2
586 4
586 450
586 466
587 0
587 1
587 2
587 6
587 30
587 122
588 9
588 485
588 495
589 2
589 6
589 212
589 229
590 4
590 13
590 44
590 333
591 1
591 2
591 6
591 122
591 194
592 1
592 7
592 17
592 178
593 4
593 7
593 36
593 237
594 1
594 5
594 8
594 90
594 133
595 0
595 4
595 6
595 11
595 302
596 1
596 7
596 61
596 174
596 522
597 6
597 109
597 238
597 266
597 411
598 0
598 1
598 31
598 91
598 193
599 6
599 171
600 2
600 6
600 8
600 212
600 229
601 109
602 134
602 539
603 0
603 3
603 4
603 5
603 230
604 6
604 24
604 80
604 138
604 417
605 4
605 7
605 36
605 314
606 76
606 531
607 3
607 101
607 160
608 0
608 7
608 409
609 0
609 418
610 1
610 2
610 4
610 13
610 17
610 140
610 215
611 3
611 192
611 434
612 0
612 3
612 20
612 63
612 125
613 1
613 5
613 352
614 1
614 3
614 8
614 31
614 91
614 115
614 134
615 1
615 2
615 7
615 39
615 252
615 478
616 4
616 13
616 17
616 140
616 215
616 610
617 12
617 23
618 1
618 2
618 4
618 7
618 17
618 140
618 450
619 13
619 17
619 181
619 398
620 4
620 482
621 1
621 4
621 7
621 13
621 17
621 36
622 0
622 1
622 2
622 4
622 5
622 6
623 2
623 91
623 101
623 124
623 497
624 1
624 4
624 7
624 140
624 303
624 450
625 2
625 3
625 5
625 7
625 8
625 12
626 1
626 3
626 8
626 31
626 134
626 614
627 2
627 6
627 59
627 264
628 1
628 2
628 8
628 31
628 91
628 115
629 1
629 2
629 4
629 7
629 140
629 303
629 450
630 2
630 7
630 9
630 13
630 111
630 155
630 158
631 1
631 5
631 9
631 507
631 533
632 7
632 9
632 356
632 358
633 3
633 5
633 12
634 60
634 254
635 1
635 2
635 5
635 8
635 13
636 7
636 8
636 296
637 2
637 3
637 124
637 382
637 569
638 1
638 8
638 31
638 115
638 573
639 5
639 441
640 5
640 8
640 12
640 311
641 0
641 2
641 3
641 4
641 5
641 11
642 5
642 6
642 11
642 86
642 149
642 211
643 4
644 0
644 1
644 3
644 4
644 5
644 6
644 7
644 8
644 52
645 1
645 2
645 6
645 8
645 31
645 115
645 573
646 1
646 4
646 7
646 17
646 303
646 450
647 1
647 2
647 6
647 250
648 4
648 5
648 6
648 33
648 228
649 6
649 302
650 1
650 2
650 8
650 9
650 240
651 0
651 31
651 502
652 0
652 1
652 2
652 4
652 6
652 7
652 8
652 9
652 46
653 7
653 23
653 25
653 222
654 0
654 4
654 226
655 0
655 2
655 4
655 5
655 11
655 24
655 149
656 7
656 237
656 593
657 3
657 292
658 4
658 24
658 457
659 0
659 2
659 6
659 24
659 406
660 184
660 278
660 461
661 0
661 2
661 6
661 122
662 0
662 2
662 4
662 7
662 31
663 2
663 6
663 59
663 70
664 3
664 63
664 125
664 476
665 1
665 17
665 36
665 173
665 473
666 19
666 20
666 63
667 1
667 2
667 42
667 489
668 2
668 6
668 7
668 13
668 34
668 137
668 150
669 0
669 2
669 329
670 5
670 7
670 52
670 186
670 549
671 4
671 7
671 186
671 281
671 407
672 4
672 5
672 7
672 8
672 52
672 186
673 0
673 3
673 7
673 97
673 265
673 296
674 1
674 7
674 17
674 26
674 61
675 1
675 2
675 17
675 102
675 290
676 3
676 4
676 5
676 8
676 90
677 2
677 6
677 11
677 24
677 40
677 108
678 1
678 346
678 351
678 535
679 0
679 2
679 6
679 24
679 40
680 1
680 5
680 225
680 432
681 6
681 13
681 49
681 224
681 554
682 2
682 4
682 5
682 23
682 168
682 389
683 3
683 292
683 657
684 2
684 204
685 9
685 485
685 495
686 1
686 4
686 6
686 13
686 17
687 2
687 5
687 6
687 11
687 247
687 317
688 1
688 8
688 31
688 134
688 626
689 1
689 2
689 6
689 30
689 122
690 7
690 674
691 0
691 2
691 4
691 6
691 11
691 24
691 79
692 0
692 2
692 5
692 6
692 11
692 247
693 301
693 503
694 1
694 4
694 6
694 13
694 17
694 686
695 1
695 2
695 8
695 9
695 240
695 650
696 79
696 170
697 1
697 13
697 17
697 621
698 49
698 554
698 681
699 164
699 381
699 458
700 6
700 649
701 1
701 2
701 4
701 6
701 7
701 13
701 102
702 2
702 4
702 7
702 13
702 17
702 259
703 3
703 4
703 5
703 7
703 50
703 81
703 419
704 4
704 13
704 17
704 36
704 283
705 0
705 1
705 5
705 233
705 338
706 5
706 12
706 311
707 51
707 80
707 138
708 0
708 2
708 7
708 8
708 325
709 1
709 7
709 13
709 17
710 1
710 4
710 7
710 12
710 38
711 1
711 5
711 7
712 99
712 110
712 430
713 2
713 4
713 5
713 8
713 31
713 325
714 1
714 2
714 3
714 6
714 7
715 7
715 13
715 312
715 321
716 381
716 458
716 699
717 7
717 13
717 314
717 484
718 3
718 8
718 97
718 296
719 1
719 2
719 4
719 7
719 17
720 1
720 2
720 6
720 31
720 573
720 645
721 2
721 4
721 6
721 7
721 17
721 55
722 1
722 4
722 6
722 13
722 36
722 492
723 3
723 5
723 230
723 603
724 2
724 4
724 6
724 7
724 356
724 358
725 2
725 22
726 19
726 20
726 63
727 2
727 7
727 9
727 111
727 158
728 3
728 4
728 5
728 8
728 12
729 31
729 134
729 614
729 626
730 7
730 498
731 61
731 119
732 1
732 2
732 7
732 39
732 42
733 17
733 181
733 398
734 2
734 27
735 0
735 1
735 5
735 233
735 338
735 705
736 1
736 2
736 6
736 7
736 184
737 5
737 54
737 87
737 89
737 189
738 6
738 173
738 344
738 444
739 4
739 5
739 118
739 166
740 0
740 2
740 6
740 9
740 468
740 485
741 2
741 4
741 6
741 109
741 238
741 411
742 116
742 257
742 328
743 5
743 8
743 12
743 90
743 311
744 4
744 6
744 11
744 100
745 1
745 6
745 7
745 13
745 16
746 1
746 2
746 6
746 647
747 1
747 8
747 31
748 2
748 4
748 17
748 140
748 303
748 450
749 0
749 3
749 5
749 7
749 123
749 208
750 1
750 2
750 5
750 7
750 12
750 43
750 251
751 6
751 24
751 62
751 145
752 1
752 2
752 7
752 56
753 6
753 7
753 13
753 17
753 34
753 404
754 6
754 17
754 26
754 120
754 277
755 3
755 19
755 125
755 476
756 0
756 6
756 302
756 464
757 1
757 2
757 4
757 6
757 7
757 13
757 16
757 136
758 1
758 2
758 3
758 6
758 8
758 31
758 91
759 54
759 59
759 143
760 2
760 4
760 6
760 13
760 34
761 0
761 3
761 7
761 8
761 286
762 1
762 2
762 4
762 466
762 586
763 6
763 13
763 49
763 575
764 1
764 3
764 225
764 432
765 1
765 4
765 399
765 514
766 0
766 3
766 31
766 91
766 101
766 160
767 2
767 3
767 54
767 292
768 2
768 6
768 7
768 17
768 259
769 1
769 2
769 7
769 39
769 732
770 1
770 6
770 221
771 7
771 199
772 1
772 4
772 7
772 13
772 17
772 102
773 1
773 9
773 507
773 631
774 1
774 2
774 5
774 12
774 53
774 424
775 116
776 2
776 54
777 2
777 5
777 6
777 247
777 317
778 1
778 17
778 473
778 665
779 0
779 2
779 4
779 5
779 6
779 8
779 31
779 325
780 2
780 8
780 460
781 0
781 5
781 8
781 76
781 118
781 130
782 1
782 2
782 8
782 31
782 91
782 115
782 628
783 1
783 4
783 6
783 13
783 36
783 722
784 1
784 5
784 8
784 13
785 0
785 2
785 4
785 5
785 6
785 11
785 86
786 0
786 1
786 6
786 7
786 8
786 52
787 39
787 88
787 98
787 256
787 362
788 4
788 5
788 9
788 10
788 129
788 551
789 302
789 456
789 464
790 6
790 7
790 174
790 522
791 2
791 9
791 111
791 158
791 727
792 1
792 2
792 9
792 240
792 695
793 1
793 2
793 4
793 6
793 7
793 13
793 17
793 140
794 1
794 245
795 2
795 4
795 7
795 17
795 303
795 450
795 512
796 1
796 4
796 6
796 13
796 36
796 783
797 1
797 2
797 4
797 5
797 23
797 168
797 389
798 2
798 7
798 9
798 111
798 158
798 727
799 2
799 5
799 7
799 12
799 23
800 3
800 4
800 5
800 7
800 50
800 81
800 703
801 5
801 8
801 12
801 728
802 2
802 6
802 24
802 679
803 5
803 6
803 11
803 86
803 642
804 1
804 17
805 0
805 3
805 7
805 28
806 1
806 5
806 427
807 4
807 6
807 7
807 13
807 157
807 312
808 2
808 4
808 6
808 7
808 13
808 137
809 2
809 6
809 8
809 600
810 2
810 11
810 24
810 577
811 1
811 6
811 7
811 17
811 36
811 173
811 473
812 1
812 6
812 194
812 273
813 0
813 2
813 11
813 24
813 149
813 655
814 3
814 32
815 4
815 7
815 17
815 27
816 59
816 264
816 627
817 2
817 7
817 9
817 155
818 4
818 450
818 466
818 586
819 1
819 4
819 6
819 7
819 13
819 55
820 6
820 7
820 404
820 753
821 1
821 4
821 5
821 8
821 90
821 280
822 6
822 600
822 809
823 164
823 458
823 699
824 0
824 5
824 8
824 269
825 1
825 4
825 7
825 48
826 1
826 4
826 13
826 36
826 492
826 722
827 0
827 1
827 3
827 4
827 5
827 6
827 7
827 8
827 263
828 0
828 2
828 6
828 9
828 485
829 0
829 3
829 6
829 7
829 8
829 265
830 4
830 348
831 3
831 6
831 54
831 128
832 1
832 2
832 4
832 7
832 13
832 48
833 1
833 4
833 6
833 7
833 13
833 140
833 303
834 1
834 3
834 4
834 14
835 2
835 7
835 450
835 512
836 3
836 14
836 18
837 1
837 2
837 109
838 1
838 4
838 13
838 111
838 161
839 0
839 2
839 3
839 6
839 31
839 91
839 504
840 0
840 11
840 177
840 334
841 3
841 20
841 63
841 125
841 612
842 1
842 2
842 4
842 450
842 466
842 586
843 13
843 17
843 215
843 610
844 4
844 5
844 6
844 33
844 228
844 648
845 0
845 2
845 4
845 5
845 6
845 11
845 24
846 3
846 5
846 7
846 50
846 81
846 703
846 800
847 2
847 4
847 568
848 2
848 7
848 356
848 724
849 2
849 31
849 573
850 4
850 81
850 337
851 0
851 2
851 3
851 11
852 3
852 5
852 11
852 163
852 413
853 1
853 3
853 4
853 7
853 56
853 165
854 0
854 4
854 86
854 177
854 334
855 314
855 484
856 22
856 298
857 2
857 7
857 184
857 736
858 0
858 6
858 24
858 659
859 257
859 328
859 742
860 0
860 2
860 3
860 5
860 163
861 1
861 4
861 230
861 357
862 3
862 19
862 125
862 476
862 755
863 0
863 2
863 4
863 5
863 6
863 483
864 6
864 8
864 229
865 461
865 660
866 2
866 6
866 59
866 70
867 2
867 4
867 568
867 847
868 1
868 7
868 140
868 303
868 629
869 5
869 23
869 223
870 1
870 5
870 427
871 1
871 7
871 184
872 6
872 13
872 49
872 224
872 453
873 381
873 458
873 699
873 716
874 1
874 270
874 582
875 39
875 98
876 461
876 660
877 1
877 17
877 290
877 675
878 6
878 173
878 414
878 435
879 6
879 173
879 435
880 3
880 20
880 63
880 125
880 612
880 841
881 6
881 152
882 5
882 8
882 192
882 441
882 481
883 0
883 2
883 9
883 485
883 828
884 0
884 2
884 4
884 5
884 11
884 24
884 86
885 1
885 7
885 17
885 173
885 811
886 1
886 6
886 7
886 17
886 183
887 5
887 89
887 189
887 528
888 22
888 246
889 6
889 24
889 71
890 3
890 292
890 657
890 683
891 1
891 17
891 303
891 450
891 646
892 2
892 7
892 17
892 719
893 1
893 7
893 13
893 26
893 470
894 6
894 22
894 82
895 6
895 7
895 753
895 820
896 4
896 6
896 13
896 17
896 686
897 8
897 12
897 90
897 99
897 110
898 2
898 6
898 9
898 468
898 485
898 740
899 0
899 2
899 3
899 6
899 101
899 210
900 1
900 8
900 31
900 134
900 626
900 688
901 4
901 6
901 7
901 17
901 29
902 0
902 4
902 6
902 51
903 0
903 2
903 5
903 10
904 2
904 3
904 101
904 305
905 39
905 88
905 98
906 1
906 5
906 225
906 432
906 680
907 1
907 6
907 7
907 17
907 26
907 120
908 6
908 9
908 485
908 898
909 5
909 8
909 576
910 17
910 259
910 768
911 6
911 7
911 17
911 26
911 61
912 2
912 59
912 143
912 365
913 4
913 283
913 455
914 2
914 6
914 250
915 4
915 6
915 7
915 356
915 358
915 724
916 4
916 818
917 1
917 4
917 13
917 492
917 826
918 5
918 7
918 12
918 799
919 4
919 7
919 17
919 450
919 512
919 795
920 0
920 4
920 5
920 7
920 52
920 186
921 5
921 23
921 25
921 74
922 1
922 4
922 7
922 226
922 339
922 394
923 1
923 4
923 13
923 686
923 694
924 37
925 0
925 4
925 79
926 0
926 5
926 76
926 118
926 130
927 3
927 19
927 144
928 13
928 34
928 121
929 1
929 647
929 746
930 1
930 3
930 5
930 7
930 8
930 263
931 1
931 5
931 225
931 432
931 906
932 1
932 5
932 7
932 222
933 1
933 2
933 31
933 193
934 0
934 1
934 340
935 7
935 13
935 312
935 321
935 715
936 1
936 3
936 5
936 7
936 8
936 12
937 0
937 1
937 2
937 3
937 4
937 78
938 2
938 4
938 6
938 34
938 420
939 6
939 59
939 70
940 4
940 7
940 102
940 114
940 291
941 2
941 4
941 6
941 109
941 238
941 266
942 0
942 3
942 4
942 7
942 9
942 10
943 4
943 6
943 356
943 358
943 724
943 915
944 1
944 2
944 17
944 67
944 253
945 0
945 2
945 3
945 4
945 5
945 6
945 7
945 8
945 31
946 1
946 3
946 5
946 8
946 90
946 188
947 8
947 52
947 249
948 7
948 8
948 708
949 2
949 3
949 124
949 382
949 569
949 637
950 13
950 22
950 220
951 1
951 2
951 4
951 5
951 12
951 23
951 168
952 3
952 58
953 0
953 2
953 4
953 5
953 11
953 24
953 149
953 655
954 61
954 120
954 174
954 519
955 0
955 302
955 464
955 756
956 0
956 3
956 6
957 1
957 8
957 31
957 115
957 134
957 614
958 1
958 7
958 252
959 0
959 3
959 6
959 956
960 1
960 2
960 6
960 31
960 115
960 645
961 2
961 4
961 6
961 7
961 17
961 140
962 7
962 61
962 174
963 4
963 6
963 117
963 355
964 4
964 5
964 7
964 52
964 186
964 549
965 0
965 3
965 6
965 8
965 69
965 107
966 5
966 7
966 186
966 549
966 670
967 0
967 7
967 97
967 265
968 1
968 17
968 239
969 1
969 7
970 6
970 207
971 1
971 4
971 722
971 783
972 40
972 71
972 349
973 6
973 36
973 173
973 414
974 4
974 6
974 302
974 373
975 2
975 6
975 11
975 24
975 40
975 108
975 677
976 0
976 1
976 35
976 244
977 2
977 24
977 149
977 655
977 813
978 0
978 2
978 3
978 6
978 7
978 8
978 9
978 46
979 0
979 20
979 125
980 0
980 1
980 3
980 6
980 7
980 8
980 263
980 827
981 0
981 1
981 3
981 31
981 91
981 167
981 504
982 3
982 91
982 101
982 206
983 1
983 6
983 97
983 487
984 2
984 4
984 11
984 24
984 86
984 214
984 457
985 0
985 7
985 257
985 342
986 1
986 2
986 4
986 5
986 8
987 2
987 4
987 7
987 17
987 512
988 9
988 485
988 740
989 2
989 42
989 560
990 0
990 2
990 7
990 708
991 7
991 13
991 155
991 630
992 22
992 47
992 331
993 6
993 13
993 34
993 64
994 4
994 11
994 86
994 177
994 334
995 2
995 6
995 108
995 677
996 2
996 13
996 400
997 2
997 5
997 6
997 317
997 777
998 1
998 582
998 874
999 0
999 308
999 329
