1 0
2 0
2 1
3 0
3 1
3 2
4 0
4 1
4 2
4 3
5 0
5 1
5 2
5 3
5 4
6 0
6 1
6 2
6 3
6 4
6 5
7 0
7 1
7 2
7 3
7 4
7 5
7 6
8 0
8 1
8 2
8 3
8 4
8 5
8 6
8 7
9 0
9 1
9 2
9 3
9 4
9 5
9 6
9 7
9 8
10 4
10 5
10 7
11 0
11 2
11 5
11 6
12 1
12 4
12 6
13 1
13 2
13 4
13 7
13 8
14 2
14 5
14 6
15 0
15 1
15 3
16 0
16 2
16 5
16 6
17 1
17 4
17 7
18 1
18 2
19 0
19 1
20 0
20 5
20 6
21 0
21 1
21 3
22 1
22 4
23 2
23 3
23 4
24 0
24 1
24 2
24 4
24 6
24 7
24 8
25 0
25 1
26 1
26 2
27 2
27 3
27 4
27 7
28 0
28 2
29 0
29 1
29 3
30 1
30 3
31 0
31 5
31 6
31 20
32 2
32 3
33 0
33 2
33 6
34 0
34 4
35 1
35 4
35 5
35 6
36 1
36 4
37 0
37 1
37 3
38 0
38 1
38 2
38 3
38 5
39 1
39 3
40 4
41 0
41 6
41 20
42 1
42 3
43 1
44 1
45 0
45 1
45 2
46 0
46 1
47 1
47 2
47 3
48 4
48 6
49 0
49 1
49 2
49 3
49 5
50 5
50 6
51 1
51 2
52 1
52 4
52 7
53 0
53 1
54 0
54 1
54 2
54 4
54 8
56 5
56 7
57 1
58 1
58 2
59 3
59 4
60 1
60 7
60 17
61 0
61 2
61 3
62 1
62 4
63 4
63 7
64 4
64 5
64 7
64 10
65 3
66 0
66 3
67 1
67 2
68 0
68 1
68 4
68 8
69 1
69 2
69 3
69 5
69 7
70 0
70 2
70 5
71 1
71 7
71 17
72 1
72 4
73 2
73 3
74 7
75 0
75 1
76 2
76 4
77 1
77 4
78 0
78 2
78 3
78 4
79 0
79 1
81 0
81 4
82 2
82 3
82 4
83 1
83 3
84 4
85 0
85 3
85 4
85 5
85 6
85 8
86 1
86 4
87 2
87 3
88 0
88 1
88 2
88 3
89 1
89 4
90 4
90 7
91 2
91 4
92 0
92 1
92 2
92 3
92 4
93 0
93 1
93 4
93 7
95 1
96 0
96 1
96 4
96 5
96 6
96 7
97 5
97 6
98 2
98 3
99 0
99 4
100 7
100 17
101 0
101 6
102 5
102 6
103 0
103 1
104 1
104 2
104 4
104 6
105 3
106 1
107 6
108 2
108 6
109 0
110 1
111 1
112 0
112 1
112 53
113 2
113 3
114 5
114 7
115 0
115 5
116 0
116 1
116 2
117 2
117 3
117 4
117 5
118 0
118 3
119 0
119 1
119 2
119 5
120 2
120 3
120 4
121 4
122 1
123 1
123 5
123 38
124 3
125 0
126 1
126 4
126 7
127 0
128 1
128 4
129 0
129 4
129 6
129 7
130 1
130 2
131 0
131 1
131 79
132 3
132 4
133 1
133 5
134 0
134 3
135 3
136 1
136 4
136 5
136 6
137 1
138 1
138 7
139 0
139 2
139 8
140 2
140 3
141 4
141 5
141 7
142 0
142 6
143 0
143 1
143 4
143 7
144 2
144 4
144 7
145 4
146 0
146 1
147 2
148 4
149 0
149 1
150 7
150 17
151 2
151 3
152 1
153 1
153 4
153 7
154 4
154 7
155 0
155 1
156 1
156 2
157 4
157 7
158 0
158 3
158 15
159 4
159 7
159 8
160 0
160 2
160 4
161 1
162 3
163 0
164 0
164 1
164 2
164 3
164 4
165 0
165 1
166 0
166 5
166 6
166 7
167 2
168 2
168 6
169 0
169 2
170 1
171 1
171 4
172 5
172 6
173 0
173 1
173 6
174 4
175 0
175 1
175 7
176 6
177 0
178 1
178 7
179 0
179 2
179 6
180 0
181 1
182 6
183 0
183 2
183 3
183 4
183 5
183 6
184 0
184 1
185 4
185 7
186 0
186 6
187 0
187 7
188 0
188 1
188 2
188 3
188 6
188 7
189 1
189 4
190 5
190 6
191 3
191 4
192 2
192 3
193 1
194 1
195 7
196 0
197 2
197 3
197 6
198 1
198 5
198 6
199 0
199 1
199 4
199 5
200 0
200 1
201 1
202 5
202 6
203 1
204 3
205 1
205 7
206 7
207 1
208 5
209 2
210 1
210 2
210 3
211 0
211 1
212 2
212 3
213 1
213 2
213 3
214 3
214 4
215 0
215 1
215 2
215 4
215 6
215 7
215 8
216 6
217 4
219 0
219 2
219 5
219 6
219 16
220 0
221 0
221 4
221 5
223 1
223 2
223 69
224 0
224 1
224 5
225 4
226 4
227 0
227 1
227 2
227 6
227 7
227 8
228 1
229 0
230 0
230 1
230 2
230 3
231 4
231 5
233 1
234 0
234 1
234 2
234 3
234 4
235 4
236 0
236 1
236 2
236 3
237 0
237 4
237 7
238 0
238 1
238 3
239 6
239 41
240 2
241 2
243 0
243 1
244 4
245 1
245 2
245 4
246 0
246 1
246 2
247 6
248 3
249 4
249 244
250 0
250 1
250 2
251 3
251 15
252 1
252 4
253 2
254 1
254 2
256 1
256 4
256 7
256 8
257 0
257 2
258 1
258 2
258 3
259 3
259 5
260 2
260 4
261 1
261 2
262 3
262 4
263 170
264 0
264 3
265 0
266 1
266 2
266 26
267 5
268 4
268 5
269 7
270 5
271 0
271 1
271 3
271 6
271 7
271 8
271 9
272 0
272 2
272 3
273 1
273 6
274 0
274 1
274 3
274 6
274 7
275 1
275 2
276 6
277 1
278 0
278 3
278 15
279 1
279 2
279 69
280 1
280 4
281 1
282 5
282 6
283 7
284 0
284 1
285 0
285 6
286 0
286 2
286 5
287 0
287 2
287 3
288 0
289 2
289 3
290 0
290 1
292 0
292 1
293 1
293 5
294 1
294 4
294 7
295 3
296 2
297 0
297 2
297 3
297 88
298 0
298 4
299 0
299 1
300 0
300 2
301 0
301 1
301 3
302 7
302 17
303 2
304 4
305 1
305 2
307 1
307 4
307 8
308 0
308 1
309 0
309 2
311 0
311 4
312 0
313 0
313 5
314 0
314 5
315 0
315 1
315 4
315 7
316 2
317 3
318 0
319 0
319 2
320 3
321 4
322 7
323 0
323 2
323 5
324 1
324 3
324 21
325 2
326 1
327 0
327 3
327 4
328 5
328 6
329 0
329 3
329 6
329 7
330 0
330 2
330 3
331 5
332 0
332 2
333 3
333 4
333 7
334 5
334 6
335 0
335 5
335 6
336 0
336 3
337 0
337 1
337 2
337 7
337 8
338 0
338 7
338 143
339 1
339 2
339 3
340 0
341 2
342 0
342 1
342 2
343 0
343 2
343 4
343 8
344 2
344 3
345 1
345 2
346 3
347 20
348 1
349 5
350 0
350 2
351 7
352 4
352 7
353 0
353 2
353 6
354 1
354 6
354 7
355 0
355 1
355 3
356 1
356 3
357 1
357 5
357 6
357 96
359 3
359 4
360 1
360 2
360 3
361 2
362 0
362 3
363 3
364 7
365 3
366 2
366 4
366 5
366 6
367 6
368 8
369 6
369 41
370 3
370 4
371 1
371 7
372 0
372 1
373 1
374 0
375 4
376 6
377 0
377 1
378 0
378 2
379 0
379 1
380 1
381 2
381 3
382 0
382 6
382 183
383 2
383 3
384 1
385 1
385 7
386 0
386 3
387 1
387 2
387 5
388 2
388 3
389 2
389 4
390 0
390 2
390 3
390 5
390 6
391 7
392 1
392 3
392 5
392 6
393 0
393 1
394 0
394 6
394 335
395 2
396 6
397 0
398 1
398 7
398 17
399 5
399 7
400 4
401 1
401 281
402 0
402 4
402 7
403 0
403 1
403 5
404 0
404 5
404 6
405 0
406 1
406 4
407 6
408 1
408 7
409 4
410 1
410 5
410 6
411 2
411 4
412 0
412 1
412 3
412 6
412 7
412 274
413 1
414 4
414 7
414 8
415 0
415 4
415 6
415 7
417 2
417 3
418 6
419 1
419 2
420 1
421 0
421 4
422 0
422 3
422 4
422 5
422 8
423 0
423 4
423 7
424 1
425 0
425 1
425 2
425 3
425 4
425 7
426 1
426 4
427 2
428 6
429 4
430 0
430 2
431 2
431 3
431 4
432 1
432 357
433 170
434 1
435 2
436 1
437 0
437 6
437 7
438 1
438 79
439 2
439 3
439 7
440 5
440 6
441 2
441 3
442 4
443 5
443 6
444 0
444 3
444 4
445 0
447 6
448 0
449 0
449 1
449 2
450 0
450 2
450 4
451 0
451 2
451 272
452 2
452 3
453 4
454 0
454 7
455 2
456 3
456 204
457 4
458 5
458 6
459 1
459 3
460 7
460 17
461 4
461 7
462 0
462 3
463 0
463 3
463 8
464 0
464 1
465 0
466 3
467 0
467 1
467 3
468 1
468 7
468 143
469 3
470 6
470 9
471 0
471 1
472 1
472 2
472 8
473 2
474 1
476 1
476 7
477 0
477 4
477 8
478 2
478 3
479 0
479 1
479 6
479 8
480 1
481 1
482 0
482 4
482 7
482 415
483 0
484 1
484 5
485 4
485 5
485 6
486 1
487 7
488 0
488 1
488 3
489 4
489 5
489 7
490 4
492 2
492 3
493 2
493 7
494 0
494 3
494 8
495 3
496 2
496 4
497 2
497 6
498 0
498 6
498 7
499 3
500 1
501 0
501 1
503 17
504 4
505 6
505 7
506 3
507 6
508 2
508 4
509 2
509 3
510 3
511 1
511 2
511 3
512 0
512 3
512 5
513 0
513 1
513 7
514 1
515 1
516 2
516 4
517 2
517 493
518 0
518 1
520 0
520 5
520 16
521 2
522 2
522 4
523 0
525 0
525 1
525 175
526 0
527 3
527 4
527 5
529 1
530 0
530 4
531 2
531 4
532 0
532 1
532 377
533 0
533 1
533 8
533 68
534 2
535 4
535 6
535 7
537 2
538 0
538 3
538 8
539 3
540 0
540 2
541 2
541 3
542 1
542 6
542 7
543 1
543 3
544 6
545 2
545 3
546 4
548 2
549 1
549 4
549 7
550 1
551 3
551 4
552 7
553 1
553 5
554 1
555 4
555 5
556 1
556 3
557 6
558 0
558 2
559 5
559 7
559 141
560 0
560 2
561 6
562 0
562 1
562 2
562 5
563 0
564 4
565 0
566 0
566 2
566 3
567 2
567 3
567 6
568 0
568 1
569 0
570 1
570 2
570 6
570 7
571 5
572 0
572 1
573 0
573 7
574 0
575 1
576 2
576 3
576 7
577 4
577 7
578 7
578 154
579 4
579 7
580 2
581 1
582 3
582 15
583 1
583 2
583 6
584 5
584 6
585 2
585 3
585 6
586 2
586 7
587 1
587 7
587 143
588 6
589 4
589 7
589 8
590 0
591 0
591 6
591 183
592 3
592 15
593 4
593 7
594 0
594 4
594 6
594 7
595 0
595 1
595 3
595 4
595 5
595 7
596 6
596 7
597 1
598 5
599 6
600 1
601 7
603 6
604 1
604 2
604 5
604 6
604 8
605 4
606 6
607 4
608 1
608 5
608 6
609 6
610 1
611 1
611 7
612 3
613 1
614 3
615 2
616 1
617 1
617 7
618 1
618 6
619 2
619 3
619 5
620 0
620 1
620 2
620 3
620 5
621 17
622 2
623 1
623 2
624 0
624 415
624 482
625 1
625 68
626 3
627 0
627 2
628 1
628 3
628 21
629 1
629 4
629 5
630 4
631 2
631 3
631 6
632 0
632 1
632 3
634 20
635 4
636 3
636 15
637 3
638 5
638 6
638 8
640 0
640 4
640 7
641 1
641 8
642 0
642 2
642 257
643 2
644 2
645 2
645 3
646 1
647 1
647 2
647 4
647 6
648 2
649 7
650 0
650 5
652 6
653 3
654 0
654 1
654 2
654 3
655 2
655 7
656 2
656 3
657 1
658 4
659 0
659 1
659 7
660 7
661 0
661 2
662 1
662 4
663 1
663 2
663 3
663 7
663 69
664 5
665 6
667 0
667 1
667 3
667 6
668 0
668 3
669 3
670 0
671 1
671 2
671 7
672 1
673 6
674 0
674 1
674 2
674 3
674 4
676 4
676 5
676 6
677 2
677 3
678 4
679 0
679 1
679 3
679 6
679 7
679 274
680 8
681 3
681 4
682 5
683 0
683 1
683 4
684 0
684 2
684 3
685 4
685 157
686 5
687 5
688 0
688 2
689 4
690 1
691 2
691 3
692 1
692 2
692 4
692 6
693 0
693 1
693 175
694 1
694 4
694 7
695 6
695 7
696 1
696 3
696 5
697 7
699 0
699 1
699 7
700 5
701 3
701 5
702 5
703 1
704 1
704 79
705 0
705 2
705 3
705 88
706 3
707 0
708 1
708 3
708 6
709 1
710 1
710 5
711 0
711 1
712 7
713 4
714 4
715 3
715 4
717 1
717 420
718 5
718 6
719 0
720 1
720 5
721 1
721 3
721 6
722 0
722 1
722 3
722 4
722 7
723 0
723 1
723 2
723 3
723 4
724 2
724 4
725 0
726 1
726 2
726 4
727 0
727 3
728 2
728 3
729 1
730 1
731 0
731 2
731 6
732 4
732 214
733 68
734 0
735 0
736 2
736 3
737 0
737 2
738 1
738 7
739 0
739 377
740 2
740 7
741 3
742 1
742 7
743 0
743 2
744 0
745 1
745 2
745 7
745 8
746 0
746 5
747 6
747 9
748 2
748 6
749 1
749 4
750 2
750 3
751 6
752 2
753 3
754 0
754 2
754 627
755 357
756 2
756 4
757 5
757 6
758 0
758 4
759 7
760 1
761 0
762 6
763 4
763 7
764 1
764 3
764 7
766 1
767 3
768 1
768 3
768 4
769 0
770 4
770 10
771 4
772 0
772 6
773 5
774 6
774 41
775 3
775 4
776 0
777 7
777 143
778 4
778 555
779 2
779 8
779 343
780 0
780 1
780 2
781 1
781 2
782 2
782 3
783 1
783 2
783 8
784 0
785 2
785 4
786 1
786 2
787 1
788 0
788 1
788 2
788 342
789 1
790 3
791 0
791 2
791 4
791 6
791 8
792 1
793 8
794 5
796 0
796 2
797 0
797 7
797 143
798 1
798 4
798 6
799 3
799 4
800 1
800 5
800 6
801 1
801 3
801 5
802 0
802 2
802 3
802 6
802 7
803 0
804 749
805 0
805 2
805 3
807 4
808 555
809 3
810 2
810 4
811 1
811 4
812 3
812 7
813 1
813 2
813 3
813 5
813 6
813 7
813 8
813 9
814 4
814 157
815 0
816 6
817 0
817 1
818 1
818 4
818 6
819 1
820 0
821 5
822 7
823 0
823 5
823 8
824 5
824 6
825 3
826 0
826 1
827 7
828 2
829 7
829 17
830 0
831 7
832 2
832 3
832 5
833 1
834 4
835 3
836 2
836 258
837 3
837 7
838 2
839 7
840 4
841 0
842 0
842 1
842 2
843 2
843 7
844 4
844 7
845 0
845 1
845 2
845 3
845 4
846 1
847 1
848 2
848 3
848 5
849 2
849 4
850 4
850 7
852 2
852 6
852 168
853 3
854 6
854 335
855 2
855 3
855 7
856 6
856 7
857 0
857 4
858 2
859 1
860 3
860 4
861 4
861 6
862 0
862 2
863 1
863 2
863 69
864 0
864 1
864 2
864 6
864 7
865 0
865 2
865 5
866 0
866 1
867 3
868 1
868 3
870 2
870 627
871 2
872 2
873 5
873 7
874 0
874 6
874 7
875 3
875 5
876 4
876 8
877 0
877 1
877 2
878 0
878 1
879 8
881 1
882 4
883 1
883 8
884 5
885 1
887 1
887 2
887 3
887 4
887 6
888 0
888 1
888 7
889 5
890 1
890 6
891 0
891 1
891 79
892 0
892 6
893 0
894 3
894 15
895 0
895 5
895 6
895 7
896 4
897 0
897 377
898 6
898 20
899 0
899 2
900 1
901 0
901 1
901 2
901 5
901 6
902 0
902 6
902 7
903 2
903 5
904 0
904 4
905 2
906 5
907 5
907 6
908 0
908 1
908 3
908 7
909 1
910 2
910 8
911 0
911 1
912 0
912 4
912 5
912 7
913 4
913 6
913 7
914 0
914 7
915 0
915 2
915 4
916 0
917 3
917 4
918 2
918 4
918 5
918 6
919 0
919 2
919 3
920 6
920 7
921 2
921 4
921 6
922 0
922 1
922 53
923 4
923 7
923 8
924 0
924 2
924 3
925 3
926 7
927 0
927 3
927 5
927 6
927 7
928 1
929 1
930 2
930 4
931 1
931 2
932 1
932 7
933 1
934 1
934 2
934 780
936 0
936 3
937 0
937 4
938 1
938 5
939 0
940 0
940 2
940 5
940 6
940 16
941 1
941 5
942 3
942 5
943 2
943 4
943 7
944 1
945 0
945 1
945 3
946 1
946 2
947 0
947 3
947 4
947 7
948 0
949 1
950 4
950 5
950 7
951 6
952 5
952 7
954 1
955 1
955 2
955 4
956 2
956 4
956 160
957 0
957 4
957 7
958 0
958 5
959 2
959 5
959 6
960 0
961 1
961 2
961 3
961 8
961 9
962 0
963 0
963 1
963 2
963 3
964 1
964 699
965 0
965 8
966 3
966 4
967 7
968 2
968 3
968 5
969 1
969 7
970 1
971 6
972 3
972 6
973 1
973 3
973 5
973 6
974 1
974 7
974 143
975 1
975 3
975 8
975 9
977 6
978 4
979 4
980 1
980 2
980 6
980 8
981 2
982 3
982 4
982 5
983 1
983 2
983 6
983 7
984 1
984 3
984 7
984 69
985 2
985 7
986 2
986 4
987 0
987 2
987 4
987 450
988 1
988 4
989 0
989 1
989 3
990 1
990 3
991 7
992 0
992 2
992 7
993 7
994 0
994 6
994 16
995 2
996 4
997 1
997 929
998 1
999 1
999 5
