1 0
2 0
2 1
3 0
3 1
3 2
4 0
4 1
4 2
4 3
5 0
5 1
5 2
5 3
5 4
6 0
6 1
6 2
6 3
6 4
6 5
7 0
7 1
7 2
7 3
7 4
7 5
7 6
8 0
8 1
8 2
8 3
8 4
8 5
8 6
8 7
9 0
9 1
9 2
9 3
9 4
9 5
9 6
9 7
9 8
10 0
10 1
11 0
11 1
11 2
11 4
11 5
12 0
12 1
13 0
13 1
13 2
13 3
13 4
13 5
13 7
13 8
13 9
14 0
14 1
14 2
14 3
14 4
14 5
14 7
15 1
15 2
15 4
15 5
15 6
15 7
16 0
16 1
16 2
16 3
16 4
16 5
16 8
16 9
16 13
17 0
17 1
17 3
17 4
17 5
17 7
18 2
18 3
18 4
18 5
18 8
18 9
19 0
19 1
20 0
20 1
20 2
20 3
20 4
20 5
20 7
20 14
21 1
21 2
21 3
21 4
21 5
21 6
21 7
22 0
22 1
22 3
22 4
22 5
22 7
23 0
23 1
23 2
24 0
24 1
24 2
24 3
25 0
25 1
25 3
25 4
25 5
25 7
25 14
26 0
26 1
26 3
26 4
26 5
26 7
26 9
27 1
27 2
27 3
27 4
27 5
27 6
27 7
28 0
28 1
28 2
28 3
28 4
29 0
29 3
29 5
29 7
30 0
30 1
30 2
30 3
30 4
30 5
30 7
30 8
30 13
31 0
31 1
31 4
32 0
32 2
33 0
33 1
33 2
33 3
34 0
34 1
34 2
34 3
34 4
34 7
35 1
35 2
35 3
35 4
35 5
35 6
35 7
36 0
36 1
36 3
36 4
37 0
37 1
37 2
37 3
37 4
37 5
38 3
38 5
38 7
39 0
39 1
39 3
39 4
39 5
39 7
39 22
40 0
40 1
40 3
40 4
40 5
40 7
40 9
41 0
41 1
41 3
41 4
41 5
41 7
41 17
42 0
42 1
42 2
42 3
42 4
42 5
42 7
42 14
43 0
43 1
43 3
43 4
43 5
43 7
44 0
44 1
44 5
44 7
44 17
45 0
45 1
45 3
45 4
46 0
46 1
46 3
46 4
46 5
46 7
46 43
47 0
47 1
47 2
47 3
47 4
47 5
47 6
47 7
47 8
48 0
48 1
48 3
48 4
48 5
48 7
48 22
49 0
49 1
49 2
49 3
49 4
49 5
49 8
49 9
49 13
49 16
50 0
50 1
50 3
50 4
50 5
50 7
50 43
50 46
51 2
51 3
51 4
51 8
51 9
52 1
52 2
52 3
52 4
52 5
52 6
52 7
53 0
53 1
53 2
53 3
53 4
53 6
53 7
53 8
53 47
54 0
54 1
54 2
54 3
54 4
54 5
54 7
54 8
54 13
54 30
55 0
55 1
55 4
55 5
55 7
55 17
56 0
56 1
56 2
56 23
57 1
57 2
57 4
57 5
57 6
57 7
57 35
58 0
58 1
58 2
58 3
58 4
58 6
59 0
59 1
59 2
59 3
59 4
60 0
60 1
60 2
61 0
61 1
61 4
61 5
61 7
61 22
62 1
62 2
62 4
62 5
62 6
62 7
62 35
63 0
63 1
63 2
63 3
64 0
64 1
64 2
64 3
64 5
64 8
64 9
64 13
64 16
65 0
65 1
65 2
65 3
65 4
65 7
65 14
65 20
66 0
66 1
66 23
66 56
67 0
67 1
67 3
67 4
68 0
68 1
68 2
68 3
68 4
68 5
68 8
68 13
69 0
69 1
69 2
69 3
69 4
69 7
70 0
70 1
70 3
70 4
70 5
70 9
71 0
71 1
71 3
71 4
71 5
71 7
71 22
72 0
72 1
72 2
72 3
73 0
73 1
73 2
73 3
73 4
73 5
73 6
73 8
74 1
74 2
74 3
74 4
74 5
74 6
74 7
75 1
75 2
75 4
75 5
75 6
75 7
75 35
75 57
76 0
76 1
76 2
76 4
76 5
76 6
77 0
77 1
77 2
77 4
77 5
77 6
77 76
78 0
78 1
78 2
78 3
78 4
78 5
78 8
78 9
78 13
79 3
79 7
79 38
80 0
80 1
80 10
81 1
81 2
81 4
81 5
81 6
81 7
82 0
82 1
82 2
82 3
82 4
82 6
82 7
82 8
82 47
83 0
83 1
83 2
83 3
83 4
83 5
83 8
83 9
83 13
83 16
84 1
84 2
84 3
84 4
84 5
84 9
84 13
84 16
85 0
85 1
85 2
85 3
85 4
85 5
85 8
85 9
85 13
85 16
86 0
86 1
86 2
86 4
86 5
86 6
86 76
86 77
87 0
87 1
87 23
87 66
88 1
88 3
88 4
88 5
88 6
88 7
89 1
89 2
89 4
89 5
89 6
89 7
89 35
89 62
90 1
90 3
90 4
90 5
90 6
90 7
91 0
91 1
91 3
91 4
91 5
91 9
92 0
92 1
92 2
92 3
92 4
92 7
92 14
92 20
93 0
93 1
93 2
93 3
93 5
93 7
93 8
94 3
94 5
94 7
95 0
95 1
95 3
95 4
95 5
95 22
96 0
96 1
96 3
97 0
97 1
97 3
97 5
97 8
97 9
97 13
97 16
98 0
98 1
99 0
99 2
99 3
99 4
99 5
99 6
99 7
99 8
100 0
100 1
100 2
100 4
100 5
100 6
101 0
101 1
101 3
101 4
101 5
101 7
101 9
102 1
102 3
102 4
102 5
102 6
102 90
103 0
103 1
103 3
103 4
103 5
103 7
103 14
104 1
104 3
104 4
104 8
104 9
104 13
104 16
104 49
105 0
105 1
105 3
105 4
105 5
105 7
106 1
107 1
107 2
107 4
107 5
107 6
107 7
107 35
107 57
108 0
108 1
108 3
108 4
108 5
108 7
108 43
108 46
109 0
109 1
109 2
109 3
109 5
109 6
109 7
109 8
110 0
110 1
110 5
110 7
110 17
111 0
111 1
111 2
111 3
111 5
111 6
111 7
111 8
111 109
112 0
112 1
112 3
112 4
112 5
112 7
112 9
113 0
113 1
113 2
113 5
113 6
113 7
113 8
113 109
114 0
114 1
114 3
114 4
114 5
114 7
114 43
114 46
115 0
115 1
115 2
115 3
115 4
115 5
115 7
115 8
115 13
115 30
116 0
116 2
116 5
116 6
116 7
116 109
117 0
117 1
117 2
117 3
117 4
117 5
117 6
117 7
118 2
118 5
118 6
118 7
118 35
118 57
119 0
119 1
119 3
119 4
119 5
119 9
120 0
120 1
120 2
120 4
120 5
121 0
121 1
121 2
121 4
121 5
121 6
121 76
122 1
122 4
122 5
122 6
122 7
122 35
123 0
123 1
123 2
123 3
123 4
123 7
123 14
123 20
124 0
124 1
124 2
124 3
124 4
124 5
124 7
124 8
124 9
124 13
125 3
125 4
125 5
125 22
125 48
126 0
126 1
126 2
126 3
126 7
126 8
126 13
126 30
126 115
127 0
127 1
127 2
127 5
127 7
127 8
127 109
128 0
128 1
128 3
128 4
128 5
128 7
128 22
128 71
129 1
129 2
129 5
129 6
129 7
129 35
129 62
130 0
130 1
130 3
130 4
130 5
130 9
131 0
131 1
131 2
131 3
131 4
131 5
131 7
131 14
131 20
132 0
132 1
132 2
132 3
132 4
132 6
132 7
132 8
133 0
133 1
133 3
133 4
133 5
133 7
133 9
134 0
134 1
134 2
134 3
134 4
134 6
134 7
134 8
134 47
135 1
135 2
135 4
135 5
135 6
135 7
135 35
135 57
135 75
136 0
136 1
136 2
136 3
136 4
136 5
136 6
136 7
136 8
137 0
137 1
137 4
138 0
138 1
138 2
139 0
139 1
139 2
139 3
139 4
139 7
139 34
140 0
140 1
140 4
140 5
140 17
141 0
141 1
141 3
141 5
141 8
141 9
141 16
141 97
142 0
142 1
142 2
142 6
142 7
142 8
142 109
143 0
143 2
143 3
143 4
143 5
143 7
143 8
143 13
143 30
144 0
144 1
144 2
144 3
144 7
144 8
144 13
144 115
144 126
145 0
145 2
145 5
145 6
145 7
145 109
146 2
146 3
146 4
146 5
146 6
146 7
147 3
147 4
147 5
147 22
147 125
148 0
148 1
148 6
148 7
148 8
148 109
148 142
149 0
149 1
149 3
149 4
149 6
149 7
149 47
149 134
150 0
150 1
150 3
150 4
150 5
150 7
150 9
151 0
151 1
151 2
151 3
151 5
151 6
151 7
152 1
152 3
152 4
152 5
152 7
152 9
152 101
153 0
153 3
153 4
153 5
153 7
153 8
153 13
153 30
154 1
154 2
154 4
154 120
155 1
155 3
155 4
155 5
155 6
155 7
155 90
156 0
156 1
156 2
156 3
157 3
157 7
157 38
158 0
158 1
158 2
158 3
158 4
158 6
158 7
158 8
159 1
159 2
159 3
159 4
159 5
159 6
159 7
159 74
160 0
160 1
160 2
160 3
160 4
160 5
160 7
160 8
160 9
160 13
161 1
161 3
161 5
161 8
161 9
161 13
161 16
161 97
162 0
162 1
162 3
162 4
162 6
162 7
162 47
162 134
162 149
163 0
163 1
163 3
163 4
163 5
164 0
164 1
164 3
164 4
164 6
164 7
165 1
165 2
165 4
165 120
165 154
166 1
166 2
166 3
166 4
166 5
166 6
166 7
166 21
167 0
167 1
167 3
167 4
167 5
167 7
168 0
168 1
168 2
168 3
168 4
168 8
168 9
168 13
168 49
169 0
169 2
169 3
169 4
169 5
169 6
169 8
170 1
170 2
170 3
170 4
170 5
170 7
170 74
170 159
171 0
171 1
171 3
171 4
171 7
171 14
172 0
172 2
172 3
172 4
172 5
172 6
172 7
172 8
173 0
173 1
173 2
173 3
173 4
173 5
173 6
173 7
174 1
174 3
174 4
174 5
174 7
174 43
174 46
175 1
175 2
175 4
175 5
175 6
175 7
175 35
176 1
176 3
176 4
176 5
176 7
177 0
177 1
177 3
177 4
177 5
177 7
177 22
178 1
178 2
178 3
178 4
178 5
178 6
178 7
178 35
179 0
179 2
179 3
179 4
179 5
179 7
179 8
180 0
180 1
181 0
181 1
181 2
181 3
181 4
181 7
181 47
181 82
182 0
182 3
182 5
182 8
182 9
182 13
182 16
183 1
183 4
183 5
183 7
184 0
184 1
184 6
184 7
184 8
184 109
184 142
185 1
185 2
185 3
185 4
185 74
185 159
186 0
186 1
186 2
186 3
186 4
186 7
186 14
186 20
186 92
187 1
187 3
187 4
187 5
187 6
187 90
187 102
188 1
188 3
188 4
188 5
188 6
188 90
189 0
189 1
189 2
189 3
189 5
189 7
189 8
190 0
190 1
190 2
190 3
190 7
190 8
190 13
190 115
191 0
191 1
191 2
191 3
192 0
192 2
192 3
192 7
192 8
192 13
192 30
193 1
193 2
193 4
193 5
193 6
193 7
193 35
194 0
194 2
194 4
194 5
194 7
194 8
194 13
194 30
195 0
195 3
195 4
195 5
195 6
195 7
196 0
196 1
196 3
196 4
196 5
196 6
196 7
196 8
197 0
197 1
197 2
197 3
197 4
197 6
197 7
197 8
197 47
197 82
198 0
198 4
198 5
198 8
199 0
199 1
199 2
199 3
199 4
199 7
199 14
199 20
199 92
199 186
200 0
200 1
200 3
201 1
201 3
201 5
201 6
201 7
201 88
202 0
202 2
202 3
202 4
202 5
202 7
202 8
202 9
203 1
203 3
203 5
203 8
203 9
203 16
203 97
204 1
204 3
204 5
204 7
205 1
205 2
205 3
205 4
205 6
205 7
205 8
205 47
206 0
206 1
206 3
206 4
206 5
206 7
206 22
207 0
207 2
207 3
207 4
207 5
207 7
207 8
207 13
207 30
207 143
208 1
208 2
208 3
208 4
208 5
208 6
209 0
209 1
209 5
209 7
209 17
210 0
210 1
211 0
211 1
211 3
211 96
212 2
212 4
212 5
212 6
212 7
212 146
213 1
213 2
213 3
213 4
213 6
213 7
214 0
214 2
214 3
214 5
214 8
214 9
215 1
215 2
215 6
215 7
215 35
215 62
215 129
216 0
216 1
216 2
216 4
216 5
216 7
216 8
216 13
216 30
216 54
217 0
217 1
217 2
217 3
217 4
217 5
217 6
217 7
217 8
218 1
218 2
218 7
218 35
218 62
218 129
218 215
219 0
219 1
219 2
219 3
219 5
219 7
219 8
220 1
220 2
220 3
220 4
220 5
220 6
220 7
220 74
221 1
221 3
221 5
221 7
221 46
222 0
222 2
222 5
222 6
222 109
222 145
223 0
223 1
223 2
223 4
223 5
223 6
223 7
223 8
224 0
224 1
224 2
224 3
224 4
225 0
225 1
225 3
225 5
225 7
226 3
226 5
226 7
227 0
227 1
227 2
227 5
227 7
227 8
227 189
228 0
228 1
228 3
228 4
228 5
228 7
229 0
229 4
229 17
230 2
230 3
230 4
230 5
230 6
230 74
231 1
231 2
231 3
231 4
231 5
231 8
231 9
231 13
231 16
232 0
232 1
232 2
232 3
232 4
232 6
232 7
232 8
232 82
233 0
233 1
233 6
233 7
233 8
233 109
233 142
234 0
234 1
234 2
235 0
235 1
235 2
235 4
235 5
235 7
235 13
235 30
235 54
236 0
236 1
236 2
236 3
236 4
236 5
236 6
236 8
236 73
237 0
237 1
237 2
237 3
237 4
237 7
237 47
237 82
237 181
238 0
238 1
238 2
238 5
238 6
238 7
239 3
239 5
239 6
239 7
239 88
240 0
240 1
240 3
240 4
240 5
240 7
240 22
240 71
241 0
241 1
241 2
241 3
241 5
241 7
241 8
242 0
242 1
242 2
242 3
242 6
242 7
243 0
243 2
243 3
243 4
243 5
243 6
243 7
243 8
244 1
244 3
244 5
244 204
245 0
245 1
245 3
245 4
245 7
245 9
247 1
248 1
248 5
248 7
248 17
248 209
249 0
249 1
249 2
249 3
249 5
249 7
249 8
250 1
250 2
250 3
250 4
250 5
250 7
251 0
251 1
251 4
251 5
251 17
252 0
252 1
252 2
252 3
252 59
253 0
253 2
253 3
253 5
253 8
253 9
254 0
254 1
254 3
254 4
254 5
254 7
254 22
254 39
255 0
255 1
255 2
255 3
255 4
255 7
255 14
255 20
256 5
256 9
256 16
256 97
256 203
257 0
257 1
257 6
257 7
257 8
257 109
257 142
257 233
258 0
258 1
258 2
258 3
258 5
258 6
258 7
258 8
258 109
259 0
259 1
259 2
259 3
259 4
259 5
259 6
260 1
260 2
260 7
260 35
260 62
260 129
260 215
261 1
261 2
261 3
261 4
261 5
261 6
261 7
261 8
262 0
262 1
262 23
262 66
263 0
263 3
263 13
263 16
264 1
264 2
264 3
264 4
264 74
264 159
264 185
265 0
265 1
265 2
265 3
265 4
265 5
265 7
265 8
265 9
265 13
266 0
266 1
266 2
266 3
266 4
266 5
266 6
267 0
267 1
267 3
267 4
267 5
267 7
267 43
268 0
268 1
268 2
268 3
268 5
268 6
268 8
268 236
269 1
269 2
269 4
269 5
269 6
269 7
269 35
270 0
270 1
270 2
270 5
270 6
270 7
271 0
271 1
271 2
271 3
271 6
271 7
271 242
272 0
272 1
272 2
272 3
272 4
272 5
272 7
272 8
272 9
273 0
273 2
273 3
273 4
273 5
273 6
273 7
273 8
274 0
274 2
274 3
274 4
274 5
274 6
274 7
274 8
275 0
275 1
275 2
275 5
275 7
275 8
275 189
276 0
276 2
276 23
277 1
277 2
277 3
277 4
277 5
277 7
278 0
278 1
278 2
278 4
278 6
279 0
279 1
279 3
279 5
279 6
279 7
279 8
279 109
280 0
280 1
280 3
280 4
280 5
280 7
281 0
281 1
281 17
282 3
282 5
282 7
283 1
283 2
283 4
283 5
283 6
283 7
283 57
283 75
284 0
284 1
284 5
284 17
285 1
285 3
285 4
285 5
286 0
286 2
286 4
286 6
286 7
286 8
286 47
287 0
287 1
287 2
287 5
287 7
287 8
287 189
287 275
288 1
288 3
288 4
288 5
288 7
289 0
289 1
289 2
289 3
289 5
289 6
289 7
290 0
290 1
290 2
290 3
290 4
290 6
291 0
291 1
291 3
291 4
291 5
291 7
291 22
292 0
292 1
292 3
292 4
292 5
292 9
292 130
293 0
293 1
293 3
293 4
293 7
293 9
294 0
294 2
294 3
294 4
294 5
294 6
294 7
294 8
295 0
295 1
296 1
296 2
296 5
296 6
296 7
296 8
296 109
297 0
297 2
297 3
297 4
297 5
297 6
297 7
297 8
298 0
298 1
298 2
298 3
298 4
298 5
298 7
298 8
298 9
298 13
299 0
299 1
299 5
299 17
300 0
300 3
300 4
300 8
300 9
300 13
300 49
301 0
301 1
301 2
301 4
301 6
301 7
301 8
301 223
302 1
302 3
302 4
302 5
302 6
302 7
303 0
303 1
303 3
303 4
303 9
304 0
304 1
304 2
304 3
304 6
304 7
305 0
305 1
305 3
305 4
305 7
305 34
306 0
306 1
306 2
306 3
306 4
306 5
306 8
306 9
306 13
306 124
307 0
307 1
307 3
307 4
307 5
307 8
307 9
307 13
307 16
308 0
308 2
308 3
308 4
308 5
308 7
308 8
308 9
308 202
309 3
309 5
309 7
310 0
310 1
310 3
310 6
310 7
311 0
311 3
311 5
311 7
311 22
311 71
312 1
312 2
312 4
312 5
312 6
312 35
313 0
313 3
313 5
313 9
313 13
313 182
314 0
314 1
314 2
314 4
314 5
314 6
315 1
315 2
315 4
315 5
315 7
315 35
315 57
316 0
316 1
316 3
316 4
316 5
316 7
316 14
316 103
317 1
317 3
317 6
317 90
317 102
318 1
318 3
318 4
318 7
318 39
319 1
319 3
319 4
319 7
319 90
320 1
320 2
320 4
320 5
320 6
320 7
321 0
321 1
321 2
321 3
321 4
321 5
321 6
322 0
322 2
322 3
322 4
322 6
322 7
322 8
322 47
322 134
323 0
323 2
323 4
323 5
323 8
324 0
324 1
324 2
324 5
324 7
324 8
324 275
325 1
325 2
325 4
325 6
325 7
325 35
325 269
326 1
326 2
326 4
326 5
326 8
326 9
326 13
326 16
327 0
327 3
327 4
327 5
327 7
327 13
327 30
327 153
328 0
328 1
328 3
328 4
328 5
328 9
328 119
329 0
329 3
329 4
329 6
329 7
329 47
329 134
330 1
330 2
330 4
330 6
330 7
330 35
330 325
331 0
331 2
331 4
331 5
331 7
331 8
331 13
331 30
332 1
332 2
332 5
332 8
332 9
332 13
332 16
333 1
333 3
333 8
333 9
333 97
334 6
334 7
334 8
334 142
334 233
335 0
335 1
335 2
335 6
335 7
335 304
336 0
336 3
336 5
336 9
336 13
336 182
337 1
337 3
337 5
337 6
337 7
337 8
337 109
337 279
338 0
338 1
338 2
338 4
338 5
338 6
338 7
338 8
339 0
339 2
339 4
339 6
339 7
339 8
339 47
339 286
340 1
340 3
340 6
340 7
340 88
341 1
341 7
341 35
341 62
341 129
341 215
342 0
342 2
342 3
342 4
342 47
342 82
342 181
342 237
343 0
343 1
343 2
343 3
343 4
343 7
343 14
343 20
344 0
344 1
344 2
344 4
344 5
344 6
344 76
344 77
345 0
345 1
345 3
345 4
345 5
345 7
345 9
346 0
346 1
346 3
346 4
346 7
346 22
347 1
347 3
347 5
347 7
347 14
347 103
348 0
348 2
348 3
348 4
348 5
348 7
348 13
348 30
348 143
349 0
349 5
349 9
349 13
349 182
349 313
350 1
350 6
350 35
351 0
351 2
351 5
351 6
351 109
351 145
352 1
352 2
352 3
352 4
352 74
352 159
352 185
352 264
353 0
353 1
353 2
353 4
353 5
353 6
353 76
353 77
353 86
354 0
354 2
354 4
354 5
354 7
354 8
354 13
354 30
354 194
355 1
355 2
355 5
355 6
355 7
355 8
355 109
356 2
356 5
356 6
356 7
356 35
356 57
356 118
357 0
357 1
357 3
357 4
357 6
357 7
357 47
357 134
357 149
358 0
358 2
358 3
358 4
358 5
358 7
358 13
358 143
359 0
359 1
359 2
359 3
359 4
359 6
359 7
359 8
360 0
360 1
360 2
360 3
360 5
360 8
360 9
360 13
360 16
361 1
361 3
361 4
361 5
361 6
361 90
361 188
362 0
363 0
363 1
363 3
363 5
363 7
363 225
364 0
364 1
364 3
364 4
364 7
364 17
365 0
365 1
365 3
365 4
365 5
365 7
366 1
366 3
366 4
366 5
366 6
366 7
366 90
367 3
367 7
367 39
368 0
368 1
368 2
368 3
368 5
368 7
368 42
369 0
369 1
369 3
369 4
369 9
370 1
370 2
370 5
370 6
370 7
370 35
370 62
370 129
371 0
371 1
371 3
371 4
371 5
371 22
372 0
372 1
372 3
372 4
372 5
372 7
372 14
373 0
373 1
373 4
373 5
373 17
374 0
374 1
374 5
374 7
374 17
374 110
375 2
375 5
375 6
375 7
375 35
375 57
375 118
375 356
376 0
376 1
376 2
376 5
376 7
376 8
376 189
376 275
377 0
377 1
377 2
377 3
377 5
377 7
377 189
378 1
378 2
378 4
378 6
378 7
378 35
379 0
379 1
379 2
379 3
379 5
379 7
379 8
379 189
380 0
380 1
380 4
380 5
380 6
381 1
381 3
381 8
381 9
381 97
382 0
382 1
382 2
382 5
382 6
382 7
382 8
382 109
382 113
383 0
383 3
383 7
383 242
383 271
384 2
384 5
384 6
384 35
384 57
385 0
385 1
385 2
385 4
385 5
385 6
385 76
385 77
385 86
386 1
386 3
386 4
386 5
386 6
386 90
386 102
387 1
387 3
387 4
387 5
387 6
387 7
387 90
388 0
388 1
388 2
388 3
388 4
388 5
388 7
388 14
388 42
389 1
389 2
389 3
389 4
389 6
389 7
389 8
389 47
389 205
390 0
390 1
390 3
390 4
390 5
390 9
390 91
391 2
391 3
391 4
391 5
391 6
392 1
392 2
392 4
392 6
392 7
392 35
392 325
392 330
393 0
393 1
393 3
393 5
393 7
393 22
393 39
393 254
394 6
394 7
394 8
394 142
394 233
394 334
395 0
395 1
395 2
395 3
395 4
395 5
395 6
395 7
396 0
396 1
396 2
396 3
396 4
396 5
396 8
396 9
396 13
396 160
397 0
397 1
397 3
397 4
397 5
397 8
397 9
397 13
397 16
398 3
398 38
399 0
399 1
399 2
399 3
399 4
399 5
399 7
399 8
399 9
399 13
400 1
400 3
400 4
400 5
400 7
400 9
400 101
401 1
401 2
401 4
401 6
401 7
401 35
402 0
402 2
402 4
402 5
402 7
402 8
402 13
402 30
403 0
403 1
403 2
403 3
404 0
404 1
404 2
404 3
404 4
404 5
404 8
404 9
404 16
404 83
405 0
405 3
405 5
405 9
405 13
405 182
405 313
406 1
406 2
406 4
406 5
406 6
406 7
406 35
407 0
407 1
407 2
407 3
407 5
407 6
407 7
407 8
407 109
408 1
408 2
408 3
408 4
408 5
408 7
409 0
409 1
409 3
409 4
409 5
409 7
409 14
410 0
410 1
410 2
410 3
410 4
410 5
410 7
410 14
410 20
411 0
411 1
411 2
411 3
411 7
411 8
411 13
411 115
411 126
412 0
412 2
412 3
412 4
412 5
412 7
412 8
412 13
412 30
413 0
413 1
413 6
413 7
413 8
413 109
413 142
413 233
414 1
414 3
414 5
414 6
414 7
414 8
414 109
415 0
415 1
415 3
415 6
415 7
415 164
416 0
416 1
416 2
416 3
416 6
416 8
416 47
417 0
417 2
417 5
417 6
417 7
417 109
418 0
418 1
418 2
418 3
418 4
418 6
418 7
418 8
418 82
418 232
419 1
419 2
419 6
419 7
419 35
419 378
420 1
420 2
420 4
420 5
420 6
420 7
420 35
420 175
421 1
421 3
421 4
421 7
422 0
422 1
423 0
423 2
423 5
423 7
423 8
423 275
424 0
424 1
424 2
424 3
424 7
424 8
424 13
424 30
424 115
424 126
425 1
425 3
425 4
425 5
425 6
425 7
426 0
426 1
426 2
426 5
426 6
426 7
426 8
426 109
426 113
427 1
427 3
427 4
427 5
427 6
427 90
427 102
428 0
428 2
428 3
428 4
428 5
428 6
428 7
428 8
428 172
429 0
429 1
429 2
429 3
429 7
429 8
429 13
429 115
429 126
429 411
430 0
430 1
430 3
430 4
430 5
430 7
430 17
431 0
431 2
431 3
431 4
431 5
431 6
431 8
432 0
432 1
432 2
432 3
432 4
432 7
432 8
432 9
433 1
433 2
433 4
433 5
433 6
433 7
433 35
434 0
434 2
434 4
434 6
434 7
434 8
434 47
434 286
435 1
435 2
435 3
435 4
435 5
435 6
435 21
436 0
436 2
436 5
436 7
436 8
436 189
437 1
437 2
437 3
437 7
437 21
438 0
438 1
438 2
438 3
438 4
438 5
438 6
438 7
438 395
439 2
439 4
439 5
439 6
439 35
439 57
440 3
440 5
440 7
441 1
441 2
441 4
441 5
441 7
442 0
442 1
442 2
442 3
442 5
442 7
442 8
443 0
443 3
443 4
443 5
443 7
443 13
443 30
444 0
444 2
444 3
444 5
444 6
444 8
445 1
445 3
445 5
445 7
445 288
446 0
446 1
446 3
446 5
446 7
446 8
446 219
447 0
447 1
447 3
447 5
447 7
447 22
447 206
448 2
448 4
448 5
448 6
448 35
449 1
449 2
449 3
449 4
449 6
449 7
450 3
450 5
450 7
450 94
451 0
451 1
451 2
451 3
451 4
451 7
451 14
451 20
452 3
452 5
452 7
453 0
453 1
453 2
453 3
453 5
453 7
453 8
453 9
453 13
454 1
454 3
454 4
454 5
454 6
454 90
454 102
454 386
455 0
455 1
455 2
455 4
455 5
456 1
456 3
456 4
456 6
456 90
456 102
456 427
457 0
457 1
457 3
457 4
457 5
457 7
458 0
458 1
458 2
458 3
458 4
458 7
458 14
458 20
459 0
459 1
459 4
460 0
460 1
460 2
460 4
460 6
460 76
460 77
460 86
461 0
461 1
461 2
461 4
461 6
461 7
461 8
461 223
462 0
462 1
462 2
462 3
462 7
462 14
462 20
462 343
463 0
463 1
463 2
463 13
463 30
463 54
464 0
464 1
464 3
464 4
465 0
465 1
465 2
465 4
465 5
465 6
465 76
465 77
466 0
466 1
466 2
466 6
466 7
467 0
467 1
467 3
467 4
467 5
467 7
467 22
467 291
468 1
469 0
469 1
469 2
469 3
469 5
469 7
469 8
469 379
470 7
470 8
470 142
470 233
470 334
470 394
471 0
471 2
471 3
471 4
471 8
471 9
471 49
471 168
472 0
472 1
472 4
472 5
472 6
472 76
472 77
473 2
473 6
473 35
473 57
474 0
474 1
474 3
474 4
474 5
474 105
475 0
475 2
475 3
475 4
475 5
475 6
475 7
475 8
475 274
476 1
476 2
476 3
476 8
476 13
476 30
476 115
476 126
477 0
477 1
477 2
477 3
477 4
477 5
477 7
477 8
477 9
477 13
478 1
478 2
478 3
478 4
478 5
478 6
478 7
478 21
479 0
479 1
479 2
479 4
479 5
479 6
479 76
479 77
479 344
480 0
480 2
480 4
480 224
481 1
481 3
481 4
481 5
481 6
481 90
481 188
482 0
482 1
482 3
482 5
482 7
483 0
483 1
483 4
483 5
483 9
483 91
484 0
484 1
484 2
484 3
484 5
484 6
484 7
484 8
484 109
485 1
485 3
485 4
485 5
485 7
485 43
485 46
486 1
486 3
486 5
486 6
486 7
486 8
486 109
486 414
487 1
487 3
487 5
487 6
487 90
487 102
488 0
488 1
488 4
488 6
488 380
489 3
489 4
489 5
489 6
489 7
490 0
490 1
490 2
490 3
490 5
490 7
491 0
491 1
491 295
492 0
492 1
492 2
492 4
492 5
492 6
492 76
493 0
493 1
493 3
493 4
493 5
493 8
493 9
493 13
493 16
494 0
494 1
494 3
494 4
494 5
494 6
494 7
494 8
495 1
495 2
495 3
495 4
495 5
495 6
495 74
495 220
496 1
496 3
497 1
497 2
497 4
497 120
497 154
497 165
498 0
498 1
498 2
498 3
498 4
498 8
498 9
498 13
498 477
499 1
499 3
499 4
499 5
499 7
499 22
500 0
500 1
500 17
500 281
501 1
501 2
501 4
501 5
501 6
501 7
502 0
502 4
502 5
502 6
502 8
503 0
503 1
503 3
503 6
503 7
503 47
503 134
503 149
503 162
504 1
504 3
504 5
504 7
504 288
505 0
505 1
505 2
505 3
505 5
505 7
505 8
505 189
506 0
506 2
506 3
506 7
506 8
506 9
507 2
507 5
507 8
507 323
508 1
508 2
508 5
508 6
508 7
508 35
509 0
509 1
509 3
509 4
509 5
509 163
510 0
510 4
510 5
510 6
510 8
511 0
511 3
511 5
511 9
511 13
511 313
512 0
512 1
512 2
512 3
512 4
512 6
513 0
513 3
513 5
513 7
514 0
514 1
514 3
514 4
514 7
514 167
515 1
515 2
515 5
515 35
515 57
515 75
516 0
516 2
516 5
516 7
516 8
516 189
517 0
517 1
517 6
517 7
517 8
517 109
517 142
518 1
518 2
518 4
518 5
518 6
518 7
519 1
519 2
519 3
519 4
519 6
519 7
519 8
520 0
520 2
520 3
520 4
520 7
520 8
520 13
520 30
520 143
521 0
521 4
521 5
521 7
521 228
522 0
522 1
522 2
522 4
522 5
522 8
522 9
522 16
523 0
523 1
523 2
523 3
523 4
523 7
523 47
523 82
523 181
523 237
524 1
524 2
524 4
524 120
525 1
525 2
525 5
525 8
525 9
525 13
525 16
525 332
526 0
526 1
526 2
526 3
526 4
526 5
526 6
526 8
527 0
527 1
527 3
527 5
527 7
527 22
527 39
528 0
528 4
528 5
528 7
528 8
528 13
528 30
528 194
528 354
529 0
529 1
529 2
529 3
529 7
529 8
530 0
530 3
530 4
530 5
530 6
530 195
531 0
531 1
531 3
531 4
531 5
531 7
531 22
532 0
532 1
532 2
532 3
533 0
533 1
533 23
533 66
534 0
534 1
535 0
535 1
535 2
535 4
535 5
535 7
535 8
535 9
535 13
536 1
536 2
536 3
536 5
536 7
536 74
536 159
536 170
537 0
537 3
537 4
537 7
537 47
537 134
538 0
538 1
538 2
538 3
538 5
538 6
538 7
538 8
539 0
539 4
539 5
539 6
539 8
540 1
540 3
540 7
540 14
540 20
540 343
541 0
541 1
541 2
541 3
541 6
541 82
541 232
542 0
542 2
542 3
542 4
542 5
542 7
542 8
542 9
542 202
543 0
543 1
543 2
543 3
543 5
543 7
543 8
543 189
544 0
544 1
544 2
544 4
544 5
544 8
544 9
544 16
545 0
545 2
545 3
545 4
545 5
545 6
545 7
546 0
546 2
546 3
546 5
546 6
546 7
547 0
547 1
547 2
547 3
547 7
547 8
547 30
547 115
548 0
548 2
548 3
548 4
548 7
548 14
548 20
549 3
549 5
549 7
549 440
550 0
550 1
550 3
550 4
550 5
550 7
550 43
551 0
551 1
551 5
551 17
551 284
552 1
552 2
552 3
552 4
552 5
552 7
552 8
552 9
552 13
553 1
553 3
553 4
553 5
553 6
553 7
553 302
554 0
554 1
554 4
554 5
554 6
554 76
554 77
555 1
555 4
555 5
555 6
555 7
555 35
555 122
556 0
556 2
556 3
556 4
556 7
556 8
556 13
556 143
556 520
557 1
557 3
557 4
557 5
557 7
557 43
557 46
558 0
558 1
558 2
558 3
558 4
558 5
558 6
558 7
558 117
559 0
559 1
559 3
559 4
559 9
560 1
560 2
560 6
560 7
560 35
560 62
560 129
560 215
561 0
561 2
561 4
561 5
561 6
561 7
561 8
562 1
562 2
562 4
562 6
562 7
562 35
562 325
563 0
563 1
563 4
563 5
563 7
563 22
564 0
564 1
564 7
564 310
565 1
565 7
565 35
565 62
565 129
566 0
566 1
566 2
566 3
566 5
566 6
566 7
566 8
566 109
566 258
567 7
567 94
567 450
568 0
568 3
568 5
568 9
568 13
568 182
568 313
569 0
569 2
569 3
569 4
569 6
569 7
569 8
569 47
569 82
570 0
570 1
570 3
570 4
570 5
570 7
571 0
571 1
571 3
571 9
572 0
572 1
572 3
572 5
572 7
572 22
572 71
573 1
573 4
573 5
573 6
573 7
573 35
574 0
574 1
574 2
574 3
574 4
574 5
574 6
574 7
574 8
575 3
575 4
575 5
575 6
575 7
575 302
575 553
576 1
576 3
576 4
576 5
576 7
576 9
576 26
577 0
577 2
577 3
577 5
577 9
577 214
578 2
578 7
578 35
578 62
578 129
579 0
579 1
579 3
579 4
579 5
579 22
580 0
580 2
580 3
580 4
581 0
581 1
581 19
582 0
582 1
582 2
582 3
582 4
582 6
582 7
582 8
582 47
583 0
583 1
583 2
583 4
583 5
583 7
583 14
583 20
584 0
584 1
584 3
584 4
584 5
584 8
584 13
584 16
585 0
585 1
585 3
585 4
585 5
585 7
585 14
586 0
586 1
586 3
586 4
586 5
586 7
587 1
587 2
587 3
587 4
587 5
587 6
587 7
587 21
587 166
588 0
588 1
588 2
588 3
588 4
588 5
588 7
588 8
588 13
589 0
589 1
589 2
589 4
589 7
589 14
589 20
590 1
590 2
590 4
590 6
590 76
590 492
591 0
591 3
591 4
591 5
591 7
591 22
591 71
592 1
592 3
592 4
592 5
592 6
592 90
593 1
593 2
593 3
593 4
593 5
593 6
593 7
593 21
593 587
594 0
594 1
594 17
594 281
595 0
595 1
595 3
595 4
595 7
595 69
596 0
596 1
596 3
596 4
596 5
596 7
596 43
596 267
597 0
597 1
597 2
597 3
597 5
597 7
597 8
598 0
598 1
598 2
598 3
598 7
598 8
598 13
598 30
598 115
598 126
598 424
599 0
599 2
599 3
599 5
599 6
599 7
599 8
600 0
600 1
600 3
600 4
600 5
600 105
600 474
601 0
601 4
601 5
601 7
601 228
601 521
602 1
602 4
602 6
602 380
603 0
603 1
603 2
603 4
603 5
603 6
603 8
603 73
603 236
604 0
604 1
604 2
604 4
604 5
604 7
604 14
604 20
605 1
605 2
605 5
605 6
605 76
605 77
606 0
606 1
606 3
606 4
606 6
606 7
606 47
606 134
606 149
606 357
607 2
607 5
607 8
608 0
608 1
608 17
608 281
609 1
609 2
609 3
609 5
609 74
609 159
609 170
610 0
610 2
610 3
610 4
610 5
610 6
610 8
611 0
611 1
611 3
611 5
611 8
611 9
611 16
611 97
612 0
612 2
612 3
612 5
612 6
612 444
613 0
613 1
613 3
613 5
613 7
613 22
613 206
613 447
614 1
614 2
614 5
614 6
614 76
614 77
614 86
615 1
615 2
615 3
615 4
615 6
615 7
616 0
616 1
616 2
616 3
616 4
616 7
616 34
617 0
617 2
617 5
617 6
617 7
617 109
617 417
618 0
618 1
618 2
618 3
618 5
618 7
618 14
619 0
619 1
619 2
619 3
619 7
619 8
619 13
619 30
619 126
620 1
620 2
620 3
620 4
620 6
620 7
620 8
620 47
621 0
621 1
621 2
621 5
621 7
621 8
621 338
622 0
622 5
622 7
622 8
622 275
623 0
623 2
623 3
623 4
623 5
623 7
623 13
623 143
624 0
624 1
624 2
624 5
624 7
624 8
624 189
625 0
625 1
625 2
625 3
625 4
625 59
626 0
626 5
626 9
626 13
626 313
626 349
627 1
627 2
627 3
627 4
627 5
627 7
627 14
627 42
627 388
628 0
628 1
628 2
628 3
628 4
628 5
628 7
628 14
629 0
629 1
629 2
629 3
629 4
629 5
629 7
629 8
629 9
629 13
630 1
630 2
630 5
630 6
630 7
630 35
631 5
631 9
631 16
631 97
631 203
631 256
632 0
632 1
632 3
632 4
632 5
632 7
632 43
632 267
633 0
633 3
633 4
633 7
633 13
633 30
634 1
634 3
634 8
634 9
634 97
635 0
635 4
635 9
635 13
635 49
635 300
636 0
636 1
636 6
636 7
636 8
636 109
636 142
636 233
636 257
637 0
637 1
637 2
637 3
637 5
637 7
637 8
638 0
638 3
638 5
638 9
638 13
638 182
638 313
639 2
639 5
639 8
639 9
639 13
639 16
639 332
640 3
640 5
640 7
641 0
641 6
641 7
641 8
641 47
642 1
642 3
642 6
642 90
642 102
642 317
643 0
643 1
643 2
643 3
643 4
643 5
643 6
643 7
643 8
644 1
644 3
644 4
644 5
644 7
644 43
644 46
645 0
645 1
645 3
645 4
645 6
645 7
645 47
645 134
646 1
646 3
646 5
646 204
646 244
647 1
647 3
647 4
647 5
647 7
648 0
648 1
648 3
648 5
648 6
648 7
648 8
648 109
649 0
649 1
649 4
649 5
649 7
649 43
649 46
650 0
650 1
650 3
650 4
650 5
650 9
650 91
651 0
651 3
651 5
651 7
652 0
652 1
652 2
652 5
652 8
653 0
653 1
653 2
653 3
653 5
653 8
653 109
654 0
654 1
654 2
654 3
654 4
654 9
654 13
654 49
655 0
655 2
655 4
655 5
655 7
655 8
655 273
656 0
656 2
656 3
656 5
656 7
656 8
657 1
657 2
657 4
657 5
657 7
658 3
658 5
658 7
658 288
659 0
659 2
659 5
659 7
659 8
659 637
660 0
660 3
660 4
660 5
660 9
660 91
661 0
661 1
661 2
661 3
661 5
661 8
661 9
661 13
661 160
662 0
662 1
662 3
662 4
662 7
662 34
663 0
663 1
663 3
663 4
663 5
663 91
664 0
664 1
664 3
664 4
664 9
664 559
665 0
665 1
665 3
665 4
665 9
665 70
666 2
666 6
666 7
666 8
666 47
666 286
667 1
667 3
667 4
667 6
667 7
668 0
668 1
668 2
668 3
668 5
668 6
668 7
668 8
668 109
669 0
669 1
669 4
669 9
669 559
669 664
670 0
670 1
670 2
670 3
670 4
670 5
670 7
670 8
670 9
670 13
671 0
671 1
671 2
671 3
671 5
671 6
672 1
672 5
672 6
672 7
672 35
673 0
673 3
673 7
673 271
673 383
674 0
674 1
674 3
674 5
674 7
674 379
675 0
675 1
675 2
675 3
675 4
675 7
675 14
675 20
675 186
676 0
676 3
676 5
676 7
676 22
677 1
677 2
677 6
677 7
677 35
677 62
677 129
678 0
678 1
678 2
678 4
678 5
679 0
679 3
679 4
679 7
679 8
680 0
680 1
680 2
680 3
680 5
680 8
680 9
680 13
680 453
681 0
681 1
681 2
681 5
682 0
682 1
682 2
682 3
682 4
682 5
682 6
682 73
683 0
683 3
683 5
683 9
683 336
684 0
684 1
684 2
684 3
684 5
684 6
684 7
684 8
684 109
685 3
685 5
685 7
686 0
686 1
686 2
686 3
686 4
687 0
687 1
687 2
687 3
687 4
687 5
687 8
687 13
688 0
688 1
688 4
688 6
688 380
689 0
689 2
689 3
689 4
689 7
689 13
689 143
690 1
690 2
690 3
690 4
690 6
690 73
690 682
691 1
691 5
691 6
691 7
691 8
691 109
691 279
691 337
692 0
692 1
692 3
692 5
692 7
692 482
693 1
693 3
693 4
693 5
693 6
693 7
693 90
694 1
694 3
694 5
694 6
694 7
694 8
694 109
694 414
695 1
695 3
695 5
695 7
695 14
695 103
695 347
696 0
696 1
696 3
696 4
696 5
696 22
696 579
697 0
697 1
697 2
697 3
697 4
697 6
697 7
697 8
697 47
697 53
698 0
698 1
698 3
698 5
698 7
698 9
699 0
699 2
699 3
699 4
699 5
699 6
699 7
700 0
700 1
700 2
700 3
700 7
700 8
700 13
700 115
700 126
700 411
700 429
701 0
701 1
701 2
701 3
701 4
701 5
701 6
701 7
702 1
702 2
702 4
702 5
702 6
702 7
702 35
703 1
703 2
703 3
703 5
703 7
704 1
704 2
704 3
704 4
704 5
704 6
705 0
705 1
705 2
705 3
705 59
706 2
706 5
706 7
706 8
706 189
707 0
707 2
707 3
707 6
707 7
707 8
707 47
708 0
708 3
708 4
708 5
708 7
709 1
709 2
709 4
709 5
709 6
709 35
710 4
710 5
710 6
710 7
710 35
711 0
711 1
711 3
711 4
711 5
711 7
711 267
711 632
712 0
712 2
712 4
712 5
712 8
712 13
712 30
713 0
713 1
713 3
713 4
713 7
713 34
714 1
714 2
714 3
714 4
714 6
714 7
714 615
715 1
715 5
715 6
715 7
715 35
716 0
716 1
716 2
716 3
716 6
716 82
716 232
717 0
717 2
717 3
717 6
717 7
718 1
718 2
718 3
718 4
718 5
718 7
718 74
718 159
718 170
719 1
719 3
719 8
719 9
719 97
720 1
720 2
720 3
720 5
720 8
720 9
720 453
721 1
721 4
721 7
721 35
722 1
722 3
722 4
722 5
722 6
722 7
722 90
723 0
723 1
723 2
723 3
723 5
723 7
723 8
723 109
724 0
724 1
724 2
724 4
724 5
724 76
724 77
724 344
724 479
725 0
725 1
725 3
725 4
725 5
725 22
725 579
726 0
726 1
726 3
726 5
726 6
726 8
726 109
727 0
727 1
727 2
727 4
727 5
727 7
727 8
727 9
727 13
727 298
728 0
728 1
728 3
728 4
728 7
728 47
728 134
728 149
729 0
729 2
729 3
729 5
729 9
729 214
730 0
730 1
730 2
730 3
730 8
730 13
730 115
730 126
730 429
730 700
731 0
731 2
731 3
731 6
731 7
731 717
732 3
732 4
732 5
732 6
732 195
733 2
733 6
733 7
733 8
733 47
733 286
734 0
734 1
734 3
734 4
734 5
734 7
735 0
735 2
735 4
735 5
735 8
735 9
735 16
736 0
736 2
736 3
736 5
736 9
736 214
736 729
737 0
737 1
737 5
737 8
737 9
737 16
737 97
738 0
738 1
738 2
738 3
738 4
739 0
739 1
739 3
739 4
739 5
739 7
739 22
740 0
740 4
740 5
740 9
740 91
740 660
741 0
741 1
741 2
741 3
741 4
741 5
741 6
741 7
742 0
742 1
742 8
742 109
742 142
743 1
743 2
743 3
743 4
743 6
743 74
743 220
744 0
744 2
744 8
744 275
745 0
745 1
745 2
745 3
746 0
746 1
746 5
746 6
746 7
746 113
746 382
747 1
747 3
747 5
747 7
748 6
748 7
748 8
748 142
748 233
748 334
749 0
749 2
749 3
749 5
749 6
749 8
749 444
750 1
750 2
750 4
750 5
750 7
750 408
751 0
751 1
751 2
751 3
751 4
751 5
751 7
751 8
751 13
752 2
752 5
752 35
752 57
753 0
753 2
753 3
753 4
753 5
753 7
753 13
753 143
754 0
754 1
754 2
754 3
754 4
754 5
754 7
754 8
754 9
754 13
755 0
755 2
755 3
755 4
755 5
755 7
755 8
755 13
755 30
756 2
756 3
756 4
756 5
756 6
756 7
756 146
757 1
757 2
757 3
757 4
757 9
757 13
757 16
758 0
758 2
758 3
758 4
758 5
758 7
758 8
759 0
759 1
759 2
759 3
759 4
760 1
760 4
760 5
760 6
760 7
760 90
761 0
761 2
761 3
761 4
761 5
761 6
761 7
761 545
762 0
762 1
762 8
762 109
762 142
763 1
763 2
763 5
763 6
763 7
763 8
763 109
764 0
764 2
764 3
764 4
764 7
764 14
764 20
764 92
764 186
764 199
765 0
765 1
765 2
765 3
765 5
765 7
765 8
766 1
766 4
766 5
766 6
766 7
766 90
766 155
767 0
767 3
767 7
767 47
767 82
767 181
768 1
768 2
768 6
768 7
768 8
768 109
768 258
769 0
769 1
769 3
769 5
769 7
769 43
769 267
770 0
770 1
770 2
770 4
770 7
770 14
770 20
770 92
771 1
771 2
771 6
771 7
771 35
771 62
771 129
771 215
772 0
772 1
772 2
773 1
773 4
773 5
773 6
773 35
773 57
773 75
774 0
774 1
774 3
774 4
774 7
774 22
775 0
775 1
775 2
775 3
775 4
775 7
775 8
775 13
776 0
776 1
776 2
776 4
776 5
776 6
777 0
777 1
777 2
777 4
777 5
777 6
777 76
777 77
777 86
778 2
778 5
778 8
778 9
778 16
778 332
779 0
779 3
779 4
779 5
779 7
779 13
779 153
780 1
780 2
780 4
781 0
781 2
781 4
781 224
781 480
782 0
782 1
782 2
782 3
782 4
782 5
782 6
782 7
783 0
783 2
783 5
783 7
783 8
783 275
783 423
784 0
784 1
784 3
784 6
784 7
784 47
784 134
784 149
784 162
785 1
785 4
785 5
785 7
785 43
785 46
786 0
786 3
786 5
786 9
786 13
786 182
786 313
787 0
787 1
787 3
787 4
787 5
787 7
788 0
788 4
788 9
788 13
788 49
789 3
789 6
789 7
789 88
789 239
790 0
790 1
791 0
791 1
791 4
791 5
792 0
792 2
792 4
792 224
792 480
793 0
793 1
793 5
793 17
794 0
794 1
794 2
794 3
794 5
794 6
794 7
794 8
794 109
794 258
795 0
795 2
795 3
795 4
795 8
795 47
796 0
796 1
796 3
796 4
796 5
796 9
796 119
796 328
797 0
797 1
797 2
797 3
797 4
797 5
797 7
797 14
797 20
797 410
798 1
798 2
798 3
798 4
798 5
798 6
798 7
798 74
799 0
799 1
799 2
799 4
799 5
799 7
799 8
799 9
800 1
800 2
800 5
800 8
800 338
801 0
801 1
801 2
801 3
801 5
801 7
801 8
802 0
802 1
802 3
802 4
802 7
803 0
803 2
803 3
803 5
803 6
803 7
803 8
804 1
804 2
804 4
804 6
804 7
804 35
804 325
805 0
805 1
805 2
805 3
805 7
805 8
805 30
805 115
806 0
806 1
806 2
806 3
806 59
806 705
807 0
807 1
807 2
807 3
807 4
807 6
807 7
807 8
808 0
808 1
808 4
808 6
808 380
809 0
809 1
809 2
809 3
809 7
809 8
809 13
809 115
810 0
810 3
810 4
810 7
810 47
810 134
811 1
811 3
811 4
811 5
811 6
811 90
811 102
812 1
812 3
812 4
812 5
812 6
812 7
812 302
813 1
813 3
813 5
813 7
813 14
813 103
813 347
813 695
814 0
814 1
814 2
814 3
814 4
814 5
814 7
814 8
814 13
815 1
815 2
815 3
815 4
815 5
815 7
816 0
816 1
816 3
816 5
816 7
816 8
816 9
816 453
817 1
817 3
817 5
817 204
818 0
818 4
818 9
818 49
818 300
819 0
819 3
819 4
819 5
819 7
819 9
820 0
820 1
820 3
820 4
820 7
821 0
821 1
821 2
821 4
821 5
821 7
821 8
821 9
821 13
822 0
822 1
822 19
823 0
823 1
823 2
823 4
823 5
823 7
823 13
823 30
823 54
823 235
824 0
824 1
824 3
824 4
824 7
824 22
825 2
825 4
825 5
825 8
825 13
825 30
826 0
826 1
826 2
826 3
826 4
826 5
826 7
826 14
826 42
826 388
827 0
827 1
827 2
827 5
827 8
827 275
828 1
828 2
828 3
828 4
828 5
828 8
828 9
828 13
828 16
829 0
829 1
829 2
829 3
829 5
829 8
829 9
829 13
829 16
830 2
830 3
830 4
830 58
831 0
831 1
831 2
831 4
831 5
831 7
831 8
831 9
832 0
832 2
832 3
832 4
832 8
832 9
832 49
832 168
832 471
833 0
833 3
833 4
833 5
833 7
833 8
833 13
833 30
834 0
834 2
834 6
834 7
834 109
835 0
835 3
835 4
835 6
835 7
835 47
835 134
836 0
836 1
836 3
836 4
836 5
836 7
836 8
836 9
836 13
837 1
837 2
837 3
837 74
838 3
838 4
838 5
838 7
839 0
839 2
839 3
839 4
839 7
839 14
839 20
840 0
840 1
840 3
840 4
840 7
841 0
841 4
841 6
841 8
842 0
842 2
842 5
842 7
842 8
843 1
843 3
843 4
843 5
843 7
843 43
843 46
844 0
844 2
844 4
844 6
844 7
844 8
844 47
844 286
844 434
845 1
845 2
845 5
845 6
845 7
845 35
845 62
845 129
846 0
846 1
846 3
846 5
846 7
846 8
846 189
847 0
847 1
847 2
847 3
847 5
847 6
847 7
847 8
847 109
847 258
848 1
848 3
848 8
848 9
848 97
848 634
849 0
849 2
849 3
849 6
849 7
850 0
850 1
850 17
850 281
851 0
851 2
851 5
851 7
851 8
851 189
852 0
852 2
852 4
852 5
852 7
852 8
852 13
852 30
852 194
853 0
853 1
853 6
853 7
853 8
853 109
853 142
853 184
854 0
854 4
854 5
854 198
855 0
855 1
855 2
855 3
855 4
855 6
855 7
855 8
855 47
856 1
856 2
856 4
856 5
856 8
856 9
856 828
857 5
857 9
857 16
857 97
857 203
857 256
857 631
858 0
858 2
858 4
858 5
858 7
858 8
858 13
858 30
859 1
859 2
859 4
859 5
859 8
859 9
860 0
860 1
860 2
860 3
860 7
860 8
860 13
860 115
860 809
861 0
861 1
861 4
861 5
861 7
861 22
861 739
862 0
862 1
862 3
862 5
862 692
863 0
863 2
863 5
863 6
863 109
863 145
864 0
864 1
864 2
864 4
864 6
864 7
864 8
864 223
865 0
865 1
865 3
865 4
866 2
866 3
866 4
866 6
866 7
866 615
867 1
867 2
867 4
867 5
868 0
868 1
868 2
868 4
868 6
868 8
868 73
868 236
869 0
869 1
869 3
869 4
869 7
869 22
870 0
870 3
870 5
870 7
870 651
871 0
871 1
871 2
871 3
871 5
871 6
871 7
871 8
871 109
871 407
872 1
872 2
872 4
872 6
872 76
872 77
872 465
873 1
873 2
873 3
873 4
873 6
873 7
873 8
874 0
874 1
874 2
874 3
874 4
874 5
875 0
875 1
875 2
875 3
875 4
875 5
875 8
875 9
876 0
876 2
876 3
876 4
876 8
876 9
876 49
876 168
876 471
877 0
877 1
877 4
877 5
877 7
878 0
878 1
878 2
878 4
878 5
878 8
878 9
878 13
878 16
878 83
879 1
879 3
879 4
879 5
879 22
880 0
880 1
880 2
880 3
880 5
880 6
880 8
880 109
881 1
881 2
881 3
881 4
881 5
881 6
881 7
882 0
882 1
882 2
882 3
882 5
882 7
882 8
882 189
883 0
883 2
883 3
883 4
883 6
883 7
883 47
883 134
884 1
884 4
884 5
884 6
884 7
884 90
885 0
885 1
885 3
885 4
885 7
885 14
885 20
885 123
886 1
886 2
886 4
886 5
886 6
886 7
886 35
886 175
887 1
887 2
887 4
887 5
887 7
887 35
888 1
888 2
888 4
888 77
888 465
888 872
889 0
889 4
889 5
889 6
889 76
889 77
890 0
890 3
890 4
890 5
890 7
890 22
891 0
891 1
891 3
891 4
891 9
891 303
892 0
892 3
892 5
892 8
892 9
892 13
892 16
893 1
893 3
893 4
893 5
893 7
893 22
893 71
894 1
894 3
894 5
894 6
894 8
894 279
895 0
895 2
895 3
895 5
895 9
895 214
896 1
896 3
896 4
896 6
896 7
896 8
896 620
897 0
897 3
897 4
897 7
897 8
898 1
898 5
898 8
898 9
898 16
898 332
899 0
899 1
899 2
899 3
899 5
899 6
899 7
899 8
899 109
900 0
900 1
900 3
900 5
900 22
900 39
900 254
900 393
901 0
901 1
901 3
901 5
902 1
902 2
902 3
902 4
902 5
902 7
903 1
903 2
903 3
903 4
903 5
903 6
903 7
903 395
903 438
904 0
904 3
904 5
904 9
904 13
904 313
905 0
905 1
905 2
905 3
905 4
905 5
906 1
906 3
906 4
906 5
906 6
906 90
906 102
906 386
907 0
907 5
907 7
907 13
907 30
907 194
907 354
908 3
908 5
908 7
909 1
909 2
909 5
909 6
909 7
909 35
910 0
910 2
910 5
910 7
910 8
910 189
911 0
911 1
911 17
911 281
911 594
912 0
912 1
912 2
912 4
912 5
912 8
912 73
912 236
913 3
913 4
913 5
913 22
913 125
913 147
914 0
914 2
914 5
914 7
914 8
914 275
914 423
914 783
915 1
915 2
915 3
915 4
915 5
915 6
915 7
915 21
916 1
916 2
916 4
916 5
916 8
916 9
917 0
917 2
917 3
917 4
917 5
917 7
917 8
918 0
918 1
918 2
918 4
918 5
918 6
918 76
918 77
918 344
918 479
919 0
919 1
919 4
919 22
920 0
920 3
920 4
920 5
920 9
920 91
921 0
921 1
921 2
921 3
921 4
921 5
921 9
921 13
921 298
922 0
922 1
922 2
922 3
922 6
922 7
922 8
922 47
922 855
923 1
923 6
923 7
923 35
923 62
923 129
924 3
924 5
924 7
924 288
925 2
925 3
925 4
925 5
925 8
925 9
926 0
926 1
926 2
926 4
926 5
926 76
926 77
927 1
927 2
927 4
927 5
927 9
927 828
928 3
928 5
928 7
929 1
929 5
929 6
929 7
929 35
930 0
930 3
930 4
930 7
930 779
931 1
931 2
931 4
931 6
931 76
931 492
932 0
932 1
932 2
932 3
932 5
932 7
932 14
933 0
933 1
933 2
933 4
933 5
933 9
933 16
933 83
934 0
934 1
934 2
934 5
934 6
934 7
934 8
934 109
934 113
935 0
935 1
935 6
935 7
935 109
936 0
936 1
936 3
936 5
936 7
936 482
937 0
937 1
937 4
937 6
937 7
937 47
937 134
937 149
938 0
938 1
938 2
938 4
938 5
938 6
938 7
938 8
939 1
939 2
939 3
939 4
939 5
939 7
939 13
939 30
940 0
940 1
940 3
940 4
940 5
940 8
940 13
940 16
941 1
941 4
941 5
941 6
941 35
941 57
942 2
942 4
942 5
942 6
942 7
942 35
942 57
942 107
943 3
943 5
943 7
944 0
944 1
944 2
944 3
944 4
944 5
944 13
944 68
945 1
945 2
945 4
945 5
945 6
945 7
946 0
946 1
946 3
946 4
946 7
946 17
947 0
947 1
947 3
947 4
947 7
947 69
947 595
948 0
948 2
948 3
948 5
948 6
948 444
949 0
949 1
949 2
949 3
949 5
949 7
949 8
950 0
950 1
950 2
950 3
950 4
950 6
950 8
951 0
951 1
951 2
951 4
951 5
951 6
951 7
951 8
951 223
952 0
952 1
952 2
952 4
952 5
952 6
952 76
952 77
952 86
952 353
953 1
953 2
953 3
953 74
953 159
954 0
954 1
954 6
954 7
954 8
954 109
954 233
955 3
955 5
955 7
955 288
956 0
956 1
956 3
956 4
956 5
956 7
956 14
957 1
957 2
957 5
957 7
957 74
957 159
957 170
958 1
958 2
958 3
958 4
958 9
958 13
958 16
959 0
959 3
959 7
959 47
959 181
960 0
960 1
960 2
960 3
960 7
960 13
960 30
960 126
960 619
961 3
961 5
961 7
961 282
962 0
962 1
962 3
962 5
962 8
962 9
962 16
962 611
963 0
963 1
963 2
963 5
963 7
963 8
963 189
963 275
964 0
964 2
964 3
964 4
964 5
964 6
964 7
964 545
965 0
965 1
965 2
965 3
965 4
965 7
965 8
965 13
965 30
965 115
966 0
966 2
966 3
966 4
966 8
966 9
966 49
966 168
966 471
967 3
967 4
967 5
967 7
968 0
968 1
968 3
968 4
968 5
968 7
968 267
968 632
968 711
969 0
969 2
969 3
969 4
969 5
969 7
969 8
969 13
969 30
969 755
970 1
970 3
970 4
970 5
970 7
970 9
970 101
971 0
971 2
971 5
971 8
971 189
972 0
972 1
972 2
972 4
972 5
973 0
973 1
973 2
973 3
973 4
973 5
973 8
973 9
974 0
974 2
974 3
974 4
974 6
974 7
974 8
974 274
975 0
975 2
975 3
975 4
975 7
975 20
976 0
976 3
976 5
976 9
976 13
976 182
976 313
977 0
977 1
977 7
977 8
977 189
977 275
978 0
978 2
978 3
978 5
978 7
978 8
978 109
979 0
979 3
979 4
979 5
979 7
979 30
979 153
980 0
980 1
980 3
980 4
980 5
980 7
980 9
981 0
981 1
981 5
981 7
981 17
982 0
982 7
982 310
982 564
983 0
983 2
983 3
983 5
983 8
983 9
983 13
983 160
984 0
984 1
984 6
984 7
984 8
984 109
985 0
985 1
985 3
985 5
985 7
985 43
985 267
986 0
986 1
986 3
986 4
986 6
986 7
986 47
986 134
986 149
987 0
987 1
987 2
987 3
987 5
987 6
987 7
987 741
988 0
988 2
988 3
988 4
988 5
988 7
988 8
988 273
989 0
989 1
989 6
989 7
989 8
989 109
989 142
990 3
990 4
990 8
990 13
990 30
990 143
991 0
991 2
991 3
991 5
991 6
991 8
992 0
992 1
992 5
992 8
992 189
993 0
993 1
993 2
993 3
993 4
993 5
993 7
993 14
993 20
994 0
994 1
994 3
994 4
994 5
994 7
994 956
995 1
995 3
995 4
995 5
995 6
995 7
995 302
996 5
996 9
996 13
996 182
997 1
997 2
997 3
997 7
997 21
997 437
998 0
998 2
998 3
998 5
998 6
998 444
999 1
999 2
999 5
999 6
999 7
999 35
