1 0
2 0
2 1
3 0
3 1
3 2
4 0
4 1
4 2
4 3
5 0
5 1
5 2
5 3
5 4
6 0
6 1
6 2
6 3
6 4
6 5
7 0
7 1
7 2
7 3
7 4
7 5
7 6
8 0
8 1
8 2
8 3
8 4
8 5
8 6
8 7
9 0
9 1
9 2
9 3
9 4
9 5
9 6
9 7
9 8
10 2
10 3
10 6
10 8
10 9
11 0
11 1
11 4
11 5
11 7
12 0
12 3
13 0
13 2
13 4
14 4
14 8
15 1
16 5
16 6
16 8
17 2
17 6
18 6
18 8
18 16
19 8
19 16
19 18
20 0
20 5
21 0
22 0
22 2
22 4
22 6
23 8
23 18
24 0
25 0
25 3
25 4
26 0
26 2
27 0
27 1
27 3
27 4
28 1
28 2
29 1
29 2
29 6
31 2
31 3
31 5
32 0
32 3
33 2
33 7
34 0
34 1
34 5
35 8
35 16
36 0
36 2
36 3
37 6
37 8
37 18
38 6
38 8
39 1
39 2
39 4
39 6
39 7
40 4
40 25
41 8
42 0
42 11
43 1
44 8
45 8
45 16
46 3
46 7
47 8
47 18
48 4
48 5
48 11
49 0
49 2
50 0
50 2
51 0
51 3
52 8
53 0
54 2
55 5
56 4
57 1
57 2
57 7
58 0
59 0
59 1
59 2
59 4
60 4
60 22
61 4
62 0
63 7
63 46
64 0
64 5
64 7
64 9
65 3
65 12
66 4
67 1
67 5
69 0
69 4
69 5
69 11
70 1
70 4
71 2
71 4
72 3
72 7
72 46
73 8
74 2
74 4
75 3
75 32
76 3
76 7
77 3
77 6
77 8
77 9
78 1
78 4
79 1
80 45
81 6
82 1
82 15
83 0
83 1
83 3
83 4
83 9
84 4
86 0
86 1
86 2
86 8
87 1
89 8
89 18
89 19
90 0
90 3
90 5
90 6
90 7
90 9
91 0
91 3
91 4
91 6
91 7
92 4
92 5
93 0
93 3
93 4
94 0
94 4
94 6
94 91
95 0
96 4
98 0
98 1
98 9
100 0
100 1
100 3
101 0
102 2
102 3
102 5
103 2
103 6
104 0
104 1
104 4
104 9
104 83
105 8
105 47
106 4
106 48
107 1
108 5
109 2
110 0
111 3
111 32
113 4
113 48
113 106
114 18
115 0
115 4
115 25
116 0
116 2
116 50
117 1
117 43
118 4
118 48
120 32
120 111
121 4
121 5
122 2
122 6
123 2
123 31
124 1
124 8
125 5
126 1
126 7
127 0
127 1
127 3
128 9
129 16
130 3
130 7
131 1
131 2
132 3
133 0
133 4
133 25
134 0
134 116
135 1
136 0
136 93
137 2
137 3
137 8
137 9
137 10
138 3
138 32
138 75
139 0
140 2
140 28
141 0
141 4
142 0
143 0
143 1
143 4
143 7
144 0
145 0
145 116
146 0
146 1
146 4
146 143
147 4
148 6
149 8
149 86
150 0
151 18
152 17
153 3
155 0
156 11
157 2
157 5
157 8
158 4
158 133
159 3
159 4
160 0
160 3
160 4
160 5
162 0
162 20
163 1
163 4
164 1
164 3
164 4
165 4
166 3
166 4
167 4
167 6
168 5
169 0
169 162
170 0
170 3
170 160
171 1
171 143
172 1
172 5
173 1
174 6
174 8
174 16
176 3
176 4
177 1
177 2
178 2
178 4
179 2
179 31
180 1
180 2
180 3
180 4
181 0
181 3
181 4
181 93
182 8
182 16
182 18
183 0
183 4
183 93
184 0
184 162
185 0
185 62
186 3
186 4
187 1
187 3
188 0
189 9
189 128
190 0
190 1
190 98
191 0
191 11
192 0
192 3
192 6
192 7
193 0
193 2
194 2
194 3
194 5
194 7
195 1
196 2
196 28
198 3
200 5
200 6
200 9
201 3
201 5
202 6
202 148
203 86
203 149
204 0
204 3
205 4
205 78
206 3
206 4
207 0
207 4
207 93
208 0
208 4
208 115
209 4
209 9
210 8
211 8
211 210
212 4
212 113
213 1
213 2
213 28
214 0
214 3
215 6
216 0
216 1
216 7
217 0
217 188
218 2
218 4
218 7
218 39
219 45
220 144
221 2
223 6
224 4
225 0
225 3
225 9
226 1
226 4
228 1
228 4
228 39
229 0
229 3
230 0
230 51
231 1
231 213
232 4
233 6
233 16
233 174
234 0
234 162
235 18
236 2
236 4
237 0
238 93
239 0
240 6
240 77
241 5
241 160
242 0
242 4
243 1
243 143
244 6
244 18
245 32
245 75
246 0
246 2
246 4
246 5
246 8
247 4
247 208
248 3
248 9
248 225
249 6
250 93
250 183
251 3
251 248
253 93
253 183
253 250
254 48
255 0
255 141
256 1
256 2
256 29
257 7
258 5
258 11
259 0
259 1
259 3
259 100
260 0
260 3
261 39
261 218
262 0
262 2
262 7
263 6
263 16
263 18
264 1
265 0
265 143
266 0
267 2
267 8
267 9
268 6
268 8
269 3
269 8
269 9
270 4
271 2
271 54
273 1
273 213
274 4
274 78
275 4
275 78
276 0
277 1
278 2
278 4
279 162
280 116
281 0
281 3
281 93
282 3
283 6
284 0
284 21
285 6
285 16
285 174
285 233
286 0
286 134
287 0
287 7
287 91
288 1
288 273
289 0
289 20
290 2
290 28
290 213
291 6
293 5
293 168
294 4
294 25
295 9
296 18
297 4
298 0
298 3
299 8
300 2
301 2
302 2
302 6
303 8
303 73
304 0
305 4
307 2
308 0
308 116
308 145
309 3
309 5
309 6
309 90
310 16
311 4
312 144
313 8
313 47
314 5
315 0
315 98
316 0
317 3
317 8
317 9
318 1
318 3
318 4
319 4
319 106
320 1
320 11
321 0
321 1
321 2
321 3
322 1
322 273
324 2
324 7
324 39
325 1
325 4
325 9
325 83
326 1
326 3
326 4
326 8
327 4
327 106
327 319
328 4
328 25
329 1
330 5
331 2
331 140
332 1
332 8
333 8
334 4
335 6
335 29
336 0
336 4
336 133
337 7
338 1
338 2
338 6
338 39
339 17
339 152
340 2
340 4
340 22
341 4
341 133
342 0
343 1
343 98
344 2
344 4
345 2
345 3
345 31
346 7
346 46
348 83
349 1
349 4
349 83
349 104
350 246
351 1
351 2
351 4
352 94
353 0
353 1
353 3
353 4
353 9
354 1
354 2
354 57
355 1
355 7
356 16
356 174
357 0
357 3
357 6
358 1
358 164
359 4
360 1
361 4
362 2
363 4
363 5
363 92
364 8
364 16
365 6
365 8
365 16
366 2
367 1
367 288
368 3
368 4
368 318
370 0
370 4
371 4
372 0
374 0
375 0
376 4
376 83
376 104
376 349
377 8
377 44
380 6
380 16
381 3
381 7
382 4
383 1
383 264
384 0
384 20
385 6
385 9
386 3
386 9
387 213
388 6
388 122
389 0
389 4
389 370
390 6
391 2
391 6
392 0
392 150
394 93
395 2
395 179
396 6
396 8
399 0
399 1
400 116
400 134
402 2
402 3
402 31
402 345
403 4
403 83
404 4
405 3
406 2
407 1
408 77
409 7
410 3
410 386
411 385
412 3
412 4
413 3
413 7
414 273
415 0
415 1
415 3
416 4
416 327
417 320
418 32
418 75
420 228
421 228
422 0
422 93
423 7
425 3
425 4
425 7
426 0
426 1
427 6
427 29
428 235
429 2
431 9
432 18
432 235
434 0
434 183
435 1
436 4
437 1
437 3
438 4
438 104
438 376
439 0
439 13
440 7
441 4
442 0
443 5
444 48
444 113
445 2
445 6
445 17
446 1
446 4
447 4
447 11
448 255
449 2
449 300
450 2
450 13
451 78
452 1
452 7
453 4
453 319
455 8
455 18
455 182
456 113
458 75
459 6
459 309
461 6
461 223
463 3
463 25
464 16
465 28
466 17
467 0
467 204
468 4
468 181
470 25
471 339
472 93
474 9
474 385
475 9
476 3
477 1
478 48
479 0
479 93
480 228
481 3
482 127
483 186
484 4
485 5
485 314
486 0
486 25
487 0
487 191
488 6
488 16
489 186
490 0
491 2
491 262
492 16
493 4
493 186
494 45
495 29
496 0
496 2
497 6
497 17
498 2
499 4
499 274
500 168
501 0
501 2
501 5
501 7
502 93
502 281
503 77
503 408
504 3
504 8
505 442
506 4
507 6
507 16
508 0
509 5
509 7
509 8
510 4
511 4
512 2
512 7
512 194
513 5
514 31
515 5
516 0
516 1
516 4
516 5
518 0
519 3
519 8
520 11
521 0
521 4
521 370
522 1
522 172
523 0
523 4
523 93
524 0
524 6
524 94
525 1
526 28
526 196
527 0
527 230
528 0
528 21
529 194
530 3
530 93
530 281
531 31
531 402
532 6
532 81
533 1
533 2
534 31
534 402
535 2
535 3
535 102
536 4
536 22
536 60
538 3
539 31
540 0
542 104
542 376
543 0
543 4
544 0
544 5
545 5
545 7
545 8
546 0
547 0
548 2
549 8
550 93
551 0
551 2
552 3
553 193
554 1
555 0
555 4
556 16
556 129
558 4
558 351
560 48
561 8
561 9
562 1
563 1
564 228
565 3
566 0
566 1
566 2
567 233
569 18
570 1
570 3
570 5
571 4
572 2
572 498
573 4
573 96
574 0
574 1
574 2
574 4
574 5
574 6
575 2
576 181
577 3
578 4
578 371
579 0
580 5
580 7
580 8
581 0
581 3
581 192
582 4
582 133
583 4
583 318
583 368
584 1
585 93
586 2
586 31
586 345
586 402
587 3
587 4
587 368
588 22
589 4
589 7
589 8
590 48
591 1
592 1
592 5
593 39
594 9
595 16
596 1
596 2
597 116
598 16
599 6
600 3
601 191
602 4
603 77
603 503
604 8
605 4
606 1
606 3
606 9
606 353
607 8
608 3
609 0
609 1
610 106
611 5
611 201
613 1
614 77
614 240
615 39
615 261
617 0
617 1
617 3
618 0
618 255
619 16
620 274
621 2
622 183
623 1
624 5
624 92
625 3
626 20
627 1
627 2
627 4
627 8
628 3
628 565
629 3
629 4
629 425
630 246
631 0
631 579
632 3
632 410
633 274
633 620
636 4
636 328
637 0
638 1
639 0
639 24
641 2
641 512
642 2
642 6
642 302
643 2
643 5
643 7
644 522
645 0
645 2
646 2
646 5
647 2
648 570
649 8
650 3
651 4
651 521
652 0
652 13
653 4
653 5
654 8
654 157
655 1
656 17
656 152
657 2
658 11
658 258
659 16
660 16
660 174
661 0
661 4
662 2
663 218
664 0
664 24
664 639
665 3
665 31
666 228
667 0
667 1
667 415
668 18
669 0
670 235
670 428
671 196
672 2
673 0
673 93
673 422
674 4
674 425
676 9
677 5
677 125
678 3
678 4
679 6
679 81
679 532
680 233
680 567
681 8
681 210
682 0
682 7
682 9
683 116
684 4
684 78
684 274
685 31
685 539
686 218
687 4
687 104
687 376
688 0
689 4
689 318
689 368
689 583
691 3
691 552
692 196
692 671
693 186
694 5
695 9
695 353
696 4
697 1
698 2
699 2
699 572
700 104
700 349
701 2
701 321
702 0
702 336
703 3
703 4
704 6
704 29
704 427
705 71
706 6
706 532
707 1
707 187
708 228
709 4
709 224
710 7
711 3
711 102
711 535
713 11
714 4
715 2
715 340
716 0
716 4
717 4
718 2
719 60
720 4
720 133
721 3
722 4
722 163
723 174
724 192
724 581
725 2
725 621
726 2
726 5
726 6
727 181
727 468
728 3
728 617
729 0
729 4
730 116
730 597
731 174
732 133
732 341
733 2
733 39
734 1
734 3
734 4
734 318
735 104
735 376
735 438
736 3
737 614
738 186
740 3
740 625
741 1
741 187
741 707
743 186
744 160
745 9
746 2
746 3
746 9
746 10
746 137
747 7
748 182
749 3
749 6
749 7
749 9
750 1
750 3
751 16
751 174
751 233
751 285
754 1
754 2
754 29
755 345
756 98
756 190
757 4
757 714
758 162
758 184
759 102
760 5
761 81
761 679
762 0
763 2
763 86
765 4
765 318
766 1
766 2
769 4
769 25
770 274
771 4
772 415
773 2
773 3
773 8
773 9
774 129
775 2
776 4
777 0
778 143
778 243
779 4
780 1
781 9
782 93
782 523
783 3
783 6
783 309
784 0
785 7
785 194
786 6
787 0
788 7
790 5
790 6
790 8
791 302
792 3
792 9
793 8
793 47
795 2
796 0
797 2
797 3
797 5
797 31
798 3
798 9
798 10
798 137
800 17
801 16
802 336
803 0
804 678
806 44
806 377
807 75
808 3
808 4
808 93
808 181
810 104
810 349
811 1
812 3
812 9
812 137
813 281
815 4
815 403
816 4
817 16
817 285
818 6
819 1
819 2
821 8
821 16
822 2
823 9
823 749
824 93
825 2
825 331
826 2
827 0
827 116
828 2
829 213
830 6
830 192
831 7
832 0
832 639
833 8
833 654
834 2
834 301
835 2
835 4
837 2
838 1
838 584
839 3
839 425
840 7
841 339
843 3
844 380
845 9
846 415
846 667
847 4
848 7
848 194
848 785
849 213
849 231
850 4
851 8
852 0
853 3
855 190
856 152
857 2
857 501
858 3
858 153
859 21
859 528
860 5
861 0
861 3
861 9
862 6
862 16
862 507
863 31
863 402
864 6
864 385
865 7
865 8
866 21
867 1
867 2
867 8
868 187
869 28
869 465
870 0
870 4
870 555
871 9
871 812
872 4
873 385
874 140
875 8
876 16
876 182
877 2
877 5
878 93
879 181
879 576
880 1
880 2
880 39
880 338
881 6
881 174
882 1
882 2
882 180
883 106
884 8
884 867
885 32
885 75
886 4
887 83
887 349
888 148
888 202
889 196
889 692
890 4
890 104
890 349
891 273
892 2
893 6
894 1
894 3
894 570
895 3
895 6
895 9
896 7
897 0
898 186
899 5
899 160
900 2
900 880
901 4
901 25
902 3
902 4
903 6
904 145
905 4
905 403
905 815
906 28
907 1
907 2
908 4
909 2
911 5
912 747
913 0
914 0
915 4
917 0
917 389
918 18
918 455
919 7
919 8
920 106
920 113
921 4
922 613
923 3
923 8
924 144
925 3
925 137
926 3
926 248
927 733
928 4
928 94
929 4
929 25
930 0
930 357
931 25
931 328
932 116
932 145
933 2
935 2
935 3
936 0
937 4
937 319
938 2
938 344
939 9
940 0
941 96
943 1
943 707
943 741
944 31
944 123
945 75
946 3
946 7
947 4
948 4
950 6
950 192
951 31
951 402
952 13
954 174
954 233
955 17
956 78
957 6
958 4
958 587
960 16
960 174
961 5
962 3
962 8
963 4
963 70
964 0
964 2
964 4
964 5
965 736
966 2
966 74
967 4
967 6
968 8
968 210
969 7
970 1
970 195
971 186
972 7
973 174
973 356
974 62
975 3
975 4
975 734
976 6
976 174
976 285
977 2
978 190
979 16
979 595
980 0
981 0
981 225
982 468
983 5
983 860
984 181
984 468
985 3
985 4
986 4
987 0
987 1
987 2
988 2
989 2
990 6
991 4
991 163
992 0
993 6
994 4
995 0
995 1
996 2
997 39
997 593
998 186
998 483
999 4
999 5
999 92
