1 0
2 0
2 1
3 0
3 1
3 2
4 0
4 1
4 2
4 3
5 0
5 1
5 2
5 3
5 4
6 0
6 1
6 2
6 3
6 4
6 5
7 0
7 1
7 2
7 3
7 4
7 5
7 6
8 0
8 1
8 2
8 3
8 4
8 5
8 6
8 7
9 0
9 1
9 2
9 3
9 4
9 5
9 6
9 7
9 8
10 2
10 4
10 5
10 7
11 1
11 2
11 3
11 4
11 6
11 7
11 8
11 9
12 0
12 1
12 4
12 5
12 6
12 7
13 1
13 3
13 6
13 8
14 1
14 3
14 4
14 5
15 3
15 6
15 7
15 9
16 3
16 6
16 7
17 2
18 1
18 2
18 3
18 4
18 7
18 8
18 9
19 3
19 4
20 6
20 8
20 11
21 1
21 3
21 8
22 0
22 2
22 3
22 4
23 2
23 3
23 6
23 7
23 11
24 0
25 6
25 11
25 23
26 2
26 17
27 0
27 1
27 2
28 3
28 4
28 7
29 11
29 25
30 4
30 6
30 7
30 12
31 1
31 3
31 4
31 9
31 11
32 7
32 9
32 15
33 3
33 6
33 7
33 16
34 1
34 4
34 5
34 6
34 7
35 7
35 9
36 2
36 7
36 23
37 4
37 6
37 7
37 34
38 2
38 4
38 5
38 10
39 9
39 15
39 32
40 4
40 5
40 6
40 7
40 34
41 0
41 1
41 4
41 6
41 12
42 0
42 1
42 2
42 3
43 0
43 4
44 1
44 2
44 3
44 4
45 0
45 1
45 3
45 4
46 1
46 4
46 7
46 18
47 1
47 2
47 3
47 7
47 8
47 9
47 18
48 3
48 6
49 0
49 1
49 3
49 4
50 0
50 4
50 22
51 3
51 5
51 14
52 0
52 1
52 4
52 49
53 1
53 3
54 4
54 49
55 0
55 1
56 2
56 3
56 4
57 0
57 1
57 3
57 5
57 8
58 4
58 7
58 18
59 56
60 2
60 4
60 5
60 10
60 38
61 0
61 1
61 4
61 5
61 6
61 7
62 6
62 61
63 0
63 4
63 49
63 52
64 1
64 3
64 7
64 8
64 18
65 1
65 3
65 53
66 1
66 4
66 5
67 0
67 1
67 2
67 5
67 6
67 7
67 9
68 0
68 2
68 3
68 4
68 6
68 8
69 0
70 4
70 5
70 10
70 38
71 4
71 7
71 34
71 40
72 0
72 1
72 3
72 4
73 1
73 2
73 6
73 9
73 67
74 1
74 8
74 18
74 64
75 0
75 22
75 50
76 0
76 1
77 3
77 5
77 14
78 2
78 3
78 5
78 7
78 8
78 9
79 7
79 9
79 15
79 32
80 11
80 23
81 3
81 6
81 7
81 16
82 0
82 3
82 4
82 22
83 1
83 3
83 4
83 7
83 8
83 18
84 0
84 1
84 49
85 3
85 6
86 3
87 0
87 1
87 76
88 1
88 3
88 8
88 9
88 18
89 4
89 7
89 28
90 0
90 1
90 3
90 4
91 1
91 2
91 6
91 67
91 73
92 7
92 9
92 32
92 79
93 0
93 2
93 4
94 1
94 2
94 3
94 44
95 8
95 11
95 20
96 2
96 3
96 5
97 0
97 3
97 4
97 90
98 4
98 49
99 0
99 1
99 2
99 3
99 42
100 4
101 0
101 3
101 22
101 82
102 2
102 4
102 6
102 8
102 68
103 0
103 1
103 2
104 1
104 3
104 7
104 8
104 83
105 2
105 17
106 1
106 3
106 4
106 9
107 0
107 1
107 3
107 5
107 7
108 0
109 1
109 3
109 83
109 104
110 1
110 4
111 0
111 108
112 1
112 7
112 8
112 18
113 1
113 4
113 110
114 0
114 4
114 50
115 0
115 1
115 4
115 5
115 7
115 61
116 4
116 7
116 18
116 58
117 1
117 3
117 8
117 9
117 18
117 88
118 4
118 5
118 10
118 38
119 3
119 8
119 18
120 0
120 1
120 4
120 5
120 7
121 3
121 4
121 9
122 2
122 17
122 26
123 9
123 35
124 4
124 5
124 6
124 7
124 34
125 0
125 3
125 22
125 82
126 4
126 18
126 46
127 3
127 5
127 9
127 78
128 4
129 4
129 7
129 18
130 0
130 50
130 114
131 3
131 5
131 14
131 51
132 3
132 8
132 18
133 1
133 3
133 8
133 83
133 104
134 1
134 2
134 6
134 9
134 67
134 73
135 3
135 21
136 0
136 1
136 2
136 4
136 6
136 7
137 3
137 6
137 16
138 2
138 3
138 5
138 6
139 0
139 5
139 7
139 61
139 115
140 0
140 1
140 3
140 4
140 45
141 0
141 1
141 4
141 5
141 61
142 1
142 2
142 6
142 7
143 1
143 3
143 8
143 133
144 11
144 25
144 29
145 5
145 34
146 7
146 32
146 79
146 92
147 2
147 4
147 10
148 0
148 49
148 52
148 63
149 14
149 131
150 5
150 7
150 10
151 1
151 2
151 3
151 5
151 7
152 1
152 2
152 3
152 5
152 6
153 1
153 3
153 8
153 21
154 3
154 8
154 18
154 64
155 1
155 3
155 8
155 21
156 1
156 4
156 110
156 113
157 0
157 3
157 4
157 97
158 11
158 25
158 29
159 1
159 4
160 4
160 7
160 18
160 129
161 0
161 4
161 22
161 50
162 1
162 4
162 5
163 0
163 49
163 63
163 148
164 0
164 1
164 5
164 61
165 3
165 5
165 9
165 78
166 0
166 1
166 5
166 8
167 0
167 49
167 63
168 3
168 4
168 97
168 157
169 5
169 6
169 7
169 34
169 40
170 4
170 100
171 0
171 4
171 7
171 9
172 97
172 157
172 168
173 4
173 100
173 170
174 0
174 7
174 171
175 1
175 61
176 10
176 150
177 1
177 21
178 4
178 5
178 38
179 2
179 5
179 7
179 9
179 78
180 0
180 2
180 4
181 1
181 2
181 9
181 67
181 73
182 0
182 4
182 5
182 7
182 120
183 1
183 7
183 8
183 112
184 6
185 0
185 2
185 3
185 42
185 99
186 2
186 3
187 1
187 3
187 8
187 21
187 155
188 2
188 3
188 44
189 3
189 97
189 157
189 168
190 1
190 2
190 6
190 67
190 73
190 91
191 0
191 3
192 1
192 4
193 2
193 3
193 186
194 3
194 5
194 78
194 165
195 5
195 78
195 165
196 2
196 5
196 9
196 78
196 179
197 1
197 3
197 53
197 65
198 1
198 3
198 8
199 7
199 35
200 8
200 11
200 20
201 1
201 2
201 3
201 42
202 4
202 6
202 34
202 37
203 2
203 3
204 0
204 4
205 1
205 4
205 9
205 106
206 5
206 7
206 150
207 4
208 3
208 97
208 157
208 168
208 189
209 4
209 100
210 6
210 7
210 11
210 23
211 7
211 28
212 0
212 1
212 2
212 3
213 0
213 4
213 7
213 61
214 2
214 17
214 26
215 100
215 209
216 7
216 23
217 7
217 35
218 22
218 82
218 101
219 7
219 18
220 18
220 129
220 160
221 1
221 2
221 3
221 5
221 7
221 8
222 1
222 2
222 5
222 7
222 151
223 129
223 160
223 220
224 1
224 18
224 117
225 0
225 4
225 5
225 61
226 5
226 7
226 9
226 78
227 1
227 2
227 6
227 7
228 1
228 6
228 9
228 67
228 73
229 1
229 53
229 65
230 5
230 7
231 15
231 32
231 39
232 0
232 5
232 6
232 7
232 9
233 0
233 3
233 4
234 0
234 2
234 3
234 4
234 7
234 8
234 9
235 1
235 5
235 7
235 8
236 3
236 9
236 78
236 127
237 1
237 3
237 153
238 3
238 5
238 7
238 8
239 5
239 6
239 7
239 9
240 3
240 8
240 198
241 2
241 17
241 214
242 0
242 4
242 5
242 6
243 0
243 22
243 50
243 161
244 8
244 235
245 5
245 151
246 0
246 4
246 7
247 25
247 29
247 144
248 1
248 2
248 27
249 1
249 3
249 4
249 6
249 7
250 1
250 3
250 237
251 1
251 2
251 3
251 5
251 6
251 8
251 9
252 18
252 46
252 126
253 0
253 1
253 2
253 3
253 4
253 6
253 7
253 9
254 5
254 7
254 150
254 206
255 3
255 4
256 3
256 21
256 153
257 73
257 91
258 3
258 4
258 9
259 1
259 4
259 5
260 4
260 5
260 10
260 38
260 118
261 150
262 1
262 2
262 3
262 8
262 9
262 18
262 47
263 4
263 129
264 3
264 4
264 97
264 157
265 35
266 9
266 32
267 7
267 18
267 219
268 4
268 6
268 7
268 12
268 30
269 0
269 4
269 5
269 6
269 7
269 61
270 4
270 6
270 37
270 202
271 0
271 246
272 9
272 32
272 79
273 2
273 3
273 203
274 18
274 219
275 4
275 5
275 6
275 7
276 3
276 5
276 7
276 8
276 9
276 78
277 6
277 61
277 62
278 2
279 0
279 1
279 2
279 3
279 42
280 5
280 14
280 51
281 0
281 1
281 2
282 4
282 5
282 10
282 38
282 260
283 0
283 1
283 4
283 5
284 0
285 5
285 10
285 150
286 1
286 3
286 4
286 49
287 4
287 7
287 34
287 37
288 5
288 165
289 5
289 14
289 77
290 2
290 5
291 1
291 2
291 6
291 67
291 73
292 0
292 2
292 27
293 0
293 1
293 2
293 3
293 6
294 1
294 2
294 3
294 4
294 6
294 7
294 9
294 253
295 1
295 53
296 0
296 3
296 125
297 1
297 3
297 8
297 21
297 153
298 4
298 10
298 260
298 282
299 3
299 7
299 9
299 276
300 0
300 1
300 2
300 4
300 7
300 8
301 0
301 22
301 50
301 75
302 2
302 42
302 99
303 157
303 189
304 0
304 171
305 2
305 4
305 8
306 4
306 100
306 209
307 1
307 67
307 73
307 228
308 0
308 1
308 4
308 45
309 0
309 1
309 2
309 3
309 4
310 5
310 6
310 34
310 40
310 169
311 1
311 3
311 237
312 1
312 110
312 113
313 0
313 3
313 22
313 101
314 4
314 10
314 118
315 0
315 1
315 3
315 7
316 189
317 0
317 5
317 6
317 7
318 0
318 2
318 3
319 3
319 7
319 9
319 276
319 299
320 1
320 6
320 7
320 12
321 1
321 3
321 53
321 197
322 4
322 10
323 1
323 250
324 11
324 20
324 95
325 0
325 1
325 4
326 43
327 3
327 7
327 16
328 2
328 3
328 4
328 6
329 0
329 3
329 22
330 1
330 3
330 21
331 4
331 38
331 118
332 0
332 1
332 3
332 212
333 1
333 6
334 0
334 7
334 9
334 171
335 1
335 2
335 3
336 1
336 4
336 159
337 3
337 7
338 6
338 23
339 4
339 6
339 7
340 1
340 4
340 6
340 7
340 249
341 5
341 78
341 195
342 250
342 323
343 2
343 3
343 7
343 11
344 5
344 7
344 206
345 3
345 4
345 97
345 157
346 5
346 78
346 165
346 195
347 4
348 0
348 3
348 4
348 49
349 4
349 5
349 6
349 7
349 275
350 1
350 3
350 53
350 65
351 1
351 3
352 5
352 9
352 78
352 165
353 7
353 18
354 23
355 7
355 9
355 15
355 32
356 4
356 7
356 18
356 129
357 0
357 3
357 82
357 125
358 0
358 82
359 1
359 3
359 8
359 9
359 18
359 47
360 6
360 16
361 7
361 28
361 89
362 3
362 8
362 83
362 104
362 133
363 2
363 4
363 8
363 68
364 0
364 1
364 5
364 6
365 1
366 2
366 3
366 9
366 18
366 47
367 7
367 9
367 15
367 32
367 79
369 2
369 7
370 7
371 89
372 12
372 30
373 6
373 9
373 15
374 4
375 5
375 9
375 78
375 127
376 1
376 3
376 237
376 250
377 0
377 1
377 3
377 7
378 3
378 6
378 7
379 4
379 5
379 38
379 282
380 1
380 2
380 3
380 9
380 18
381 2
381 3
381 9
381 18
381 47
382 2
382 4
382 8
382 68
383 11
384 0
384 1
385 1
385 3
385 212
386 4
386 46
387 4
387 6
387 7
388 1
388 4
388 308
389 2
389 3
389 4
389 6
389 9
389 253
390 2
390 203
391 1
391 5
391 7
391 34
392 0
392 2
392 4
392 180
393 0
393 3
394 35
394 265
395 6
395 61
395 62
396 5
396 14
396 77
397 3
397 5
397 6
397 8
397 9
397 251
398 2
398 17
399 0
399 4
399 22
399 50
399 161
400 1
400 3
400 4
400 14
401 4
401 49
401 286
402 1
402 2
402 7
402 227
403 6
403 62
404 1
404 3
404 237
405 2
405 3
405 8
405 9
405 18
406 5
406 7
406 8
407 5
407 7
407 150
407 206
408 2
408 5
408 8
409 1
409 3
409 53
410 0
410 1
410 3
410 4
410 5
411 4
411 7
411 28
412 0
412 2
412 4
413 3
413 8
413 83
414 2
414 3
414 5
414 6
414 138
415 3
415 9
415 18
415 405
416 37
416 202
416 270
417 2
417 5
417 179
418 1
418 2
418 3
418 380
419 3
419 97
419 157
420 3
420 255
421 67
421 73
422 1
422 4
422 18
423 0
423 4
423 5
423 6
423 7
424 5
424 6
424 7
424 9
424 239
425 4
425 9
425 106
426 0
426 75
427 3
427 6
427 7
428 3
428 4
428 49
429 2
429 5
429 9
429 179
429 196
430 3
430 5
430 6
430 8
430 9
430 397
431 3
431 65
431 197
432 7
433 3
433 18
433 64
433 154
434 3
434 157
434 168
435 9
435 32
435 92
436 9
436 15
436 32
436 39
437 0
437 2
437 99
438 157
438 189
438 303
439 1
439 67
439 228
440 0
440 2
440 7
440 234
441 0
441 2
441 4
441 6
441 136
442 0
442 2
442 4
442 6
442 441
443 4
443 6
443 7
443 34
444 1
444 5
444 166
445 3
445 4
446 1
446 2
446 3
446 42
446 279
447 4
447 10
447 260
447 282
448 2
449 3
449 135
450 0
450 1
450 4
450 8
450 300
451 3
451 64
452 4
452 97
452 157
453 1
453 6
453 9
453 134
454 1
454 2
454 27
454 248
455 91
455 257
456 0
456 1
456 4
457 4
457 5
457 38
457 178
458 1
458 3
459 0
459 4
459 5
459 6
459 7
460 5
460 6
460 7
460 317
461 6
461 61
461 62
462 4
462 18
462 422
463 1
463 3
463 4
463 83
464 1
464 7
464 34
464 391
465 0
465 4
465 5
465 7
465 182
466 157
466 168
466 189
467 7
467 9
467 355
468 0
468 1
468 2
468 3
468 5
468 6
468 7
468 8
469 2
469 7
470 0
470 1
470 2
470 3
471 0
471 1
471 3
471 4
471 6
471 8
471 9
472 2
472 9
472 262
473 7
473 18
473 129
473 356
475 3
475 18
475 154
475 433
476 4
476 207
477 2
477 292
478 2
478 6
478 138
479 7
479 9
479 467
480 7
480 18
480 46
481 3
481 8
481 240
482 0
482 2
482 99
483 5
483 8
484 0
484 3
485 5
485 40
485 169
487 1
487 3
487 212
488 276
489 0
489 3
489 22
489 82
489 101
490 1
490 4
490 5
490 141
491 0
491 1
491 6
491 7
491 9
491 67
492 4
492 6
492 102
493 0
493 1
493 4
493 456
494 9
494 262
494 472
495 4
495 7
495 37
496 0
496 4
496 5
497 7
497 18
498 7
498 9
499 5
499 78
499 165
500 7
501 4
501 6
501 37
502 1
502 3
502 212
503 5
503 7
503 206
503 407
504 0
504 1
504 2
504 5
504 7
504 8
504 468
505 2
505 9
505 262
506 6
506 7
507 3
507 6
507 48
508 1
508 2
508 3
508 7
508 253
508 294
509 2
509 17
509 214
510 1
510 2
510 6
510 142
511 5
511 6
511 7
511 34
512 3
512 22
512 82
512 125
513 0
513 4
513 45
513 308
514 2
514 5
514 179
515 3
516 4
516 100
516 209
516 306
517 42
517 302
518 0
518 1
518 3
518 42
518 279
519 1
519 110
519 113
519 156
520 5
520 7
520 150
520 206
521 1
521 2
522 5
522 6
522 7
523 4
523 5
523 275
524 2
524 279
524 446
525 3
526 1
526 4
527 1
527 237
528 1
528 3
528 4
528 9
529 7
529 9
529 467
529 479
530 9
530 79
530 272
531 0
531 1
531 4
531 325
532 2
532 142
532 510
533 150
533 176
534 5
534 7
534 407
534 503
535 0
535 22
535 50
536 83
537 3
537 9
537 78
537 127
537 236
538 1
538 7
538 8
538 83
538 104
539 1
539 4
539 61
539 141
540 7
540 32
540 79
540 92
540 146
541 1
541 2
541 3
541 9
541 18
541 380
542 8
542 198
542 240
543 6
543 62
544 1
544 4
544 7
544 249
544 340
545 0
545 4
545 6
545 7
545 61
546 0
546 1
546 2
546 6
546 136
547 6
547 37
548 0
548 4
548 22
548 161
549 1
549 2
549 5
549 7
550 8
550 198
550 240
551 157
551 168
552 454
553 166
553 444
554 0
554 1
554 3
554 4
554 9
554 253
555 9
555 106
555 205
556 0
556 5
556 7
556 12
557 2
557 6
557 67
557 91
557 190
558 1
558 4
558 6
558 9
558 471
559 0
559 1
559 2
559 4
559 5
559 6
559 7
560 157
560 168
560 189
560 466
561 4
561 7
561 40
561 71
562 3
562 7
562 276
562 299
563 7
563 9
563 467
563 479
564 7
564 18
564 353
565 4
565 306
565 516
566 3
566 6
566 7
566 427
567 1
567 7
567 104
567 538
568 50
568 161
568 399
569 3
569 4
569 6
569 7
569 8
569 9
569 11
570 1
570 21
571 1
571 3
572 7
572 9
572 276
572 299
573 0
573 1
574 7
574 18
574 129
574 356
575 0
575 22
576 67
576 228
576 307
577 0
577 1
577 6
578 1
578 2
578 227
578 402
579 1
579 6
579 364
580 0
580 1
580 103
581 38
581 178
582 7
582 469
583 1
583 2
583 3
584 3
584 7
584 327
585 0
585 1
585 2
585 4
585 6
585 7
585 559
586 0
586 3
586 191
587 4
587 6
587 41
588 0
588 4
588 5
589 0
589 1
589 2
589 4
589 6
589 8
590 4
590 52
590 63
591 7
591 459
592 2
592 186
593 9
593 15
593 355
594 5
594 14
594 77
595 0
595 1
595 6
596 444
596 553
597 0
597 6
597 8
597 9
598 1
598 521
599 2
599 5
599 151
600 7
600 9
600 15
600 32
600 79
600 367
601 0
601 1
601 2
601 3
602 38
602 178
602 457
603 4
603 6
603 34
603 37
604 0
604 2
604 6
604 7
605 2
605 5
605 8
605 9
606 4
606 18
606 46
606 126
607 0
607 2
607 3
607 22
608 7
608 112
609 6
609 62
610 5
610 179
610 196
610 429
611 0
611 49
611 63
611 148
611 163
612 67
612 421
613 0
613 3
613 4
614 50
614 399
615 9
615 205
616 46
616 480
617 4
617 7
617 28
618 9
618 78
618 165
618 352
619 4
619 6
619 7
620 3
620 16
620 327
621 1
621 2
621 227
621 402
621 578
622 3
622 42
622 279
622 446
623 6
623 7
623 23
623 210
624 0
624 1
624 3
624 518
625 260
625 298
626 0
626 284
627 1
627 2
627 5
627 7
627 468
628 1
628 2
629 1
629 3
629 4
629 49
630 0
630 163
630 611
631 2
631 4
632 8
632 198
633 0
633 3
633 22
633 101
634 0
634 1
634 3
634 6
634 8
634 9
635 2
635 3
635 9
635 18
635 380
636 38
636 70
637 7
638 1
638 2
638 6
638 67
638 73
639 3
639 5
639 7
639 8
639 238
640 5
640 6
640 7
641 4
641 5
641 6
641 7
642 4
642 5
643 3
643 8
643 104
644 7
644 18
644 58
645 0
645 7
645 171
645 334
646 6
646 61
646 395
647 1
647 4
647 14
647 400
648 4
648 5
648 6
648 559
649 1
649 4
650 3
650 4
650 49
650 286
651 0
651 3
651 22
652 0
652 5
652 6
652 7
653 5
653 14
653 77
653 289
654 4
654 52
654 63
654 590
655 0
655 3
655 4
655 72
656 7
656 9
656 467
656 563
657 4
657 6
657 7
657 443
658 1
658 2
658 27
659 3
659 18
659 64
659 154
659 433
660 7
660 9
661 3
661 6
661 48
662 1
662 5
662 162
663 3
663 5
663 6
663 8
663 9
663 251
663 397
664 0
664 108
665 7
665 71
665 561
666 4
666 6
666 7
666 12
667 1
667 2
668 7
668 18
668 353
668 564
669 2
669 6
669 67
670 3
670 97
670 157
670 168
670 189
671 4
671 7
671 569
672 9
672 32
672 92
673 6
674 91
674 257
674 455
675 7
675 503
675 534
676 1
676 2
676 3
676 5
676 8
676 251
677 5
677 6
677 7
678 1
678 3
678 5
678 251
678 676
679 0
679 1
679 3
679 5
679 6
679 7
679 8
679 468
680 0
680 1
680 2
680 3
681 1
681 2
681 628
682 5
682 7
682 238
682 639
683 0
683 61
683 115
684 0
684 1
684 2
684 42
685 6
685 11
685 23
685 25
686 6
686 395
686 646
687 4
687 7
687 129
687 356
688 7
688 206
688 407
689 6
689 67
689 669
690 3
690 8
690 83
690 104
691 4
691 10
692 1
692 8
692 9
692 18
692 47
693 5
693 232
694 5
694 397
694 430
695 2
695 262
695 472
696 2
697 10
697 282
697 447
698 9
698 78
698 127
698 375
699 0
699 1
699 3
699 5
700 0
700 3
700 4
700 233
701 8
701 11
701 20
701 95
702 50
702 399
702 568
703 7
703 9
704 157
704 189
704 303
705 2
705 478
706 22
706 301
707 5
707 10
707 38
708 3
708 125
708 357
709 1
709 2
709 7
709 468
710 0
710 3
710 22
710 313
711 6
711 62
711 395
712 3
712 5
712 14
712 51
713 4
713 7
713 18
713 129
713 356
714 9
714 258
715 5
715 7
715 8
715 406
716 1
716 2
716 6
716 67
716 73
716 91
717 22
717 50
717 161
717 243
718 142
718 510
718 532
719 1
719 4
720 2
720 599
721 2
721 6
721 9
721 67
721 73
722 6
723 89
723 371
724 3
724 6
724 328
725 0
725 1
725 3
725 699
726 4
726 255
727 0
727 3
728 21
729 4
729 6
730 479
730 563
731 0
731 384
732 3
732 18
732 132
733 0
733 5
733 6
733 7
734 32
734 92
734 146
734 540
735 1
735 3
735 5
735 7
735 107
736 7
736 9
736 467
736 479
737 5
737 6
737 7
738 83
738 536
739 2
739 5
739 9
739 196
739 429
740 5
740 8
740 397
741 1
741 6
741 579
742 1
742 7
742 8
742 83
743 2
743 67
743 134
744 2
744 17
744 26
745 129
745 160
746 1
746 6
746 7
747 1
747 2
747 67
747 73
747 91
747 190
748 3
748 7
748 16
749 8
749 11
749 20
749 95
749 701
750 9
750 92
750 435
751 4
751 7
751 40
751 71
752 11
752 95
752 701
752 749
753 4
753 100
753 170
754 11
754 25
754 158
755 2
755 42
756 5
756 503
757 0
757 1
757 4
757 8
758 110
758 113
759 3
759 237
759 311
760 3
760 8
760 18
761 4
761 6
761 7
761 666
762 0
762 5
762 7
763 507
764 119
765 0
765 7
765 334
766 2
766 472
766 695
767 240
768 1
769 7
769 32
769 92
769 146
769 540
770 32
770 435
771 0
771 1
771 2
771 3
771 6
771 9
772 1
772 3
772 8
773 3
773 5
773 7
774 3
774 276
774 299
774 562
775 3
775 7
776 9
776 373
777 1
777 2
777 6
777 91
778 38
778 178
779 0
779 1
779 5
779 6
779 364
780 0
780 2
780 3
780 4
780 6
780 7
781 4
781 308
781 388
782 0
782 5
782 6
782 7
782 9
782 232
783 38
783 282
783 379
784 17
785 3
785 4
785 5
785 7
785 8
785 9
786 7
786 32
786 92
786 146
787 0
787 7
787 171
787 645
788 3
788 253
789 7
789 18
789 160
790 32
790 435
791 1
791 91
792 1
792 468
792 627
793 4
793 34
793 40
793 71
794 8
794 198
794 632
795 1
795 6
795 9
795 471
795 558
796 5
796 7
796 641
797 0
797 7
797 12
798 0
798 1
798 3
798 5
798 107
799 6
799 48
800 49
800 52
800 63
801 2
801 17
801 214
802 3
802 97
802 157
802 168
802 189
802 208
803 4
803 118
803 314
804 1
804 4
804 14
805 1
805 3
806 303
806 704
807 0
807 1
807 4
807 6
807 7
808 0
808 6
808 7
808 780
809 169
809 485
810 2
810 4
810 136
811 3
811 157
811 168
811 189
811 802
812 110
812 113
812 758
813 6
813 61
813 395
813 646
814 6
814 275
814 349
815 4
815 141
815 490
816 50
816 399
816 614
817 5
817 196
817 429
818 2
818 5
818 179
818 196
818 429
819 7
819 641
819 796
820 50
820 399
821 32
821 39
822 1
822 391
823 2
823 3
823 4
823 6
823 328
824 1
824 2
824 3
824 44
825 1
825 3
825 8
825 21
825 155
825 187
826 6
826 91
827 1
827 9
827 47
828 157
828 168
828 172
829 125
829 357
830 5
830 8
831 7
831 751
832 1
832 21
832 177
833 3
833 9
834 22
834 101
835 1
835 4
836 3
836 6
836 7
836 378
837 163
837 611
838 3
838 8
838 643
839 0
839 2
839 3
840 0
840 1
840 2
840 3
840 470
841 5
841 206
841 254
842 3
842 8
842 133
842 362
843 0
843 22
843 50
843 301
844 2
844 5
844 196
845 2
845 91
845 190
846 469
846 582
847 1
847 3
848 6
848 8
848 634
849 3
849 318
850 9
850 18
850 47
850 366
851 0
851 4
851 6
852 4
852 63
852 590
853 3
853 7
853 18
853 83
854 5
854 77
855 1
855 4
855 5
855 141
855 490
856 5
856 196
856 429
857 0
857 1
857 8
858 0
858 575
859 6
859 7
859 34
859 169
860 4
861 168
862 4
862 5
862 6
862 7
862 34
863 1
863 4
863 141
863 539
864 4
864 50
865 8
865 20
866 4
866 90
866 97
867 4
867 7
867 617
868 157
869 1
869 8
869 155
869 187
870 4
871 97
871 157
871 168
871 208
872 32
872 92
872 540
873 0
873 114
874 3
874 6
875 16
876 1
876 21
876 177
877 0
877 1
877 61
877 115
878 157
878 189
879 2
879 680
880 5
880 8
881 5
881 206
881 344
882 0
882 4
883 5
883 7
883 8
883 9
883 78
883 276
884 2
884 10
885 5
885 522
886 1
886 5
886 141
886 490
887 157
887 168
887 189
887 466
888 1
888 5
888 162
888 662
889 178
889 457
890 0
890 171
891 3
891 240
892 4
892 7
892 129
893 0
893 45
893 308
893 513
894 8
894 9
894 18
894 88
895 0
895 4
895 120
895 182
896 1
896 333
897 49
897 52
897 800
898 6
898 8
898 11
898 20
899 0
899 1
899 3
899 4
899 45
899 140
900 5
900 78
900 165
900 499
901 4
901 6
901 559
901 648
902 275
902 349
902 814
903 5
903 6
903 9
903 232
904 38
904 282
904 379
905 9
905 467
905 479
905 563
906 1
906 2
906 5
906 468
907 0
907 1
907 4
908 67
908 73
908 421
909 5
909 678
910 62
911 2
911 17
911 214
911 509
912 0
912 50
912 161
912 243
913 1
913 3
913 53
913 65
913 197
914 0
914 4
914 61
915 129
915 160
915 220
916 22
916 50
916 161
916 243
916 717
917 0
917 4
917 5
917 6
918 1
918 2
918 4
918 6
918 7
918 559
919 1
919 42
919 201
920 4
920 9
920 471
921 1
921 9
922 4
922 347
923 4
923 7
923 18
924 2
924 5
924 179
924 417
925 78
925 194
926 1
926 45
927 0
927 82
927 358
928 1
928 3
928 212
928 487
929 2
929 73
929 291
930 3
930 253
930 788
931 3
931 9
931 405
932 7
932 355
932 467
933 228
934 0
934 2
934 136
935 3
935 6
935 7
935 33
936 0
936 3
936 22
936 101
936 313
937 7
937 378
937 836
938 1
938 6
938 7
938 746
939 0
939 1
939 4
939 5
939 7
939 12
940 5
940 77
941 0
941 5
942 5
942 179
943 1
943 21
944 5
945 1
945 3
945 4
945 5
945 7
945 8
946 1
946 2
946 4
946 7
946 8
946 300
947 1
947 3
948 0
948 22
949 5
949 9
949 78
949 165
949 352
950 1
950 3
951 0
951 1
951 2
951 3
951 4
952 427
952 566
953 1
953 4
954 6
954 23
954 25
955 1
955 4
955 8
955 300
956 3
957 0
957 1
957 3
957 4
957 72
958 3
958 51
958 131
959 1
959 4
959 6
959 9
960 5
960 6
960 7
960 317
961 0
961 731
962 32
962 92
962 146
962 786
963 7
963 206
963 503
964 0
964 125
964 296
965 272
966 11
966 25
966 29
967 7
967 377
968 46
969 1
969 2
969 8
969 9
969 18
970 2
970 505
971 6
971 61
972 0
972 1
972 2
972 3
972 42
973 110
973 156
973 519
974 2
974 4
974 180
975 22
975 82
975 218
976 53
976 295
977 3
977 8
977 18
977 88
977 117
978 9
978 32
978 92
978 672
979 1
979 5
980 3
980 237
980 311
981 2
981 3
981 203
982 7
982 503
982 534
983 67
983 669
984 1
984 3
984 7
984 8
985 469
985 582
986 1
986 61
986 175
987 4
987 10
987 282
988 1
989 3
989 8
989 18
990 3
990 7
990 18
990 83
990 853
991 8
991 104
992 6
992 7
993 2
993 3
993 6
995 5
995 7
995 407
995 503
995 534
996 1
996 3
996 847
997 3
997 5
998 0
998 4
998 7
998 182
999 454
999 552
