1 0
2 0
2 1
3 0
3 1
3 2
4 0
4 1
4 2
4 3
5 0
5 1
5 2
5 3
5 4
6 0
6 1
6 2
6 3
6 4
6 5
7 0
7 1
7 2
7 3
7 4
7 5
7 6
8 0
8 1
8 2
8 3
8 4
8 5
8 6
8 7
9 0
9 1
9 2
9 3
9 4
9 5
9 6
9 7
9 8
10 1
10 2
10 3
10 5
10 6
11 0
11 1
11 2
11 3
11 4
11 5
11 6
11 7
11 9
12 0
12 1
12 3
13 0
13 1
13 3
13 5
13 6
13 9
13 11
14 0
14 2
14 4
14 5
14 6
14 7
15 0
15 1
15 3
15 5
15 6
15 9
15 13
16 0
16 1
16 2
17 0
17 2
17 3
17 4
17 5
17 9
17 11
18 0
18 2
18 3
18 4
18 5
18 6
18 7
18 9
18 11
19 2
19 3
19 4
19 5
19 6
19 7
19 8
20 0
20 3
20 5
20 6
20 9
20 13
20 15
21 0
21 2
21 3
21 5
21 7
21 11
22 2
22 3
22 4
22 5
22 7
22 8
23 2
23 3
23 4
23 5
23 6
23 7
23 11
23 18
24 0
24 1
24 3
24 5
24 6
24 9
24 15
25 2
25 3
25 4
25 5
25 11
25 18
25 23
26 0
26 2
26 3
26 5
26 7
26 11
26 21
27 0
27 1
27 2
27 3
27 5
27 7
27 8
27 9
28 0
28 1
28 4
28 5
28 7
28 9
28 11
29 0
29 3
29 5
29 9
29 13
29 15
30 0
30 2
30 5
30 7
30 11
30 21
31 0
31 1
31 3
31 5
31 6
31 9
31 15
31 24
32 0
32 2
32 3
32 4
32 6
32 7
33 0
33 16
34 0
34 2
34 3
34 4
34 5
34 6
34 7
34 9
34 18
35 0
35 1
35 2
35 3
35 4
35 6
36 0
36 2
36 4
36 5
36 6
36 7
36 14
37 0
37 1
38 0
38 3
38 9
38 13
38 15
38 20
39 0
39 2
39 7
39 11
39 26
40 2
40 3
40 4
40 5
40 11
40 23
40 25
41 3
41 5
41 6
41 9
41 18
41 34
42 0
42 2
42 3
42 5
42 7
42 11
42 21
43 0
43 2
43 5
43 6
43 14
43 36
44 0
44 3
44 5
44 7
44 11
44 21
44 26
45 0
45 3
45 5
45 7
45 11
45 21
45 26
45 44
46 2
46 5
46 6
46 7
46 18
46 23
47 0
47 2
47 3
47 5
47 7
47 9
47 11
47 18
48 1
48 2
48 3
48 4
48 5
49 0
49 3
49 9
49 13
49 15
50 1
50 7
50 9
50 11
50 28
51 0
51 3
51 5
51 6
51 13
51 15
52 0
52 2
52 5
52 11
52 21
52 26
53 0
53 1
53 2
53 3
53 4
53 5
53 6
53 7
54 0
54 5
54 11
54 26
54 52
55 0
55 2
55 5
55 7
55 11
56 3
56 6
56 9
56 15
56 24
56 31
57 0
57 1
57 2
57 3
57 4
57 6
58 2
58 3
58 5
58 6
58 7
58 8
58 19
59 3
59 5
59 6
59 9
59 34
59 41
60 2
60 3
60 5
60 7
60 8
60 19
60 58
61 0
61 1
61 3
61 6
61 7
61 9
62 0
62 1
62 3
62 6
62 9
62 24
63 0
63 3
63 5
63 7
63 26
63 44
64 0
64 2
64 4
64 5
64 6
64 7
64 14
65 3
65 4
65 5
65 9
65 11
65 17
66 0
66 1
66 3
66 5
66 9
66 13
67 0
67 5
67 6
67 13
67 15
67 51
68 3
68 5
68 13
68 51
69 0
69 1
69 3
69 5
69 6
69 15
69 24
69 31
70 3
70 5
70 6
70 34
70 41
70 59
71 0
71 3
71 5
71 6
71 15
71 24
71 31
71 69
72 3
72 5
72 9
72 41
72 59
73 0
73 4
73 5
73 6
73 7
74 6
74 34
74 41
74 59
74 70
75 0
75 1
75 3
75 4
75 5
75 7
75 8
76 0
76 1
76 2
76 4
76 5
76 7
77 0
77 5
77 6
77 9
77 13
77 15
77 20
78 0
78 3
78 5
78 7
78 9
78 11
78 18
78 47
79 0
79 3
79 5
79 6
79 15
79 24
79 69
79 71
80 0
80 3
80 5
80 6
80 9
80 15
81 3
81 5
81 6
81 8
81 19
81 58
82 0
82 1
82 5
82 6
82 9
82 11
83 0
83 5
83 13
83 51
83 67
84 1
84 3
84 5
84 6
84 9
84 11
84 13
85 0
85 2
85 3
85 5
85 9
85 11
85 18
86 0
86 1
86 2
86 4
86 6
86 7
86 11
87 2
87 4
87 7
87 14
87 36
88 0
88 1
88 2
88 3
88 5
88 6
88 7
89 0
89 5
89 11
89 26
89 52
89 54
90 0
90 2
90 3
90 5
90 7
90 9
90 11
90 18
90 47
91 3
91 6
91 9
91 18
91 41
92 0
92 3
92 13
92 49
93 0
93 3
93 5
93 6
93 13
93 15
94 0
94 4
94 5
94 7
94 9
94 11
94 28
95 1
95 5
95 10
96 0
96 1
96 3
96 5
96 6
96 7
96 8
97 2
97 4
97 5
97 6
97 7
97 9
97 18
98 0
98 3
98 5
98 13
98 20
99 2
99 6
99 7
99 14
99 64
100 7
100 9
100 94
101 0
101 2
101 3
101 5
101 7
101 21
102 13
102 51
102 68
103 0
103 1
103 2
103 3
103 4
103 6
103 35
104 52
104 54
104 89
105 0
105 2
105 7
105 39
106 0
106 2
106 3
106 5
106 7
106 21
106 42
107 1
107 2
107 3
107 5
107 6
107 10
108 0
108 3
108 5
108 45
109 0
109 1
109 2
109 5
109 7
109 9
109 11
110 0
110 3
110 5
110 13
110 29
111 3
111 5
111 59
112 1
112 2
112 3
112 4
112 6
112 7
112 9
113 0
113 2
113 4
113 5
113 6
113 7
113 14
114 1
114 3
114 5
114 6
114 11
114 13
114 84
115 0
115 5
115 29
115 110
116 0
116 4
116 6
116 7
117 0
117 3
117 9
117 24
117 62
118 3
118 5
118 8
118 19
119 0
119 5
119 6
119 9
119 13
119 20
120 0
120 2
120 3
120 5
120 7
120 21
120 106
121 0
121 2
121 4
121 6
121 7
121 8
121 9
122 0
122 4
122 5
122 7
122 9
122 11
122 28
123 0
123 3
123 13
123 49
123 92
124 0
124 5
124 13
124 51
124 67
125 4
125 5
125 9
125 11
125 17
126 2
126 5
126 7
126 11
126 55
127 1
127 2
127 6
127 10
127 107
128 0
128 49
128 123
129 0
129 1
129 2
129 6
129 7
130 1
130 2
130 3
130 7
130 8
130 9
131 0
131 1
131 3
131 4
131 6
131 7
131 9
132 0
132 2
132 4
132 6
132 7
132 11
133 3
133 9
133 13
133 20
134 0
134 4
134 6
134 9
134 18
135 0
135 1
135 2
135 3
135 4
135 5
135 6
135 8
136 0
136 2
136 4
136 5
136 7
136 64
137 0
137 1
137 2
137 5
137 7
137 9
137 109
138 5
138 7
138 26
138 63
139 0
139 5
139 6
139 88
140 3
140 5
140 8
140 19
140 118
141 3
141 5
141 13
141 20
141 98
142 2
142 3
142 5
142 7
142 60
143 1
143 5
143 7
143 11
143 109
144 0
144 1
144 5
144 7
144 11
144 28
145 0
145 3
145 13
145 49
145 92
145 123
146 0
146 1
146 5
146 6
146 7
146 8
146 96
147 1
147 2
147 3
147 4
147 6
147 7
147 9
147 112
148 0
148 29
148 110
148 115
149 1
149 2
149 3
149 6
149 9
149 112
150 0
150 3
150 6
150 80
151 3
151 4
151 5
151 11
151 23
151 25
151 40
152 0
152 1
152 3
153 7
153 9
153 94
153 100
154 0
154 3
154 5
154 6
154 13
154 15
154 20
155 0
155 2
155 8
155 9
155 121
156 6
156 19
156 58
156 81
157 52
157 54
157 104
158 5
158 11
158 21
158 26
158 44
158 45
159 2
159 4
159 5
159 6
159 7
159 8
159 19
160 1
160 5
160 6
160 9
160 82
161 2
161 4
161 5
161 7
161 11
161 18
162 5
162 6
162 9
162 20
163 0
163 3
163 6
163 13
163 15
163 93
164 3
164 4
164 5
164 11
164 18
164 23
165 5
165 7
165 73
166 0
166 2
166 3
166 7
166 11
166 21
166 26
167 0
167 4
167 6
167 7
167 132
168 3
168 5
168 13
168 51
168 68
169 5
169 21
169 44
169 158
170 0
170 2
170 5
170 7
170 11
170 55
171 3
171 6
171 9
171 34
171 41
171 59
172 2
172 5
172 6
172 7
172 18
173 0
173 1
173 3
173 6
173 9
173 15
173 24
174 4
174 5
174 9
174 11
174 28
174 122
175 0
175 1
175 6
175 9
175 11
175 82
176 0
176 1
176 4
176 6
176 7
176 131
177 5
177 7
177 73
177 165
178 1
178 3
178 6
178 9
178 149
179 1
179 2
179 3
179 4
179 5
179 48
180 0
180 4
180 5
180 7
180 9
180 11
180 94
181 0
181 1
181 5
181 7
181 9
181 28
182 0
182 1
182 2
182 3
182 7
182 9
182 11
183 3
183 5
183 15
183 24
183 69
183 71
184 0
184 4
184 6
184 7
184 11
184 132
185 2
185 3
185 4
185 5
185 11
185 18
185 25
186 2
186 3
186 4
186 7
186 9
186 34
187 2
187 3
187 4
187 7
187 9
187 34
188 2
188 4
188 8
188 9
189 3
189 5
189 13
189 15
189 93
190 2
190 4
190 5
190 7
190 161
191 5
191 6
191 7
191 18
191 46
192 6
192 8
192 58
193 1
193 2
193 3
193 4
193 5
193 48
194 0
194 1
194 2
194 9
194 11
194 182
195 2
195 4
195 11
195 18
195 25
196 0
196 3
196 5
196 11
196 26
196 44
196 45
197 2
197 4
197 6
197 7
197 18
197 97
198 0
198 2
198 3
198 7
198 21
198 106
198 120
199 0
199 4
199 5
199 7
199 11
199 28
199 122
200 0
200 1
200 2
200 3
200 7
200 9
200 11
200 182
201 3
201 5
201 6
201 9
201 11
201 13
202 0
202 2
202 3
202 4
202 32
203 0
203 4
203 5
203 6
203 7
203 14
204 2
204 3
205 0
205 3
205 5
205 7
205 11
205 44
206 4
206 7
206 11
206 28
206 199
207 1
207 6
207 9
207 11
207 13
207 84
208 3
208 5
208 6
208 9
208 34
208 41
209 2
209 4
209 6
209 7
209 11
209 132
210 2
210 5
210 7
210 60
210 142
211 3
211 5
211 13
211 20
211 98
211 141
212 2
212 5
212 6
212 7
212 23
212 46
213 0
213 1
213 3
213 5
213 6
213 9
213 13
213 15
214 2
214 3
214 204
215 5
215 6
215 7
215 18
215 46
215 191
216 5
216 15
216 24
216 69
216 71
216 183
217 0
217 9
217 13
217 15
217 20
217 38
218 3
218 5
218 13
218 20
219 2
219 5
219 7
219 8
219 19
220 3
220 15
220 69
220 71
220 183
221 0
221 2
221 5
221 6
221 14
221 43
222 6
222 167
223 2
223 3
223 5
223 7
223 60
223 142
224 2
224 3
224 4
224 7
224 9
224 34
224 187
225 0
225 3
225 13
225 92
225 123
226 0
226 5
226 13
226 67
226 83
227 5
227 7
227 26
227 63
228 3
228 5
228 7
228 19
228 58
228 60
229 3
229 5
229 13
229 20
229 218
230 0
230 2
230 3
230 5
230 7
230 106
231 0
231 2
231 8
231 9
231 155
232 2
232 5
232 11
232 18
232 25
232 185
233 13
233 51
233 68
233 102
234 0
234 1
234 2
234 6
234 7
235 1
235 4
235 7
235 131
236 2
236 4
236 11
236 23
236 25
236 40
237 0
237 1
237 3
237 24
237 62
238 1
238 2
238 3
238 9
238 149
239 3
239 5
239 8
239 19
239 58
239 81
240 3
240 9
240 13
241 2
241 3
241 9
241 130
242 0
242 1
242 3
242 24
242 62
242 237
243 2
243 4
243 7
243 18
243 97
243 197
244 1
244 3
244 5
244 48
245 2
245 60
245 142
245 210
246 0
246 1
246 6
246 9
246 15
246 24
246 173
247 5
247 7
247 46
247 191
247 215
248 4
248 6
248 7
248 8
248 19
249 0
249 3
249 4
249 5
249 6
249 7
249 53
250 0
250 2
250 4
250 5
250 6
250 7
250 9
250 34
251 3
251 5
251 6
251 9
251 15
251 80
252 0
252 6
252 15
252 24
252 173
252 246
253 6
253 13
253 93
253 163
254 2
254 3
254 7
254 186
255 2
255 6
255 7
255 23
255 212
256 0
256 1
256 2
256 3
256 6
256 35
256 103
257 0
257 2
257 5
257 7
257 14
258 4
258 7
258 8
258 19
258 248
259 0
259 2
259 3
259 4
259 5
259 6
259 7
259 8
259 9
260 0
260 1
260 3
260 62
260 242
261 0
261 3
261 49
261 92
262 0
262 1
262 6
262 9
262 15
262 24
262 246
263 3
263 5
263 6
263 41
263 59
263 70
264 1
264 3
264 6
264 149
264 178
265 6
265 8
265 58
266 5
266 13
266 15
266 20
267 0
267 9
267 82
267 175
268 7
268 73
268 165
268 177
269 2
269 3
269 4
269 7
269 9
269 34
269 186
270 2
270 3
270 4
270 5
271 2
271 3
271 4
271 5
271 6
271 11
271 18
271 23
272 3
272 4
272 7
272 11
272 18
272 23
273 2
273 5
273 7
273 11
273 18
273 23
274 0
274 2
274 4
274 6
274 7
274 11
275 2
275 4
275 5
275 6
275 9
275 18
275 97
276 2
276 3
276 4
276 5
276 11
276 40
277 0
277 2
277 3
277 5
277 7
277 21
277 42
278 0
278 2
278 4
278 5
278 6
278 7
278 9
278 250
279 5
279 13
279 189
280 0
280 3
280 5
280 11
280 26
280 44
280 45
281 0
281 2
281 4
281 5
281 6
281 7
281 14
281 113
282 2
282 5
282 7
282 60
282 142
282 210
283 5
283 6
283 7
283 18
283 23
284 2
284 4
284 7
284 14
284 36
284 87
285 3
285 5
285 13
285 29
285 110
286 0
286 2
286 7
286 39
286 105
287 0
287 1
287 2
287 3
288 7
288 73
288 177
288 268
289 1
289 2
289 3
289 5
289 7
289 8
289 9
289 27
290 2
290 5
290 7
290 60
290 142
290 223
291 0
291 1
291 6
291 9
291 11
291 13
292 0
292 4
292 5
292 6
292 7
292 73
293 0
293 2
293 3
293 5
293 7
293 11
293 21
294 0
294 2
294 3
294 5
294 7
294 11
294 26
295 0
295 1
295 2
295 3
295 4
295 5
295 6
295 7
296 2
296 7
296 18
296 23
296 46
297 0
297 3
297 7
297 21
297 26
297 44
298 0
298 4
298 5
298 6
298 7
298 14
298 36
299 0
299 3
299 5
299 13
299 20
299 98
300 0
300 3
300 5
300 7
300 11
300 21
300 26
300 44
301 4
301 6
301 7
301 197
302 3
302 13
302 15
302 93
302 189
303 1
303 6
303 9
303 15
303 173
304 3
304 5
304 6
304 34
304 41
304 59
304 70
305 1
305 3
305 6
305 9
305 112
305 149
306 2
306 3
306 4
306 5
306 11
306 18
306 185
307 0
307 1
307 3
307 5
307 6
307 15
307 31
307 69
308 0
308 6
308 15
308 24
308 173
308 246
308 252
309 5
309 7
309 19
310 2
310 5
310 7
310 9
310 109
311 0
311 1
311 3
311 9
311 15
312 3
312 7
312 187
313 2
313 7
313 14
313 36
313 87
314 2
314 3
314 4
314 5
314 11
314 18
314 185
315 0
315 11
315 26
315 52
315 54
316 13
316 51
316 68
316 233
317 2
317 3
317 204
318 3
318 5
318 13
318 20
318 218
319 0
319 1
319 2
319 9
319 11
319 182
319 194
320 0
320 2
320 3
320 7
320 11
320 21
320 42
321 0
321 2
321 5
321 221
322 0
322 5
322 6
322 13
322 15
322 20
322 154
323 0
323 5
323 13
323 67
323 83
323 226
324 4
324 11
324 18
324 23
324 164
325 0
325 1
325 5
325 6
325 9
325 11
325 82
326 3
326 4
326 5
326 11
326 23
326 164
327 2
327 3
327 9
327 130
328 5
328 21
328 44
328 158
328 169
329 1
329 6
329 9
329 173
329 303
330 5
330 15
330 24
330 69
330 216
331 4
331 5
331 6
331 7
331 14
331 36
331 298
332 1
332 2
332 6
332 10
332 127
333 0
333 1
333 3
333 5
333 6
333 9
334 0
334 3
334 5
334 9
334 13
334 15
334 29
335 2
335 3
335 4
335 6
335 7
335 9
335 147
336 5
336 15
336 24
336 69
336 183
337 0
337 3
337 9
337 13
337 20
337 38
338 0
338 2
338 4
338 6
338 7
339 0
339 2
339 9
339 155
340 5
340 7
340 46
340 191
340 247
341 2
341 3
341 4
341 7
341 9
341 34
341 186
341 269
342 0
342 1
342 3
342 5
342 9
342 333
343 3
343 6
343 9
343 112
344 0
344 1
344 5
344 6
344 9
344 11
344 82
345 0
345 3
345 4
345 6
345 7
345 9
345 131
346 0
346 1
346 3
346 5
346 9
346 15
346 24
346 31
347 2
347 4
347 6
347 274
348 1
348 6
348 7
348 88
349 2
349 18
349 46
349 296
350 0
350 2
350 5
350 11
350 18
350 85
351 3
351 5
351 6
351 15
351 251
352 1
352 2
352 3
352 6
352 112
352 149
353 0
353 1
353 3
353 12
354 24
354 69
354 71
354 183
354 216
355 4
355 6
355 7
355 11
355 209
356 5
356 24
356 69
356 183
356 336
357 1
357 2
357 3
357 4
357 6
357 7
357 9
358 3
358 5
358 118
358 140
359 1
359 5
359 8
359 9
359 27
359 289
360 2
360 4
360 5
360 6
360 7
360 9
360 18
360 97
361 0
361 3
361 6
361 9
361 15
361 80
362 0
362 5
362 9
362 15
362 24
363 7
363 73
363 165
363 268
364 0
364 2
364 3
364 9
364 11
364 18
364 85
365 24
365 69
365 71
365 183
365 216
366 2
366 142
366 210
366 245
367 0
367 1
367 3
367 12
367 353
368 0
368 1
368 3
368 9
368 11
368 13
369 0
369 1
369 5
369 6
369 15
369 31
369 69
369 307
370 0
370 2
370 3
370 7
370 11
370 21
370 26
371 0
371 3
371 5
371 13
371 15
371 29
372 5
372 9
372 59
373 1
373 6
373 173
373 329
374 0
374 9
374 15
374 38
375 1
375 348
376 2
376 4
376 14
376 36
376 87
377 6
377 8
377 58
377 192
378 5
378 15
378 183
378 336
379 0
379 3
379 5
379 6
379 7
379 53
379 249
380 0
380 4
380 6
380 7
381 0
381 1
381 3
381 9
381 15
381 31
381 346
382 0
382 1
382 3
382 12
383 0
383 2
383 3
383 5
383 6
383 7
383 53
384 0
384 6
384 9
384 18
384 134
385 3
385 9
385 13
385 20
385 337
386 0
386 2
386 7
386 39
386 286
387 1
387 6
387 10
387 107
387 127
388 2
388 3
388 7
388 106
388 230
389 0
389 1
389 2
389 3
389 5
389 6
389 7
389 8
390 2
390 19
391 0
391 5
391 9
391 11
391 94
392 1
392 5
392 7
392 143
393 3
393 5
393 6
393 69
393 71
394 0
394 1
394 3
394 5
394 6
394 9
394 15
394 24
395 5
395 24
395 69
395 183
395 336
395 356
396 1
396 5
396 7
396 143
396 392
397 3
397 6
397 15
397 251
397 351
398 2
398 3
398 4
398 5
398 6
398 11
398 18
398 271
399 1
399 7
400 1
400 4
400 7
400 131
400 235
401 0
401 3
401 6
401 9
401 15
401 24
401 31
402 2
402 3
402 7
402 60
402 142
403 1
403 5
403 8
403 9
403 27
403 289
403 359
404 2
404 3
404 7
404 8
404 19
404 58
404 60
405 2
405 9
406 2
406 3
406 4
406 5
406 11
406 18
406 185
406 314
407 0
407 5
407 11
407 18
407 85
407 350
408 0
408 2
408 3
408 7
408 11
408 21
408 42
408 320
409 2
409 11
409 18
409 195
410 1
410 3
410 4
410 6
410 35
411 2
411 3
411 5
411 6
411 7
411 8
411 9
411 259
412 13
412 51
412 68
412 102
412 233
413 0
413 3
413 5
413 6
413 9
413 15
413 24
413 31
414 0
414 5
414 11
414 26
414 44
414 45
415 5
415 21
415 44
415 169
416 2
416 255
417 13
417 92
417 123
417 145
418 1
418 3
419 2
419 7
419 21
419 106
419 198
420 0
420 5
420 6
420 7
420 8
420 146
421 0
421 9
421 15
421 38
421 374
422 2
422 7
422 23
422 212
422 255
423 0
423 1
423 2
423 4
423 6
423 57
424 0
424 3
424 9
424 13
424 15
424 20
424 38
425 0
425 1
425 3
425 5
425 6
425 9
425 15
425 24
426 2
426 3
426 4
426 5
426 11
426 185
426 406
427 3
427 5
427 6
427 9
427 18
427 41
428 6
428 15
428 24
428 173
428 246
428 252
428 308
429 1
429 10
429 107
429 127
429 387
430 2
430 5
430 7
430 21
430 42
430 106
431 0
431 5
431 11
431 18
431 78
432 0
432 3
432 5
432 6
432 13
432 15
432 93
433 2
433 5
433 7
433 9
433 109
433 310
434 0
434 1
434 6
434 9
434 15
434 24
434 173
434 246
435 0
435 5
435 7
435 11
435 21
435 293
436 2
436 5
436 6
436 7
436 9
436 250
436 278
437 5
437 6
437 13
437 15
437 51
437 67
438 1
438 3
438 4
438 6
438 7
438 9
438 357
439 5
439 13
439 83
440 0
440 2
440 3
440 5
440 7
440 21
440 42
441 6
441 13
441 163
441 253
442 1
442 6
442 9
442 82
443 2
443 5
443 7
443 60
443 210
444 2
444 60
444 210
445 2
445 3
445 4
445 202
446 0
446 1
446 3
446 9
446 15
446 311
447 0
447 3
447 4
447 5
447 8
447 9
447 259
448 0
448 1
448 2
448 4
448 6
448 57
448 423
449 1
449 2
449 3
449 6
449 7
449 8
449 9
450 3
450 5
450 6
450 31
451 3
451 4
451 7
451 186
451 269
451 341
452 2
452 5
452 7
452 19
452 58
452 60
453 2
453 4
453 7
453 14
453 87
454 0
454 5
454 29
454 110
454 115
455 2
455 3
455 6
455 7
455 9
455 147
455 335
456 0
456 2
456 3
456 4
456 5
456 6
456 7
456 8
457 1
457 7
457 109
457 143
458 3
458 5
458 13
458 68
458 168
459 3
459 5
459 6
459 15
459 93
460 4
460 5
460 9
460 11
460 122
460 174
461 2
461 3
461 4
461 5
461 11
461 314
461 406
462 0
462 5
462 6
462 15
462 93
462 432
463 0
463 2
463 5
463 7
463 9
463 11
463 18
463 47
464 0
464 2
464 3
464 5
464 21
465 94
465 100
466 0
466 2
466 4
466 7
466 338
467 2
467 5
467 58
467 60
468 0
468 1
468 3
468 6
468 9
468 62
469 0
469 3
469 62
469 242
469 260
470 52
470 54
470 89
470 104
471 1
471 2
471 3
471 9
471 149
471 238
472 3
472 5
472 7
472 11
472 21
472 26
472 300
473 0
473 3
473 261
474 2
474 3
474 7
474 8
474 19
475 0
475 3
475 6
475 9
475 15
475 24
475 31
475 401
476 0
476 2
476 3
476 5
476 7
476 26
476 294
477 2
477 3
477 5
477 7
477 106
477 230
478 5
478 11
478 26
478 52
478 54
479 0
479 82
479 325
480 2
480 11
480 18
480 195
481 0
481 3
481 5
481 7
481 21
481 26
481 44
482 0
482 3
482 7
482 21
482 42
482 320
482 408
483 3
483 5
483 6
483 9
483 34
483 41
483 208
484 2
484 5
484 19
484 58
484 452
485 1
485 3
485 9
485 15
486 0
486 4
486 5
486 6
486 7
486 292
487 0
487 1
487 4
487 6
487 295
488 3
488 5
488 7
488 8
488 19
488 60
489 0
489 3
489 5
489 15
489 93
489 432
490 1
490 109
490 143
491 0
491 1
491 2
491 5
491 7
491 9
491 109
491 137
492 0
492 15
492 24
492 173
492 246
492 252
492 308
493 1
493 2
493 149
493 238
494 3
494 4
494 5
494 9
494 11
494 17
494 65
495 5
495 6
495 9
495 20
495 162
496 0
496 1
496 3
496 5
496 6
496 9
496 24
496 31
497 1
497 6
497 107
497 127
497 387
498 0
498 11
498 26
498 52
498 54
499 5
499 221
499 321
500 0
500 2
500 3
500 7
500 9
500 11
501 3
501 5
501 7
501 19
501 60
501 488
502 0
502 1
502 2
502 6
503 0
503 2
503 7
503 26
504 3
504 13
504 51
504 68
505 3
505 5
505 7
505 21
505 42
506 4
506 9
506 11
506 17
506 65
506 494
507 3
507 4
507 5
507 9
507 11
507 65
508 0
508 1
508 3
508 5
508 6
508 96
509 5
509 7
509 18
509 172
510 1
510 5
510 13
510 84
510 114
511 0
511 1
511 3
511 5
511 6
511 295
512 1
512 2
512 4
513 0
513 2
513 3
513 5
513 7
513 11
513 21
513 42
514 0
514 2
514 5
514 7
514 11
514 21
515 0
515 3
515 6
515 9
515 131
515 345
516 1
516 3
517 1
517 5
517 7
517 143
517 392
517 396
518 5
518 24
518 69
518 216
518 330
519 3
519 4
519 34
519 186
520 0
520 11
520 26
520 52
520 54
521 0
521 2
521 9
521 11
521 500
522 4
522 8
522 9
523 133
524 5
524 13
524 67
524 226
525 1
525 3
525 6
525 9
525 24
525 62
526 1
526 3
526 5
526 333
527 3
527 4
527 5
527 11
527 23
527 164
528 3
528 5
528 6
528 9
528 15
528 80
528 251
529 0
529 2
529 4
529 5
529 6
529 7
529 14
529 36
530 0
530 2
530 6
530 14
530 43
530 221
531 4
531 6
531 7
531 197
531 301
532 2
532 3
532 4
532 5
532 11
532 18
532 25
532 185
533 2
533 4
533 6
533 9
533 18
533 97
533 360
534 0
534 5
534 7
534 11
534 21
534 435
535 1
535 7
535 143
536 0
536 3
536 5
536 7
536 11
536 44
536 45
537 5
537 6
537 7
537 46
537 191
537 215
538 0
538 5
538 11
538 18
538 350
539 0
539 4
539 5
539 7
539 11
539 28
539 122
539 199
540 4
540 35
540 410
541 5
541 7
541 73
541 165
541 177
542 0
542 5
542 6
542 13
542 15
542 20
542 154
543 2
543 4
543 190
544 0
544 16
545 0
545 3
545 49
545 92
546 0
546 2
546 3
546 5
546 7
547 2
547 142
548 3
548 6
548 9
548 34
548 41
548 59
548 171
549 2
549 3
549 7
549 9
549 34
549 186
550 2
550 5
550 7
550 14
550 257
551 2
551 4
551 57
551 423
552 4
552 9
552 11
552 17
552 494
552 506
553 1
553 24
553 62
553 237
554 1
554 3
554 178
554 264
555 0
555 1
555 2
555 3
555 4
555 5
555 6
556 3
556 4
556 11
556 18
556 23
556 272
557 2
557 5
557 7
557 9
557 109
557 310
558 0
558 4
558 5
558 6
558 7
558 9
558 250
559 6
559 24
559 173
559 246
559 252
560 0
560 1
560 6
560 9
560 13
560 291
561 0
561 2
561 5
561 6
561 14
561 221
562 9
562 13
562 20
562 133
563 1
563 2
563 5
563 7
563 9
563 109
564 2
564 405
565 3
565 5
565 6
565 80
565 251
566 4
566 202
567 5
567 15
567 24
567 69
567 330
568 2
568 11
568 18
568 195
568 480
569 3
569 5
569 7
569 8
569 488
570 0
570 3
570 5
570 6
570 9
570 15
570 24
571 13
571 92
571 123
572 0
572 4
572 5
572 6
572 14
572 529
573 3
573 5
573 7
573 8
573 488
573 569
574 1
574 2
574 3
574 287
575 1
575 5
575 8
575 9
575 27
575 359
576 0
576 4
576 7
576 116
577 0
577 9
577 18
578 1
578 5
578 13
578 114
578 510
579 0
579 5
579 6
579 7
579 8
579 146
579 420
580 13
580 51
580 68
580 504
581 173
581 246
581 252
581 308
582 2
582 3
582 4
582 5
582 11
582 18
582 185
582 532
583 2
583 3
583 6
583 7
583 147
583 335
584 4
584 5
584 6
584 7
584 14
584 36
584 298
585 2
585 7
585 23
585 46
585 296
586 13
586 20
586 218
586 229
587 6
587 7
587 197
587 301
588 2
588 3
588 4
588 406
588 461
589 2
589 3
589 6
589 147
589 335
589 455
590 24
590 553
591 4
591 6
591 7
591 301
592 5
592 11
592 21
592 435
592 534
593 3
593 5
593 6
593 11
593 18
593 271
593 398
594 0
594 1
594 3
594 12
594 353
595 3
595 5
595 6
595 333
596 1
596 3
596 6
596 9
596 11
596 13
596 84
597 1
597 2
597 3
597 4
597 9
597 357
598 0
598 1
598 6
598 9
598 13
598 15
599 0
599 3
599 5
599 6
599 13
599 15
599 93
599 432
600 0
600 5
600 6
600 13
600 15
600 51
600 67
601 3
601 5
601 9
601 494
602 2
602 4
602 5
602 6
602 7
602 9
602 18
602 97
603 3
603 5
603 7
603 8
603 488
604 1
604 348
605 0
605 3
605 80
605 150
606 0
606 5
606 115
607 1
607 3
607 9
607 149
607 238
608 0
608 1
608 5
608 6
608 9
608 82
608 325
609 0
609 5
609 26
609 44
609 45
610 0
610 350
611 0
611 4
611 7
611 73
611 292
612 13
612 240
613 0
613 3
613 9
613 13
614 0
614 13
614 49
614 123
615 3
615 35
615 103
615 256
616 69
616 71
616 183
616 216
616 365
617 1
617 3
617 5
617 6
617 13
617 84
617 114
618 0
618 2
618 7
618 11
619 5
619 6
619 15
619 462
620 0
620 5
620 11
620 85
621 3
621 4
621 5
621 11
621 25
621 40
622 69
622 71
622 183
622 216
622 354
623 5
623 21
623 44
623 158
623 169
623 328
624 0
624 4
624 5
624 6
624 7
624 14
625 0
625 7
625 11
625 293
625 435
626 3
626 5
626 111
627 5
627 7
627 73
627 177
628 3
628 13
628 51
628 68
629 0
629 13
629 67
629 323
630 0
630 1
630 2
630 4
630 6
630 7
631 0
631 1
631 3
631 5
631 9
631 13
631 15
632 2
632 7
632 21
632 106
632 419
633 4
633 7
633 73
633 611
634 2
634 7
634 212
634 255
634 422
635 2
635 3
635 4
635 5
635 11
635 25
636 2
636 4
636 5
636 11
636 18
636 185
636 314
637 4
637 5
637 6
637 7
637 292
637 486
638 0
638 3
638 4
638 6
638 7
638 9
638 131
639 1
639 2
639 3
639 5
639 7
639 8
639 9
639 289
640 2
640 3
640 4
640 5
640 7
640 8
641 0
641 15
641 24
641 173
641 246
642 0
642 9
642 15
642 31
642 381
643 6
643 7
643 389
644 238
644 493
645 0
645 3
645 6
645 9
645 15
645 24
645 401
645 475
646 3
646 5
646 7
646 488
646 603
647 0
647 3
647 5
647 13
647 98
648 3
648 6
648 9
648 112
648 149
648 305
649 0
649 52
650 2
650 3
650 4
650 5
651 0
651 1
651 3
651 4
651 5
651 7
651 8
651 75
652 3
652 6
652 9
652 80
652 361
653 0
653 3
653 11
653 44
654 0
654 3
654 5
654 6
654 8
654 389
655 2
655 7
655 23
655 46
655 296
656 0
656 1
656 3
656 4
656 6
656 57
657 0
657 5
657 9
657 11
657 94
657 391
658 71
658 183
658 216
658 354
658 622
659 0
659 4
659 5
659 6
660 4
660 7
660 197
660 301
660 531
661 5
661 15
661 24
661 69
661 71
661 183
661 216
662 3
662 5
662 6
662 9
662 259
662 411
663 0
663 2
663 4
663 5
663 6
663 14
663 36
664 3
664 5
664 6
664 9
664 18
664 34
664 41
665 3
665 5
665 6
665 34
665 59
665 70
665 304
666 3
666 7
666 186
666 269
666 341
666 451
667 2
667 4
667 11
667 18
667 25
668 5
668 44
668 169
668 415
669 0
669 4
669 6
669 9
669 131
669 345
670 0
670 2
670 4
670 5
670 6
670 7
670 9
670 18
670 34
671 0
671 2
671 3
671 4
671 5
671 295
672 21
672 169
672 328
672 623
673 5
673 6
673 13
673 15
673 51
673 437
674 69
674 71
674 183
674 216
674 365
674 616
675 2
675 4
675 5
675 97
675 602
676 0
676 1
676 6
676 7
676 234
677 0
677 6
677 18
677 134
677 384
678 4
678 7
678 18
678 97
678 243
679 0
679 11
679 52
679 54
679 498
680 3
680 5
680 6
680 333
680 595
681 0
681 1
681 3
681 5
681 6
681 9
681 15
681 24
682 0
682 1
682 6
682 9
682 15
682 24
682 246
683 0
683 3
683 6
683 15
683 361
684 1
684 7
684 109
684 143
684 457
685 0
685 1
685 3
685 6
685 57
685 656
686 1
686 2
686 5
686 7
686 9
686 27
686 289
687 3
687 5
687 6
687 9
687 80
687 251
687 528
688 0
688 2
688 4
688 5
688 6
688 9
688 250
688 278
689 2
689 3
689 4
689 5
689 6
689 11
689 18
689 271
689 398
690 0
690 1
690 6
690 9
690 82
690 175
691 0
691 1
691 2
691 4
691 57
691 448
692 0
692 2
692 3
692 7
692 21
692 42
692 320
693 3
693 5
693 7
693 11
693 21
693 26
694 6
694 13
694 93
694 253
695 6
695 18
695 134
696 2
696 3
696 6
696 11
696 18
696 271
696 398
697 5
697 143
697 392
697 396
698 7
698 23
698 212
698 255
699 3
699 5
699 8
699 259
699 447
700 5
700 15
700 24
700 69
700 71
700 183
700 216
701 3
701 4
701 7
701 11
701 18
701 23
702 0
702 110
702 115
702 148
703 0
703 5
703 6
703 93
703 432
703 462
704 2
704 5
704 7
704 9
705 3
705 5
705 7
705 9
705 18
705 47
706 0
706 3
706 5
706 6
706 13
706 15
706 93
707 4
707 23
707 164
707 326
708 15
708 69
708 183
709 0
709 1
709 3
709 4
709 6
709 57
709 656
710 1
710 7
710 109
710 143
710 457
710 684
711 5
711 11
711 21
711 435
711 534
712 0
712 5
712 6
712 15
712 31
712 369
713 0
713 1
713 5
713 9
713 82
713 608
714 1
714 2
714 3
714 5
714 6
714 10
715 0
715 4
715 5
715 6
715 73
715 292
716 2
716 3
716 4
716 5
716 6
716 23
716 271
717 3
717 5
717 98
717 141
717 211
718 0
718 4
718 5
718 7
718 9
718 11
718 122
719 2
719 7
719 419
719 632
720 1
720 2
720 3
720 6
720 112
720 149
720 352
721 0
721 52
721 649
722 0
722 5
722 11
722 21
722 26
722 44
722 45
723 19
723 156
724 2
724 5
724 18
724 185
724 532
724 582
725 2
725 58
726 5
726 8
726 259
726 699
727 1
727 2
727 4
727 5
727 179
728 0
728 1
728 3
728 5
728 6
729 2
729 4
729 5
729 11
729 406
730 5
730 7
730 191
730 247
730 340
731 6
731 19
731 81
731 156
732 0
732 2
732 3
732 7
732 21
732 26
732 166
733 2
733 57
733 423
733 551
734 5
734 18
734 23
734 283
735 0
735 6
735 9
735 18
735 134
736 0
736 11
736 498
736 679
737 5
737 6
737 9
737 15
737 80
737 251
737 528
738 2
738 142
738 210
739 3
739 5
739 9
739 34
739 41
740 11
740 26
740 52
740 54
740 478
741 0
741 5
741 15
741 362
742 2
742 3
742 9
742 34
742 187
742 224
743 1
743 6
743 10
743 127
744 1
744 127
744 387
744 497
745 1
745 5
745 6
745 9
745 15
746 1
746 5
746 7
746 143
746 396
746 517
747 1
747 3
747 4
747 5
747 6
747 7
747 8
747 9
748 0
748 1
748 2
748 4
748 6
748 7
748 86
749 0
749 1
749 4
749 6
749 423
749 448
750 0
750 1
750 3
750 5
750 9
750 631
751 0
751 5
751 11
751 85
751 620
752 0
752 2
752 7
752 9
752 11
752 18
752 463
753 1
753 3
753 5
753 6
753 9
753 11
753 13
753 84
754 4
754 23
754 25
754 40
754 236
755 5
755 44
755 415
755 668
756 0
756 4
756 6
756 9
756 134
757 3
757 6
757 9
757 18
757 41
758 127
758 743
759 3
759 5
759 13
759 15
759 189
760 142
760 210
760 245
760 366
761 0
761 5
761 13
761 15
761 20
761 154
761 542
762 2
762 11
762 18
762 195
762 480
762 568
763 1
763 4
763 5
763 6
763 7
763 8
763 9
764 0
764 3
764 5
764 6
764 8
764 654
765 0
765 4
765 6
765 7
765 132
765 167
766 2
766 3
766 7
766 8
766 19
766 58
766 60
767 2
767 5
767 8
767 19
767 219
768 2
768 3
768 11
768 185
769 0
769 1
769 3
769 5
769 9
769 15
769 24
769 31
769 346
770 0
770 3
770 9
770 15
770 31
770 346
771 0
771 1
771 3
771 13
771 66
772 3
772 7
772 11
772 21
772 26
772 44
772 300
773 1
773 7
773 109
773 143
773 457
774 2
774 3
774 7
774 11
774 21
774 42
775 0
775 2
775 5
775 7
775 11
775 55
776 5
776 6
776 251
776 351
777 5
777 11
777 23
778 3
778 6
778 15
778 351
778 397
779 0
779 3
779 5
779 6
779 654
779 764
780 5
780 7
780 73
780 627
781 0
781 3
781 7
781 21
781 26
782 0
782 4
782 6
782 423
782 448
782 749
783 4
783 6
783 11
783 184
784 0
784 5
784 7
784 73
785 5
785 44
785 415
785 668
785 755
786 2
786 4
786 7
786 36
786 87
786 284
787 13
787 51
787 68
787 233
787 316
788 0
788 3
788 15
788 24
788 31
788 413
789 3
789 5
789 9
789 13
789 15
789 29
789 334
790 0
790 1
790 3
790 6
790 9
790 61
791 2
791 3
791 149
791 238
792 2
792 3
792 5
792 7
792 42
792 106
793 0
793 1
793 3
793 6
793 57
793 656
793 685
794 1
794 2
794 3
794 4
794 5
794 6
794 7
794 11
795 3
795 4
795 5
795 11
795 18
795 23
795 25
796 3
796 6
796 24
796 31
796 56
797 3
797 13
797 51
797 68
798 0
798 1
798 2
798 3
798 7
798 9
798 11
798 182
799 5
799 6
799 34
799 59
799 70
800 0
800 1
800 12
800 367
801 0
801 3
801 5
801 6
801 15
801 24
801 31
801 413
802 1
802 2
802 3
802 4
802 6
802 35
802 103
803 6
803 8
803 58
804 0
804 4
804 5
804 555
805 1
805 3
805 6
805 9
805 112
805 149
805 305
806 0
806 1
806 6
806 24
806 62
807 0
807 3
807 5
807 13
807 98
807 647
808 0
808 3
808 5
808 13
808 29
808 110
809 6
809 162
810 0
810 7
810 11
810 18
811 24
811 69
811 216
811 330
812 2
812 3
812 6
812 147
812 335
812 455
812 589
813 5
813 9
813 17
813 65
813 494
814 1
814 3
814 5
814 10
815 2
815 4
815 14
815 87
815 453
816 1
816 6
816 9
816 303
816 329
817 0
817 13
817 51
817 67
817 124
818 0
818 1
818 13
818 771
819 2
819 5
819 11
819 25
819 185
819 232
820 0
820 1
820 3
820 57
820 685
820 793
821 0
821 5
821 6
821 9
821 15
821 24
822 0
822 3
822 5
822 13
822 20
823 2
823 3
823 5
823 8
823 9
823 259
824 2
824 6
824 7
824 250
824 278
824 436
825 0
825 3
825 5
825 9
825 750
826 2
826 3
826 5
826 11
826 635
827 2
827 3
827 42
828 2
828 3
828 4
828 48
829 0
829 6
829 13
829 20
829 154
829 322
830 2
830 18
830 195
830 480
831 3
831 9
831 13
831 20
832 7
832 73
832 165
832 363
833 7
833 109
833 457
833 684
834 2
834 19
834 58
834 452
834 484
835 19
835 390
836 0
836 1
836 2
836 3
836 4
837 3
837 5
837 13
837 20
837 218
838 5
838 11
838 18
838 78
838 431
839 0
839 3
839 7
839 21
839 408
840 0
840 4
840 5
840 7
840 9
840 11
840 28
840 122
841 5
841 11
841 435
841 534
841 711
842 0
842 1
842 3
842 6
843 3
843 5
843 45
843 108
844 2
844 4
844 5
844 7
844 9
844 18
844 97
845 6
845 15
845 24
845 173
845 246
845 252
845 308
845 428
846 4
846 7
846 197
846 301
846 531
846 660
847 4
847 8
847 19
847 248
847 258
848 0
848 3
848 5
848 13
848 15
848 93
848 706
849 0
849 5
849 13
849 67
849 83
850 2
850 60
850 210
850 444
851 6
851 15
851 24
851 173
851 246
851 252
851 308
852 1
852 6
852 9
852 11
852 13
852 596
853 127
853 743
854 0
854 3
854 26
854 44
854 45
854 280
855 1
855 2
855 4
855 5
855 48
855 179
856 69
856 216
856 354
857 3
857 13
857 29
857 110
857 285
858 2
858 3
858 4
858 6
858 7
858 9
858 147
859 2
859 5
859 26
859 294
860 2
860 3
860 4
860 9
860 858
861 5
861 125
862 1
862 5
862 11
862 109
862 143
863 0
863 3
863 6
863 9
863 15
863 24
863 475
863 645
864 5
864 11
864 26
864 54
865 2
865 3
865 5
865 7
865 11
865 26
865 294
866 71
866 220
867 2
867 3
867 6
867 147
867 335
867 455
868 2
868 3
868 9
868 187
868 224
868 742
869 13
869 51
869 68
869 316
869 787
870 1
870 348
870 604
871 0
871 1
871 3
871 12
872 0
872 3
872 9
872 13
872 15
873 0
873 2
873 4
873 5
873 6
873 7
873 18
873 34
874 0
874 3
874 123
875 3
875 4
875 187
876 3
876 35
876 103
876 256
876 615
877 2
877 21
877 320
877 692
878 0
878 1
878 5
878 6
878 9
878 82
878 608
879 3
879 5
879 333
880 2
880 4
880 9
880 250
880 278
881 3
881 7
881 11
881 21
881 26
881 44
881 300
881 772
882 0
882 5
882 44
882 45
882 280
883 2
883 3
883 7
883 8
883 19
883 60
883 404
884 0
884 9
884 15
884 31
884 381
885 0
885 6
885 7
885 8
885 146
885 420
886 3
886 5
886 9
886 13
886 15
886 631
887 5
887 183
887 378
888 1
888 10
888 107
888 387
888 429
889 2
889 3
889 4
889 5
889 11
889 18
889 25
889 185
890 0
890 3
890 5
890 6
890 15
890 413
890 801
891 0
891 2
891 7
892 3
892 6
892 9
892 335
892 455
893 3
893 4
893 7
893 19
894 0
894 11
894 85
894 751
895 5
895 6
895 9
895 20
895 162
896 5
896 499
897 0
897 5
897 11
897 26
897 54
898 0
898 1
898 2
898 3
898 35
898 103
898 256
899 2
899 11
899 25
899 40
900 5
900 143
900 396
900 697
901 1
901 2
901 3
901 4
901 5
901 6
901 8
902 1
902 2
902 3
902 5
902 7
902 8
902 639
903 5
903 7
903 18
903 46
903 191
903 215
904 2
904 35
904 103
904 256
905 0
905 1
905 5
905 6
905 7
905 8
905 146
906 2
906 4
906 7
906 8
906 22
907 5
907 11
907 26
908 3
908 4
908 6
908 7
908 147
909 2
909 5
909 6
909 9
909 250
909 278
909 436
910 0
910 3
910 5
910 6
910 96
910 508
911 0
911 1
911 3
911 5
911 9
911 13
911 66
912 0
912 3
912 5
912 15
912 371
913 0
913 3
913 4
913 5
913 6
913 7
913 53
913 249
914 7
914 19
914 248
914 258
915 2
915 4
915 7
915 186
915 269
916 0
916 5
916 6
916 14
916 113
916 281
917 0
917 6
917 18
917 134
917 735
918 5
918 15
918 24
918 69
918 71
918 183
918 216
918 661
919 71
919 216
919 354
919 622
919 658
920 0
920 1
920 3
920 5
920 6
920 295
920 511
921 0
921 2
921 5
921 6
921 8
921 389
922 2
922 21
922 320
922 692
922 877
923 3
924 0
924 3
924 6
924 9
924 15
925 11
925 26
925 44
925 45
925 158
926 0
926 6
926 15
926 31
926 307
927 0
927 2
927 3
927 7
927 106
927 120
927 198
928 1
928 3
928 4
928 5
928 6
928 7
928 8
928 9
928 747
929 1
929 2
929 6
929 127
930 13
930 51
930 102
930 412
931 0
931 7
931 386
932 3
932 6
932 7
932 8
932 9
933 3
933 5
933 8
933 488
933 603
934 2
934 4
934 5
934 7
934 9
934 18
934 97
934 844
935 7
935 73
935 165
935 177
935 541
936 0
936 13
936 51
936 67
936 124
936 817
937 69
937 216
938 0
938 3
938 5
938 9
938 13
938 15
939 0
939 2
939 3
939 11
939 21
939 26
939 370
940 1
940 82
940 442
941 2
941 5
941 7
941 11
941 55
941 126
942 6
942 15
942 173
942 252
942 308
942 845
943 0
943 4
943 5
943 6
943 7
943 14
943 36
944 0
944 2
944 4
944 5
944 6
944 36
945 2
945 3
945 4
945 6
945 7
945 11
945 18
946 0
946 3
946 5
946 6
946 7
946 53
946 249
947 3
947 5
947 6
947 728
948 1
948 5
948 7
949 0
949 24
949 173
949 252
949 492
950 6
950 24
950 173
950 308
950 428
951 2
951 3
951 5
951 42
951 106
951 792
952 3
952 19
952 60
952 228
953 1
953 6
953 7
953 88
953 348
954 0
954 5
954 13
954 20
954 154
955 6
955 41
955 59
955 70
955 304
956 3
956 5
956 8
956 118
956 140
957 2
957 3
957 4
957 11
957 185
957 406
957 426
958 0
958 6
958 18
958 134
958 384
959 0
959 5
959 7
959 26
959 44
959 63
960 0
960 9
960 11
960 82
961 2
961 3
961 4
961 671
962 3
962 7
962 9
962 11
962 500
963 3
963 6
963 24
963 31
963 56
963 796
964 3
964 13
964 15
964 93
964 189
964 302
965 2
965 3
965 7
965 11
965 21
965 26
966 21
966 44
966 169
966 415
967 0
967 3
967 31
967 413
967 788
968 5
968 125
968 861
969 7
969 21
969 106
969 419
969 632
970 0
970 4
970 5
970 9
970 11
970 94
970 180
971 0
971 7
971 21
971 781
972 67
972 124
972 817
972 936
973 3
973 5
973 13
973 20
973 218
973 837
974 0
974 3
974 7
974 8
975 20
975 218
975 229
975 586
976 2
976 5
976 6
976 88
977 0
977 4
977 5
977 6
977 292
977 715
978 6
978 58
978 803
979 0
979 2
979 4
979 5
979 36
979 944
980 0
980 2
980 3
980 5
980 6
980 7
980 11
980 18
981 1
981 12
981 594
982 0
982 1
982 6
982 508
983 0
983 2
983 5
983 7
983 11
983 55
984 0
984 3
984 49
984 92
984 545
985 1
985 2
985 3
985 4
985 5
986 1
986 9
986 11
986 13
986 84
986 596
987 0
987 3
987 9
987 13
987 15
987 20
987 38
987 424
988 2
988 4
988 5
988 97
988 602
989 0
989 1
989 3
989 5
989 6
989 7
989 8
989 96
990 2
990 4
990 6
990 7
990 18
990 197
991 0
991 3
991 49
991 92
992 0
992 2
992 4
992 5
992 295
992 671
993 3
993 4
993 11
993 18
993 185
993 406
994 5
994 251
994 351
994 776
995 8
995 19
995 248
995 258
996 2
996 18
996 195
996 568
997 1
997 15
997 485
998 11
998 52
998 498
999 2
999 3
999 4
999 9
999 34
999 186
999 269
