1 0
2 0
2 1
3 0
3 1
3 2
4 0
4 1
4 2
4 3
5 0
5 1
5 2
5 3
5 4
6 0
6 1
6 2
6 3
6 4
6 5
7 0
7 1
7 2
7 3
7 4
7 5
7 6
8 0
8 1
8 2
8 3
8 4
8 5
8 6
8 7
9 0
9 1
9 2
9 3
9 4
9 5
9 6
9 7
9 8
10 0
10 2
11 1
11 4
12 0
12 3
12 4
12 6
12 7
12 8
13 1
13 2
13 4
14 0
14 1
14 2
14 3
14 4
14 5
14 7
15 0
15 1
15 6
15 9
16 0
16 1
16 2
16 4
16 5
16 14
17 1
17 2
17 5
18 0
18 3
18 4
18 7
18 14
19 0
19 5
19 6
20 0
20 1
20 3
20 5
21 0
21 5
21 6
21 19
22 1
22 4
22 8
22 9
23 4
23 8
23 9
23 22
24 1
24 4
24 5
24 7
24 8
24 9
25 1
25 2
25 4
25 5
25 8
26 1
26 2
26 4
26 5
26 16
27 1
27 3
27 4
27 7
28 1
28 5
28 16
28 26
29 0
29 6
29 8
30 2
30 4
30 13
31 2
31 3
32 1
32 3
32 4
32 6
32 8
33 1
33 4
33 27
34 2
34 3
34 4
34 5
34 6
34 7
35 2
35 13
35 30
36 0
36 6
36 19
37 0
37 1
38 1
38 2
38 4
38 13
39 3
39 4
39 7
39 14
39 18
40 0
40 1
40 3
40 4
40 5
40 14
41 1
41 4
41 8
41 9
41 22
42 4
42 8
42 9
42 23
43 22
43 41
44 0
44 1
44 2
44 4
44 5
44 14
44 16
45 6
45 7
46 5
46 7
46 8
46 24
47 2
47 6
47 7
47 34
48 0
48 1
48 4
48 5
48 7
48 14
49 1
49 3
49 7
49 27
50 0
50 6
50 8
50 29
51 0
51 6
51 15
52 43
53 14
53 18
53 39
54 0
54 19
54 36
55 4
55 5
55 6
55 7
56 1
56 5
56 26
57 1
57 2
57 4
57 5
58 1
58 4
58 33
59 0
59 4
59 18
60 1
60 5
60 16
60 44
61 0
61 19
62 1
62 2
62 4
62 5
62 8
62 25
63 0
63 3
63 6
63 12
64 6
64 45
65 0
65 4
65 18
65 59
66 3
66 4
66 5
66 14
66 40
67 8
67 42
68 0
68 2
68 3
68 4
68 5
68 9
69 2
69 4
69 6
69 7
69 34
70 1
70 2
70 4
70 13
71 1
71 2
71 4
71 5
71 62
72 8
72 42
72 67
73 2
73 6
73 47
74 14
74 18
74 39
74 53
75 2
75 3
75 5
75 6
75 9
76 0
76 3
76 6
76 7
77 0
77 2
77 4
78 1
78 13
78 38
79 0
79 76
80 3
80 4
80 5
80 7
81 0
81 59
81 65
82 1
82 2
82 4
82 7
82 14
83 7
83 27
83 49
84 5
84 40
84 66
85 14
85 74
86 2
86 3
86 4
86 5
86 6
86 8
87 3
87 4
87 5
87 14
87 40
88 4
88 5
88 14
88 40
89 1
89 2
89 4
89 13
90 0
90 3
90 7
90 76
91 3
91 4
91 5
91 6
91 7
91 34
92 4
92 5
92 6
92 7
92 55
93 79
94 3
94 7
94 18
94 39
95 4
95 23
96 0
96 1
96 3
96 4
96 5
97 0
97 2
98 1
98 13
98 78
99 1
99 4
99 7
99 24
100 1
100 4
100 5
100 26
101 1
101 5
101 26
101 100
102 2
102 6
102 69
103 42
103 67
103 72
104 0
104 2
104 10
105 2
105 3
106 0
107 47
108 3
108 7
108 14
108 18
109 1
109 16
110 0
110 19
110 61
111 0
111 6
111 15
112 8
112 23
112 42
113 0
113 4
113 18
113 59
113 65
114 0
114 1
115 0
115 3
115 7
115 76
116 1
116 109
117 2
117 5
118 5
118 55
119 2
119 5
119 9
119 75
120 0
120 1
120 3
120 4
120 5
120 7
121 1
121 8
121 22
121 41
122 0
122 3
122 4
122 7
122 14
122 18
123 8
123 9
123 41
124 4
124 7
124 34
124 69
125 1
125 20
126 0
126 4
126 7
126 48
127 3
127 4
127 7
127 39
128 8
128 121
129 0
129 2
129 3
129 4
129 7
130 2
130 3
130 5
130 6
130 9
130 75
131 1
131 2
131 3
131 5
132 1
132 4
132 13
133 4
133 8
133 41
134 2
134 3
134 5
134 6
134 9
134 75
135 1
135 2
135 70
136 1
136 2
136 26
137 5
137 9
138 0
138 3
138 40
139 55
139 118
140 1
140 8
140 22
140 41
140 121
141 1
141 4
141 6
141 7
142 0
142 65
142 113
143 1
143 2
143 4
143 7
143 82
144 5
144 8
144 24
144 46
145 3
145 7
145 18
145 39
145 94
146 0
146 7
147 1
147 4
147 71
148 5
148 9
148 137
149 1
149 16
149 26
149 28
150 4
150 5
150 7
151 4
151 66
152 39
152 53
153 1
153 2
153 4
153 5
153 71
154 0
154 3
154 120
155 1
155 4
155 7
155 24
155 99
156 0
156 4
156 113
157 0
157 1
157 2
157 3
157 4
157 6
158 6
158 9
158 75
159 4
159 157
160 0
160 4
160 113
160 156
161 3
161 7
161 18
161 39
161 94
162 6
162 34
162 47
163 1
163 6
163 7
163 141
164 3
164 4
164 12
165 42
165 67
165 72
165 103
166 3
166 7
166 27
167 9
167 137
168 3
168 6
168 7
169 3
169 14
169 108
170 3
170 4
170 5
170 6
171 3
171 4
171 14
171 40
171 87
172 131
173 67
173 72
173 103
174 0
174 4
174 6
174 157
175 67
175 72
176 1
176 2
176 4
176 25
177 0
177 2
177 3
177 4
177 5
177 6
177 7
177 8
177 9
178 1
178 2
178 3
178 4
179 3
179 7
179 39
179 94
180 1
180 3
180 40
181 3
181 4
181 5
181 7
181 80
182 1
182 8
182 9
182 41
183 0
183 1
183 114
184 1
184 2
184 4
184 62
184 71
185 2
185 47
185 73
186 55
187 2
187 3
187 5
187 75
187 134
188 56
189 0
189 7
189 76
189 90
190 1
190 4
190 8
190 22
191 3
191 7
191 94
192 0
192 19
192 61
193 0
193 1
193 183
194 4
194 8
194 41
195 2
195 3
195 5
195 75
196 2
196 5
196 117
197 1
197 4
197 8
197 22
198 0
198 2
198 4
198 5
198 6
198 7
198 8
198 9
199 0
199 19
199 36
200 26
200 28
201 0
201 4
201 157
201 174
202 2
202 3
202 5
202 7
202 34
203 2
203 5
203 9
203 75
203 119
204 0
204 2
204 10
205 3
205 4
205 40
205 171
206 3
206 4
206 32
207 2
207 4
207 34
207 69
208 2
208 3
209 1
209 2
209 4
209 5
209 16
210 0
210 8
210 29
210 50
211 3
211 14
211 66
212 2
212 5
212 9
212 75
212 119
213 18
213 65
213 113
214 8
214 41
215 4
215 7
215 34
215 69
215 124
216 4
216 7
216 24
217 2
217 4
217 13
217 38
218 168
219 2
219 6
219 9
219 75
219 130
220 8
220 41
220 121
221 5
221 40
221 84
222 1
222 4
222 5
222 25
222 62
223 9
223 167
224 0
224 1
224 2
224 4
225 0
225 4
225 18
225 65
226 1
226 26
226 56
227 2
227 5
227 9
228 1
228 4
228 8
228 22
229 3
229 27
229 49
230 1
230 98
231 0
231 4
231 157
232 0
233 4
233 55
234 2
234 3
234 4
234 5
234 8
234 86
235 2
235 6
235 69
236 0
237 0
237 4
237 14
237 16
237 44
238 0
239 0
239 4
239 5
239 6
239 9
239 198
240 0
240 3
240 4
240 129
241 4
241 5
241 55
241 92
242 14
242 108
242 169
243 2
243 3
243 6
243 9
243 75
243 130
244 1
244 2
244 4
245 3
245 6
245 7
245 34
245 91
246 0
246 3
246 7
246 76
246 90
247 4
247 8
247 22
248 2
248 3
248 5
248 6
248 134
249 7
249 94
249 191
250 1
250 6
250 32
251 5
251 75
251 119
251 212
252 6
252 64
253 0
253 5
253 9
253 239
254 3
254 76
254 90
255 1
255 4
255 8
255 9
256 2
256 4
256 25
256 176
257 6
257 34
257 47
258 1
258 2
258 4
258 13
258 70
259 7
259 34
259 91
259 245
260 8
260 42
260 67
261 1
261 3
261 4
261 6
261 8
262 78
262 98
263 0
263 3
263 5
263 14
263 40
264 3
264 20
265 14
265 39
265 53
266 1
266 22
267 155
268 4
268 6
268 69
269 3
269 171
269 205
270 7
270 39
271 167
271 223
272 1
272 8
272 255
273 2
273 5
273 9
273 203
274 4
274 7
275 121
275 220
276 272
277 0
277 7
277 146
278 2
278 3
278 208
279 0
279 3
279 4
279 7
279 18
280 254
281 14
281 108
281 169
282 4
282 27
282 33
283 23
283 112
284 0
284 2
284 3
284 6
285 3
285 7
285 18
285 108
286 1
286 5
286 7
286 14
287 0
287 1
287 2
287 4
287 224
288 2
288 4
288 178
289 0
289 1
289 3
289 4
289 5
289 6
290 3
290 9
290 75
290 134
291 4
291 6
291 7
291 8
291 12
292 0
292 2
292 4
292 6
292 9
292 198
293 1
293 5
293 14
294 1
294 5
294 60
295 5
296 4
296 157
296 174
297 0
297 4
297 5
297 14
297 48
298 4
298 190
299 55
300 3
300 4
300 6
300 8
300 32
301 9
301 23
301 42
302 3
302 18
303 4
303 23
303 95
304 0
304 1
304 4
305 3
305 4
305 6
305 8
305 32
305 300
306 0
306 4
307 8
307 9
307 182
308 34
308 257
309 3
309 6
310 59
310 65
311 4
311 16
311 44
311 237
312 0
312 1
312 2
312 4
312 5
313 1
313 5
314 7
314 27
314 49
314 83
315 0
315 2
315 4
315 77
316 3
316 94
316 191
317 1
317 5
317 26
317 100
317 101
318 1
318 2
318 4
318 6
318 7
319 166
320 32
320 206
321 3
321 4
321 7
321 91
322 4
322 157
322 201
323 1
323 4
323 5
323 96
324 0
324 19
324 61
324 110
325 75
325 212
325 251
326 1
326 5
326 26
326 100
326 317
327 0
327 3
327 18
327 279
328 4
328 11
329 79
330 23
330 301
331 5
331 40
331 84
332 1
332 4
332 8
332 228
333 43
333 52
334 3
334 7
334 39
334 94
334 179
335 0
335 3
335 4
335 6
335 177
336 0
336 4
336 5
336 6
336 9
336 198
337 0
337 1
337 9
337 15
338 9
339 2
339 5
339 6
339 75
339 134
340 0
340 1
340 7
340 14
340 48
341 13
341 78
341 98
342 2
342 6
342 339
343 1
343 6
343 318
344 2
344 3
344 7
344 129
345 182
345 307
346 1
346 4
346 5
346 8
346 25
347 2
347 5
348 4
348 8
348 22
348 247
349 1
349 4
349 6
349 7
349 318
350 4
350 5
350 80
351 1
351 4
351 71
352 2
352 6
352 9
352 75
352 130
353 4
353 5
353 14
353 87
354 0
354 4
354 65
354 225
355 0
355 142
356 1
356 4
356 5
356 120
357 1
358 5
358 100
358 101
358 317
359 80
359 350
360 67
360 103
360 173
361 4
361 120
361 356
362 0
362 3
362 14
362 263
363 1
363 4
363 5
363 26
364 136
365 23
365 42
365 301
366 2
366 5
366 7
366 34
367 0
367 4
367 18
367 59
367 65
367 113
368 2
368 47
368 73
368 185
369 41
369 121
370 1
370 4
370 5
371 0
371 7
371 146
372 4
372 91
372 321
373 0
373 1
373 114
374 4
374 5
374 62
374 222
375 0
375 19
375 61
376 3
376 166
377 2
377 5
377 8
377 234
378 7
378 318
378 349
379 4
379 65
380 3
380 9
380 75
380 290
381 2
381 3
381 4
381 5
381 9
381 68
382 3
382 39
383 2
383 178
383 288
384 3
384 18
384 94
384 145
385 4
385 282
386 94
386 161
387 4
387 40
387 171
388 0
388 19
388 21
389 0
389 3
389 76
390 4
390 5
390 222
390 374
391 1
391 4
391 8
391 22
391 228
392 1
392 3
392 14
392 40
393 4
393 22
393 247
393 348
394 6
394 45
395 120
395 356
395 361
396 34
396 257
397 1
397 4
397 5
397 370
398 1
398 2
398 3
399 23
399 95
399 303
400 2
400 4
400 38
400 217
401 4
401 6
401 7
401 91
402 0
402 2
402 10
402 104
403 0
403 18
403 65
403 113
403 367
404 39
404 53
404 265
405 4
405 8
405 22
405 23
406 3
406 7
406 18
406 94
406 145
407 18
407 65
407 113
407 213
408 3
408 7
408 39
408 127
409 5
409 153
410 13
410 70
411 2
411 6
411 339
412 1
412 4
412 5
412 8
412 25
412 346
413 203
413 273
414 2
414 5
414 6
414 8
415 4
415 8
415 9
415 41
416 29
416 50
418 2
418 4
418 5
418 71
418 153
419 3
419 7
419 18
419 94
419 161
420 4
420 9
421 34
421 69
421 124
421 215
422 0
422 5
422 19
422 21
423 4
423 7
423 18
423 39
424 2
424 102
425 2
425 4
425 5
425 8
425 25
426 255
427 1
427 5
428 0
428 59
428 65
429 3
429 4
429 164
430 5
430 377
431 20
431 264
432 137
432 167
433 2
433 5
433 34
433 366
434 2
434 26
434 136
435 6
435 7
435 47
436 1
436 4
436 7
436 24
436 99
437 2
437 3
437 6
437 243
438 7
438 24
438 216
439 1
439 4
439 356
440 34
440 308
441 0
441 4
441 18
441 65
441 225
443 235
444 4
444 5
444 16
444 26
445 0
445 19
445 21
445 388
446 0
446 5
446 8
446 9
446 177
447 0
447 2
447 4
447 14
447 16
447 44
448 4
448 157
448 201
448 322
449 2
449 75
449 134
449 187
450 26
450 434
451 23
451 112
451 283
452 6
452 69
452 102
453 264
453 431
454 2
454 204
455 1
455 5
455 427
456 1
456 3
456 4
456 8
456 261
457 136
457 434
458 4
459 0
459 19
459 21
459 388
459 445
460 0
460 2
460 4
460 16
461 4
461 8
462 79
462 329
463 1
463 4
463 8
463 22
463 391
464 2
465 4
465 14
465 40
465 171
466 0
466 6
466 111
467 13
467 38
467 217
468 1
468 136
469 18
469 213
470 0
470 4
470 5
470 8
471 2
471 5
471 347
472 0
472 3
472 8
472 12
473 9
473 75
473 130
474 204
475 1
475 2
475 13
475 38
476 0
476 1
476 4
476 14
476 44
477 0
477 3
477 40
478 67
478 72
478 175
479 5
479 40
479 84
480 8
480 121
480 140
481 2
481 5
481 6
481 34
482 6
482 15
483 39
483 53
483 265
484 120
484 356
484 395
485 2
485 3
485 4
485 5
485 9
485 68
485 381
486 2
486 9
486 75
486 130
486 219
487 7
487 94
487 249
488 8
488 9
488 182
488 307
489 88
490 0
490 19
490 61
490 375
491 8
491 41
491 214
492 8
492 9
492 41
493 1
493 5
493 100
494 3
494 4
494 39
495 41
495 43
496 0
496 3
497 6
497 7
497 34
497 245
498 5
498 7
498 8
498 46
499 5
499 148
500 5
500 6
501 18
501 65
501 113
501 213
501 407
502 85
503 5
503 7
503 34
503 202
504 4
504 18
504 59
504 65
505 4
505 40
506 0
506 3
506 4
506 14
506 18
506 122
507 6
507 168
508 3
508 4
508 7
508 14
508 39
509 178
509 288
510 4
510 8
510 9
510 23
510 42
511 0
511 18
511 59
512 0
512 5
512 14
512 40
512 263
513 0
513 3
513 177
513 335
514 1
514 5
514 26
514 100
515 4
515 34
515 69
516 59
516 81
517 455
518 0
518 1
518 5
518 20
519 87
519 353
520 0
520 18
520 122
520 506
521 4
521 5
521 25
521 62
522 3
522 18
522 39
522 94
522 161
523 1
523 4
523 476
524 1
524 3
524 180
525 2
525 4
525 14
525 16
525 44
525 447
526 3
526 4
526 7
526 39
526 127
527 2
527 5
527 75
527 203
528 0
528 2
528 3
528 5
528 6
528 8
528 9
528 177
530 2
530 9
530 130
530 486
531 7
531 8
531 24
531 46
532 6
532 91
532 245
533 0
533 2
533 3
533 4
534 0
534 3
534 40
535 1
535 5
535 120
535 356
536 7
537 4
537 14
537 40
537 87
538 0
538 7
538 279
539 1
539 98
539 230
540 5
540 239
540 253
541 4
541 71
541 184
542 1
542 4
542 71
543 1
543 3
543 5
543 6
544 40
544 84
544 331
545 1
545 4
546 76
546 79
547 2
547 5
547 6
547 34
547 481
548 1
548 2
548 7
548 14
548 82
549 8
549 9
549 492
550 0
550 5
550 21
550 422
551 5
551 6
551 414
552 3
552 94
552 145
552 406
553 4
553 120
553 356
554 4
554 23
554 303
555 4
555 5
555 222
556 7
556 27
557 2
557 217
558 55
558 92
558 241
559 0
559 146
559 277
560 19
560 110
561 0
561 3
561 12
562 2
562 6
562 34
562 547
563 5
563 26
563 28
564 2
564 4
564 5
564 25
565 56
565 226
566 8
566 42
567 1
567 14
567 82
567 548
568 1
568 4
568 197
569 0
569 2
569 3
570 3
570 4
570 5
570 7
570 8
571 18
571 65
571 113
571 213
571 407
572 0
572 1
572 7
572 14
572 340
573 5
573 87
573 353
574 47
574 73
574 185
574 368
575 3
575 39
575 382
576 4
576 387
577 19
577 21
577 422
578 6
578 7
578 8
578 291
579 1
579 4
579 9
579 22
580 2
580 4
580 16
580 209
581 434
582 0
582 4
582 306
583 3
583 6
583 32
583 300
584 0
584 1
584 4
584 5
584 44
585 4
585 6
585 7
585 55
586 4
586 7
586 80
586 181
587 0
587 3
588 0
588 8
588 50
589 3
589 6
589 63
590 18
590 59
590 65
590 504
591 3
591 7
591 18
591 39
591 94
592 2
592 13
592 475
593 2
593 5
593 347
593 471
594 167
594 223
595 5
595 7
595 8
595 46
595 498
596 2
596 3
596 437
597 18
597 145
597 406
598 16
598 44
598 237
598 311
599 3
599 4
599 9
599 381
599 485
600 18
600 39
600 94
600 161
601 0
601 79
602 100
602 101
602 317
603 4
603 7
603 8
603 198
604 0
604 5
604 14
604 40
604 263
604 512
605 0
605 1
605 183
605 193
606 39
606 53
606 265
607 145
607 406
607 597
608 13
608 217
608 467
609 3
609 191
609 316
610 0
610 3
610 76
611 421
612 4
612 22
612 579
613 5
613 87
613 573
614 14
614 476
615 95
616 5
616 370
617 14
617 74
618 0
618 1
619 0
619 7
619 279
620 8
620 121
620 220
621 277
621 559
622 2
622 6
622 34
622 562
623 18
623 65
623 113
623 213
623 407
623 571
624 4
624 6
624 7
624 91
624 401
625 1
625 476
625 523
626 43
626 333
627 3
627 4
627 7
627 14
627 18
628 1
628 2
628 153
629 1
629 25
629 412
630 2
630 4
630 38
631 406
631 597
632 4
632 387
632 576
633 1
634 1
634 4
634 545
635 1
635 26
635 514
636 7
636 46
636 498
637 3
637 4
637 171
638 169
638 281
639 1
639 476
639 523
639 625
640 4
640 14
640 48
640 297
641 7
641 18
641 39
641 423
642 3
642 5
642 14
642 263
643 76
643 546
644 4
644 41
644 194
645 0
645 5
645 239
646 3
646 6
646 170
647 2
647 3
647 5
647 6
647 9
647 75
647 130
648 2
648 4
648 217
649 3
649 7
649 27
650 9
650 130
650 530
651 3
651 208
651 278
652 1
652 6
652 7
652 141
652 163
653 1
654 1
654 4
654 5
654 120
654 356
655 2
655 7
655 318
656 79
656 601
658 78
658 98
658 262
659 3
659 195
660 3
660 164
660 429
661 19
661 110
662 61
663 7
663 536
664 60
664 294
665 3
665 4
665 171
666 4
666 5
666 7
667 2
667 208
668 1
668 2
668 13
668 258
669 4
669 5
669 62
669 222
669 374
670 69
670 124
670 215
671 169
671 242
672 5
672 26
672 317
672 326
673 19
673 21
674 0
674 113
674 142
675 0
675 1
675 4
675 5
675 7
675 48
676 3
676 7
676 108
676 285
677 3
677 7
677 94
677 591
678 18
678 65
678 213
678 571
679 1
679 3
679 6
679 543
680 1
680 4
680 24
680 99
680 155
681 2
681 208
682 208
682 278
683 3
683 7
683 122
684 8
684 9
684 123
685 3
685 264
686 6
686 45
686 394
687 299
688 5
688 573
688 613
689 2
689 82
690 75
690 251
691 18
691 113
691 213
691 407
691 501
692 14
692 572
693 0
693 59
693 65
693 428
694 3
694 18
694 39
694 94
694 161
694 522
695 3
695 4
696 0
696 3
696 120
696 154
697 2
697 4
697 14
697 16
697 447
697 525
698 5
698 7
698 34
698 202
698 503
699 2
699 4
699 14
699 82
700 0
700 1
700 224
701 1
701 4
701 568
702 3
702 4
702 171
702 665
703 4
703 303
703 554
704 1
704 141
704 163
705 2
705 4
705 25
706 0
707 5
707 7
707 8
707 595
708 67
708 72
708 103
708 165
709 14
709 40
709 87
709 537
710 6
710 75
710 134
711 5
711 7
711 55
711 92
712 78
712 262
713 1
713 5
713 26
713 100
713 514
714 5
714 500
715 2
715 70
715 135
716 2
716 339
716 342
717 72
717 175
718 16
718 44
718 237
718 311
718 598
719 1
719 120
719 356
719 535
720 6
720 7
720 47
720 435
721 4
721 24
722 4
722 7
722 55
723 34
723 259
724 53
724 606
725 145
725 607
726 5
726 7
726 9
726 24
727 45
727 394
728 2
728 4
729 1
729 5
729 101
730 0
730 4
730 44
731 4
731 22
731 579
731 612
732 180
733 4
733 7
733 80
733 181
734 3
734 5
734 6
735 3
735 7
735 94
735 677
736 217
737 126
738 137
738 432
739 24
739 721
740 8
740 67
741 1
741 2
741 13
741 70
742 0
742 5
742 21
742 422
743 339
744 0
744 3
744 6
744 12
744 63
745 7
745 18
745 641
746 0
746 18
746 65
746 113
747 2
747 3
747 4
747 8
747 86
747 234
748 1
748 3
748 49
749 0
749 2
749 4
749 447
750 6
750 69
750 102
751 13
751 30
752 0
752 2
752 68
753 3
753 166
754 67
755 5
755 14
755 642
756 0
756 36
757 2
757 4
758 4
758 7
759 1
759 5
759 8
759 346
760 14
760 53
761 0
761 122
761 506
761 520
762 41
762 194
762 644
763 1
763 6
763 8
763 32
764 9
764 75
764 134
764 290
765 0
765 19
765 61
765 490
766 6
766 9
766 134
767 1
767 4
767 62
767 222
768 19
768 422
768 577
769 646
770 8
770 32
770 300
771 1
771 16
771 109
772 1
773 7
773 24
773 216
773 438
774 8
774 22
774 405
775 169
775 671
776 5
776 14
776 40
776 604
777 4
777 7
777 18
777 39
777 423
778 5
778 471
778 593
779 2
779 34
779 69
780 6
780 32
781 2
781 6
781 562
781 622
782 4
782 24
782 99
782 155
782 680
783 3
783 4
783 261
783 456
784 1
784 5
785 2
785 34
785 481
786 0
786 1
786 4
786 224
787 3
787 7
787 14
787 18
787 108
788 0
788 3
788 76
789 0
789 4
789 6
789 7
789 8
789 198
790 4
790 5
790 7
790 55
791 0
791 4
791 14
791 48
791 297
792 4
792 25
792 176
792 256
793 0
793 3
793 587
794 0
794 4
794 5
794 6
794 198
794 239
795 3
795 68
796 4
796 6
796 157
797 52
797 333
799 0
799 59
799 65
799 428
800 3
800 120
800 154
800 696
801 6
801 69
801 102
801 750
802 0
802 4
802 16
802 460
803 7
803 14
803 82
804 2
804 4
804 7
804 9
805 0
805 4
805 7
805 14
805 18
805 122
806 4
806 5
806 120
806 356
807 3
807 5
807 7
807 202
808 137
808 167
808 432
809 2
809 44
809 447
810 167
810 432
810 808
811 0
811 1
811 3
811 4
811 120
812 33
812 58
813 19
813 422
813 577
813 768
814 6
814 47
814 257
815 8
815 9
815 123
816 47
816 185
816 574
817 2
817 3
817 208
818 50
819 359
820 4
820 9
820 24
821 13
822 0
822 1
822 2
822 3
822 5
822 6
822 7
823 4
823 5
823 68
823 381
824 0
824 5
824 9
824 198
824 336
825 0
825 1
825 618
826 0
826 40
826 263
827 58
827 812
828 0
828 21
828 422
828 550
829 67
829 175
830 2
830 4
830 5
830 68
831 3
831 4
831 8
831 32
832 1
832 100
832 493
833 364
834 2
834 4
834 648
835 5
835 26
835 326
835 672
836 18
837 784
838 2
838 6
838 73
839 120
839 356
839 553
840 0
840 2
840 3
840 4
840 5
840 9
840 68
841 0
841 3
841 6
841 7
841 822
842 2
842 4
842 16
843 5
843 734
844 1
844 4
844 5
844 26
844 363
845 2
845 6
845 69
845 102
846 18
846 145
846 406
846 597
847 2
847 9
847 75
847 134
848 65
848 142
849 169
849 775
850 1
850 2
851 2
851 131
852 1
852 5
852 25
852 62
852 222
853 450
854 2
854 4
854 14
854 525
854 697
855 5
855 100
855 317
855 358
856 1
856 6
856 7
856 141
856 163
856 652
857 0
857 59
857 65
858 1
858 4
858 132
859 4
859 5
859 297
860 1
860 2
860 26
860 136
861 8
862 1
862 5
862 370
863 1
863 13
863 70
864 3
864 6
864 177
865 0
865 6
865 21
866 4
866 33
867 0
867 3
867 4
867 5
869 0
869 3
869 6
869 7
869 76
870 4
870 18
870 65
871 4
871 8
871 9
871 415
872 2
872 3
872 7
872 177
873 5
873 120
873 356
873 806
874 7
874 14
874 340
875 1
875 26
875 136
875 860
876 3
876 145
876 406
876 552
877 4
877 70
878 2
878 3
878 4
878 5
878 68
878 381
879 0
879 6
879 19
879 36
880 3
880 80
880 181
881 4
881 5
881 840
882 0
882 3
882 7
882 76
882 90
882 246
883 4
883 40
883 387
884 1
884 2
884 4
885 14
885 40
885 465
886 0
886 110
886 324
887 7
887 8
887 707
888 0
888 18
888 65
888 113
888 367
889 3
889 7
889 80
890 3
890 7
890 108
890 285
891 4
891 62
891 222
891 767
892 2
892 4
892 14
892 699
893 38
893 217
893 400
894 1
894 4
894 8
894 9
894 255
895 618
896 10
896 402
897 0
897 14
897 297
897 791
898 458
899 0
899 61
900 75
900 134
901 0
901 14
901 297
902 0
902 5
902 19
903 4
903 8
903 9
903 42
904 25
904 62
904 222
904 852
905 0
905 7
905 146
906 0
906 6
906 19
907 3
907 7
907 122
907 683
908 1
908 7
908 49
909 23
909 451
910 5
911 14
911 512
912 3
912 164
913 7
913 438
914 2
914 481
915 5
915 604
915 776
916 167
916 223
917 3
917 533
918 431
919 2
919 5
919 131
920 0
920 61
920 192
921 4
921 8
921 9
921 41
922 0
922 177
922 335
922 513
923 4
923 6
924 14
924 803
925 7
925 34
925 91
925 259
926 169
926 242
927 2
927 347
927 471
928 0
928 14
928 297
928 901
929 24
929 721
929 739
930 22
930 391
930 463
931 3
931 6
931 8
931 12
932 0
932 1
932 7
932 14
932 48
932 340
933 3
933 4
933 164
934 26
934 635
935 1
935 4
935 545
936 4
936 11
937 100
937 514
938 4
938 5
938 71
939 18
939 65
939 225
940 3
940 5
940 6
941 0
941 4
941 315
942 4
942 6
942 91
943 9
943 130
943 473
944 4
944 5
944 14
944 87
944 353
945 4
945 7
945 274
946 347
946 471
947 2
947 3
947 134
948 536
948 663
949 2
949 3
949 6
950 4
950 542
951 5
951 100
951 317
951 855
952 0
952 3
952 4
952 240
953 3
953 4
953 7
953 91
953 321
954 2
954 4
954 176
956 582
957 0
957 297
957 901
958 0
958 7
958 90
958 246
958 882
959 0
959 18
959 59
959 511
960 6
960 45
960 686
961 4
961 749
962 0
962 6
963 4
963 7
963 274
963 945
964 1
964 8
964 22
965 3
965 4
965 5
965 9
965 840
966 4
966 71
966 938
967 2
967 34
967 433
968 5
968 100
968 317
968 855
969 1
969 4
969 7
969 24
969 155
970 0
970 1
970 6
970 7
971 3
971 122
971 683
972 4
972 222
972 390
973 6
973 7
973 822
974 94
974 386
975 0
975 1
975 2
975 3
975 4
975 157
976 0
976 8
976 210
977 134
977 764
978 9
978 726
979 1
979 8
979 9
979 24
980 2
980 5
980 34
980 366
980 433
981 4
981 14
981 237
982 1
982 40
982 180
983 4
983 5
983 14
983 87
983 353
984 648
985 4
986 3
986 4
986 5
986 14
986 66
987 4
987 7
987 8
987 24
988 1
988 6
988 543
988 679
989 4
989 7
989 55
990 1
990 2
990 3
991 16
991 447
992 3
992 7
992 14
993 477
994 4
994 16
994 44
994 525
995 347
995 471
995 927
996 4
996 70
996 877
997 454
998 1
998 2
998 741
999 2
999 4
999 153
