1 0
2 0
2 1
3 0
3 1
3 2
4 0
4 1
4 2
4 3
5 0
5 1
5 2
5 3
5 4
6 0
6 1
6 2
6 3
6 4
6 5
7 0
7 1
7 2
7 3
7 4
7 5
7 6
8 0
8 1
8 2
8 3
8 4
8 5
8 6
8 7
9 0
9 1
9 2
9 3
9 4
9 5
9 6
9 7
9 8
10 0
10 1
10 3
11 0
11 1
12 0
12 1
12 2
12 3
12 4
12 5
13 0
13 2
13 3
13 4
13 5
13 12
14 0
14 1
14 2
14 3
14 4
15 1
15 4
15 5
15 6
16 0
16 1
16 2
16 3
16 5
16 6
16 7
16 8
17 0
17 1
17 2
17 3
17 4
18 0
18 1
18 2
18 3
19 0
19 2
19 3
19 4
19 12
19 13
20 0
20 1
20 2
20 3
20 4
20 5
20 6
20 7
21 0
21 1
21 2
21 3
21 4
22 1
22 4
22 5
22 6
23 0
23 2
23 3
23 4
23 5
23 6
23 7
23 8
24 1
24 5
24 6
24 15
25 0
25 1
26 1
26 4
26 5
26 6
26 22
27 1
27 5
27 6
27 15
27 24
28 0
28 1
28 3
28 10
29 0
29 2
29 3
29 5
29 6
29 7
30 0
30 1
30 2
30 3
30 4
30 7
30 8
31 0
31 1
31 2
31 3
31 4
31 5
31 6
31 7
32 0
32 2
32 3
32 4
32 5
32 12
32 13
33 0
33 2
33 5
33 6
33 7
33 29
34 0
34 1
34 3
34 10
34 28
35 0
35 1
35 2
35 3
35 4
36 0
36 1
36 2
36 3
36 4
36 5
36 6
36 7
36 8
37 0
37 1
37 2
37 3
37 4
37 5
37 6
37 7
37 8
38 0
38 1
38 2
38 3
38 4
38 5
38 6
38 7
38 8
39 0
39 1
39 2
39 3
39 4
39 5
39 6
39 7
40 0
40 1
40 2
40 3
40 4
40 7
40 8
40 30
41 0
41 1
41 2
41 3
41 5
41 6
41 7
41 20
42 0
42 1
42 3
42 4
42 5
42 6
42 7
42 36
43 0
43 2
43 3
43 4
43 5
43 12
44 0
44 1
44 3
44 5
44 6
44 7
44 20
44 41
45 0
45 1
45 2
45 3
45 4
46 0
46 1
46 3
46 5
46 6
46 7
46 20
46 41
46 44
47 0
47 1
47 2
47 3
47 4
47 5
47 6
47 7
47 39
48 0
48 2
48 3
48 4
48 5
48 12
48 13
49 0
49 2
49 3
49 4
49 5
49 12
49 13
50 1
50 4
50 5
50 6
50 22
50 26
51 0
51 1
51 2
51 3
51 7
51 8
52 0
52 1
52 2
52 3
52 5
52 6
52 7
52 8
52 16
53 0
53 2
53 5
53 6
53 7
53 29
54 0
54 1
54 2
54 3
54 4
54 5
54 6
54 39
54 47
55 0
55 1
55 2
55 3
55 4
55 7
55 8
56 0
56 1
56 2
56 3
56 4
56 21
57 0
57 1
57 5
57 6
57 7
57 44
58 0
58 1
58 3
58 5
58 6
58 7
58 20
58 41
58 44
58 46
59 0
59 1
59 2
59 3
59 4
59 5
60 1
60 4
60 6
60 22
60 26
61 0
61 1
61 3
61 4
61 5
61 6
61 7
61 39
61 47
62 0
62 1
62 2
62 6
62 7
62 16
63 0
63 1
63 2
63 3
63 4
63 5
63 6
63 7
63 39
64 0
64 1
64 2
64 3
64 4
64 6
64 7
65 0
65 2
65 3
65 4
65 5
66 0
66 1
66 5
66 6
66 20
66 41
66 44
66 46
67 0
67 1
67 2
67 3
67 5
67 6
67 7
67 20
67 41
68 0
68 1
68 2
68 7
68 8
69 0
69 2
69 3
69 4
69 5
69 6
69 8
69 9
70 0
70 1
70 2
70 3
70 5
71 0
71 1
71 2
71 3
71 5
71 6
71 7
71 20
71 41
72 0
72 1
72 2
72 7
72 8
72 68
73 0
73 1
73 2
73 3
73 4
73 5
73 6
73 7
73 39
73 63
74 0
74 1
74 2
74 3
74 4
74 6
74 7
74 39
75 0
75 1
75 3
75 6
75 7
75 20
75 41
75 44
76 0
76 1
76 3
76 5
76 6
76 7
76 20
76 41
76 44
76 46
77 0
77 1
77 2
77 3
77 4
77 5
77 6
77 7
77 8
78 0
78 1
78 2
78 3
78 4
78 6
78 7
78 39
78 74
79 0
79 1
79 2
79 3
79 4
80 1
80 5
80 6
80 7
80 44
80 57
81 0
81 2
81 3
81 4
81 12
81 13
82 1
82 3
82 5
82 6
82 7
82 20
82 41
82 44
83 0
83 1
83 2
83 3
84 0
84 1
84 3
84 5
84 7
84 39
84 47
85 0
85 2
85 3
85 4
85 5
85 6
85 31
86 0
86 3
86 4
86 5
86 13
86 32
87 0
87 1
87 2
87 3
87 4
88 0
88 1
88 2
88 3
88 4
88 5
88 6
88 7
89 1
89 4
89 5
89 6
90 0
90 1
90 5
90 6
90 20
90 41
90 44
90 46
90 66
91 0
91 1
91 2
91 3
91 5
91 7
91 8
91 77
92 0
92 1
92 2
92 3
92 6
92 7
93 0
93 1
93 5
93 6
93 20
93 41
93 44
93 46
93 66
94 0
94 2
94 3
94 4
94 5
94 12
95 1
95 2
95 4
95 5
95 6
95 8
96 0
96 2
96 3
96 4
96 5
96 12
96 13
96 32
97 1
97 4
97 6
98 0
98 1
98 2
98 3
98 4
98 14
99 0
99 1
99 3
99 5
99 6
99 7
99 20
99 41
99 44
99 46
99 58
100 0
100 1
100 2
100 3
100 70
101 0
101 1
101 3
101 6
101 7
101 20
101 41
101 44
102 0
102 2
102 3
102 5
102 12
102 13
102 32
103 0
103 1
103 2
103 3
103 4
103 14
104 0
104 1
104 3
104 5
104 6
104 7
104 41
104 46
105 0
105 1
105 2
105 3
105 5
105 7
106 0
106 1
106 2
106 3
106 4
106 6
106 7
106 39
107 0
107 3
107 4
107 5
107 13
107 32
108 0
108 1
108 3
108 5
108 6
108 7
108 20
108 41
108 44
108 46
108 58
108 99
109 0
109 1
109 2
109 3
109 5
109 6
109 7
109 20
109 41
110 1
110 3
110 5
110 6
110 7
110 20
110 41
110 44
110 82
111 0
111 1
111 2
111 3
111 5
111 7
111 16
112 0
112 1
112 2
112 3
112 4
112 8
112 30
113 0
113 1
113 2
113 3
113 5
113 6
113 7
113 8
114 0
114 1
114 3
114 5
114 20
114 41
114 44
114 46
114 76
115 0
115 1
115 5
115 6
115 7
115 20
115 41
115 44
115 46
116 0
116 2
116 3
116 4
116 5
116 6
116 7
116 8
117 0
117 1
117 3
117 6
117 7
117 20
117 41
117 44
117 75
118 0
118 2
118 3
118 4
118 12
118 13
118 19
119 0
119 2
119 3
119 4
119 5
119 7
119 8
119 23
120 0
120 1
120 2
120 3
120 4
120 8
120 30
121 1
121 3
121 5
121 6
121 20
121 41
121 44
121 82
121 110
122 0
122 2
122 3
122 4
122 5
122 6
122 7
122 8
123 0
123 1
123 2
123 3
123 4
123 79
124 0
124 1
124 2
124 3
124 4
124 21
125 0
125 1
125 3
125 5
125 6
125 7
125 20
125 46
125 58
125 99
126 0
126 1
126 6
126 20
126 41
126 44
126 46
126 66
126 93
127 0
127 1
127 3
127 6
127 7
127 20
127 41
127 44
128 1
128 4
128 6
128 26
128 60
129 0
129 1
129 2
129 3
129 4
129 17
130 0
130 1
130 2
130 3
130 5
130 6
130 7
130 20
130 41
131 0
131 1
131 2
131 3
131 5
131 6
131 7
131 20
131 41
131 130
132 0
132 1
132 2
132 3
132 4
132 5
132 7
132 39
133 0
133 1
133 2
133 6
133 7
133 16
134 0
134 2
134 3
134 4
134 5
134 13
134 48
135 3
135 5
135 6
135 7
135 20
135 41
135 44
135 82
136 0
136 1
136 2
136 3
136 4
136 14
137 1
137 2
137 3
137 4
137 6
137 7
137 8
138 0
138 1
138 2
138 3
138 4
138 14
139 0
139 1
139 2
139 3
139 5
139 7
139 20
140 0
140 2
140 3
140 4
140 5
140 12
140 13
141 1
141 3
141 5
141 7
141 20
141 41
141 44
142 0
142 1
142 2
142 3
142 4
142 5
142 6
142 7
142 8
143 0
143 1
143 2
143 3
143 4
143 5
144 0
144 2
144 3
144 12
145 0
145 2
145 3
145 5
145 7
145 16
145 111
146 0
146 1
146 2
146 3
146 4
146 6
146 7
146 39
146 106
147 0
147 1
147 2
147 3
147 5
147 6
147 7
147 8
147 77
148 3
148 5
148 7
148 39
148 47
149 0
149 1
149 2
149 3
149 5
149 6
149 7
149 20
149 41
149 109
150 0
150 1
150 2
150 4
150 6
150 39
150 47
150 54
151 0
151 1
151 2
151 3
151 4
151 45
152 0
152 2
152 3
152 4
152 5
152 7
152 8
153 0
153 1
153 2
153 3
153 4
153 5
154 0
154 1
154 2
154 3
154 4
154 7
154 8
155 0
155 2
155 3
155 4
155 12
155 13
156 0
156 1
156 2
156 3
156 5
156 6
156 7
156 39
156 63
157 0
157 1
157 2
157 3
157 5
157 6
157 7
157 39
157 63
157 156
158 0
158 1
158 2
158 3
158 5
158 7
158 20
159 0
159 1
159 3
159 10
160 1
160 4
160 5
160 6
160 50
161 0
161 1
161 3
161 6
161 7
161 20
161 41
161 44
161 75
162 0
162 1
162 2
162 3
162 5
162 6
162 7
162 8
162 113
163 0
163 2
163 3
163 4
163 5
163 6
163 31
163 85
164 0
164 1
164 2
164 5
164 20
164 158
165 0
165 6
165 20
165 41
165 44
165 46
165 66
165 93
165 126
166 0
166 3
166 5
166 13
166 32
167 0
167 2
167 3
167 6
167 7
167 8
167 122
168 0
168 1
168 2
168 3
168 4
168 5
168 6
168 39
168 47
168 54
169 0
169 1
169 3
169 20
169 41
169 44
169 46
169 76
170 0
170 1
170 2
170 3
170 4
170 5
170 6
170 7
170 8
170 142
171 0
171 1
171 5
171 6
171 20
171 41
171 44
171 46
171 66
172 1
172 4
172 5
172 6
172 22
172 26
172 50
173 0
173 1
173 3
173 6
173 7
173 20
173 41
173 44
174 0
174 1
174 2
174 3
174 4
174 5
174 7
174 39
175 4
175 6
175 22
175 26
175 50
175 172
176 1
176 2
176 3
176 4
176 6
176 7
176 39
176 106
176 146
177 0
177 1
177 3
177 6
177 7
177 20
177 41
177 44
177 127
178 0
178 1
178 2
178 3
178 4
178 8
178 120
179 1
179 4
179 5
179 6
179 89
180 0
180 2
180 3
180 4
180 5
180 12
180 13
181 0
181 1
181 3
181 5
181 6
181 7
181 20
181 41
181 44
181 58
181 99
182 0
182 1
182 2
182 3
182 4
182 14
182 138
183 0
183 2
183 3
183 4
183 6
183 7
183 39
183 74
184 0
184 1
184 3
184 5
184 7
184 16
185 0
185 1
185 2
185 3
185 5
185 7
185 20
185 139
186 3
186 5
186 6
186 20
186 41
186 44
186 82
187 0
187 1
187 2
187 3
187 5
187 6
187 7
187 8
187 147
188 0
188 1
188 2
188 83
189 3
189 4
189 8
189 120
189 178
190 0
190 2
190 3
190 4
190 5
190 6
190 7
190 8
190 23
191 0
191 1
191 3
191 6
191 7
191 20
191 41
191 44
191 127
192 0
192 1
192 2
192 3
192 5
192 6
192 7
192 39
192 63
193 3
193 5
193 6
193 20
193 41
193 44
193 82
193 186
194 0
194 2
194 3
194 4
194 5
194 7
194 39
194 174
195 0
195 2
195 3
195 5
195 6
195 7
195 8
195 16
196 0
196 2
196 3
196 5
196 6
196 7
196 8
196 16
196 195
197 0
197 1
197 2
197 3
197 4
197 6
197 7
197 64
198 1
198 4
198 5
198 6
198 22
198 26
198 50
199 0
199 1
199 2
199 3
199 4
199 5
199 6
199 7
199 39
199 47
200 1
200 4
200 6
200 26
200 60
200 128
201 0
201 3
201 4
201 5
201 32
201 107
202 0
202 2
202 3
202 4
202 5
202 12
202 13
203 0
203 1
203 2
203 3
203 4
203 5
203 6
203 7
203 39
204 2
204 3
204 4
204 5
204 6
204 31
204 85
205 0
205 1
205 3
205 6
205 7
205 20
205 41
205 44
205 75
206 0
206 1
206 2
206 3
206 4
206 5
206 6
206 7
206 39
206 47
207 1
207 3
207 6
207 7
207 41
207 127
208 0
208 1
208 2
208 3
208 5
208 7
209 0
209 1
209 5
209 6
209 20
209 41
209 44
209 46
209 66
210 0
210 1
210 3
210 4
210 5
210 6
210 7
210 8
211 0
211 2
211 3
211 4
211 6
211 7
211 39
211 74
212 0
212 1
212 2
212 3
212 4
212 45
212 151
213 0
213 1
213 2
213 3
213 5
213 6
213 7
213 20
213 41
213 109
214 1
214 3
214 6
214 7
214 41
214 127
214 207
215 0
215 1
215 3
215 5
215 6
215 7
215 20
215 46
215 58
215 99
216 0
216 1
216 2
216 3
216 4
216 5
216 6
216 7
216 8
216 142
216 170
217 0
217 1
217 3
217 5
217 6
217 7
217 20
217 41
217 44
217 46
218 0
218 6
218 20
218 41
218 44
218 46
218 66
218 93
218 126
218 165
219 0
219 2
219 4
219 6
219 7
219 74
219 211
220 0
220 1
220 2
220 3
220 4
220 5
220 6
220 7
221 0
221 1
221 3
221 28
222 0
222 1
222 2
222 3
222 4
222 5
222 7
222 132
223 2
223 3
223 5
223 6
223 8
223 16
223 195
224 0
224 1
224 2
224 3
224 4
224 6
224 7
224 39
224 106
225 0
225 1
225 3
225 5
225 6
225 7
225 41
225 46
226 1
226 2
226 3
226 5
226 7
227 0
227 1
227 5
227 16
227 111
228 1
228 4
228 6
228 97
229 0
229 1
229 3
229 5
229 6
229 7
229 20
229 41
229 44
229 46
230 3
230 5
230 6
230 7
230 20
230 41
230 44
230 82
230 135
231 0
231 2
231 3
231 4
231 12
231 155
232 0
232 1
232 3
232 6
232 7
232 20
232 41
232 44
232 46
232 58
232 99
232 108
233 0
233 1
233 2
233 3
233 5
233 7
234 1
234 2
234 3
234 7
234 8
235 0
235 2
235 3
235 5
235 13
235 48
236 0
236 1
236 2
236 3
236 4
236 151
237 0
237 1
237 2
237 3
237 4
238 0
238 1
238 3
238 4
238 5
238 6
238 7
238 47
238 61
239 1
239 5
239 6
239 15
239 24
240 0
240 2
240 3
240 4
240 12
240 13
240 19
241 0
241 1
241 3
241 5
241 7
241 20
241 41
241 44
241 46
241 58
241 99
242 0
242 1
242 3
242 4
242 6
242 39
243 1
243 2
243 4
243 5
243 6
243 8
244 0
244 1
244 3
244 5
244 7
244 39
244 47
244 84
245 0
245 1
245 3
245 5
245 6
245 20
245 41
245 44
245 46
245 58
245 108
246 0
246 1
246 2
246 3
246 4
246 5
246 39
246 47
246 54
247 0
247 1
247 2
247 3
247 5
247 7
247 8
247 77
248 0
248 1
248 2
248 3
248 4
248 6
248 203
249 0
249 2
249 3
249 4
249 5
249 7
249 39
249 174
250 0
250 3
250 5
250 7
250 20
250 41
250 44
250 46
250 58
250 99
250 241
251 0
251 1
251 2
251 3
251 4
251 79
252 0
252 1
252 3
252 5
252 6
252 7
252 20
252 58
252 99
252 181
253 0
253 1
253 5
253 6
253 20
253 41
253 44
253 46
253 66
254 0
254 1
254 6
254 20
254 41
254 44
254 46
254 66
255 0
255 2
255 3
255 4
255 5
255 12
255 13
255 180
256 0
256 1
256 3
256 4
256 5
256 7
256 39
256 132
257 0
257 3
257 5
257 13
257 48
258 0
258 1
258 2
258 3
258 5
258 6
258 7
258 20
258 41
258 130
259 0
259 2
259 3
259 4
259 5
259 94
260 0
260 1
260 2
260 3
260 4
260 21
260 56
261 0
261 1
261 5
261 7
261 20
261 41
261 44
261 46
261 58
261 99
262 0
262 3
262 4
262 5
262 13
262 32
263 0
263 1
263 3
263 6
263 7
263 20
263 41
263 44
264 0
264 2
264 3
264 4
264 5
264 12
264 13
264 180
264 255
265 0
265 1
265 3
265 4
265 5
265 6
265 7
265 36
266 1
266 5
266 6
266 15
266 24
266 27
267 1
267 4
267 6
267 22
267 26
267 60
268 0
268 2
268 3
268 4
268 5
268 13
268 180
268 255
268 264
269 0
269 1
269 3
269 6
269 7
269 20
269 44
269 263
270 1
270 5
270 7
270 20
270 41
270 44
270 46
270 58
270 99
270 261
271 0
271 1
271 3
271 7
271 20
271 41
271 44
271 127
272 1
272 3
272 6
272 7
272 41
272 127
272 207
273 1
273 4
273 6
273 26
273 60
273 128
274 0
274 2
274 3
274 4
274 8
275 0
275 2
275 4
275 6
275 7
275 211
275 219
276 0
276 2
276 3
276 4
276 5
276 6
276 7
276 8
276 190
277 0
277 2
277 3
277 4
277 5
277 6
277 31
277 85
278 0
278 2
278 3
278 4
278 5
278 13
278 180
278 255
279 0
279 1
279 2
279 5
279 6
279 7
279 20
279 41
279 130
280 0
280 2
280 3
280 5
280 6
280 7
280 20
280 41
281 0
281 1
281 2
281 3
281 4
281 5
281 6
281 7
281 8
282 0
282 2
282 3
282 4
282 5
282 12
282 94
283 0
283 1
283 2
283 3
283 5
283 7
284 1
284 3
284 5
284 6
284 7
284 41
284 44
284 82
285 0
285 6
285 41
285 44
285 46
285 66
285 93
285 126
285 165
286 0
286 1
286 2
286 3
286 5
286 70
287 0
287 1
287 2
287 3
287 4
287 6
287 7
287 39
287 74
288 0
288 1
288 6
288 7
288 20
288 41
288 44
288 46
289 0
289 1
289 5
289 16
289 111
289 227
290 1
290 2
290 3
290 5
290 7
290 8
290 77
291 0
291 1
291 2
291 3
291 5
291 6
291 7
291 41
291 130
292 1
292 2
292 3
292 5
292 6
292 7
292 39
292 63
292 156
293 0
293 1
293 5
293 6
293 20
293 41
293 44
293 46
293 66
293 93
294 0
294 2
294 3
294 4
294 180
294 255
295 0
295 2
295 3
295 4
295 6
295 7
295 39
295 74
296 0
296 1
296 6
296 7
296 47
296 61
297 0
297 1
297 2
297 7
297 68
298 0
298 2
298 3
298 4
298 5
298 7
298 8
298 23
298 119
299 1
299 2
299 4
299 5
299 6
299 8
300 0
300 2
300 3
300 4
300 5
300 12
300 13
300 32
300 96
301 0
301 1
301 2
301 3
301 4
301 6
301 7
301 39
301 287
302 1
302 4
302 6
302 26
302 60
302 128
303 0
303 1
303 6
303 20
303 41
303 44
303 46
303 66
303 93
304 0
304 1
304 5
304 16
304 111
304 227
304 289
305 0
305 2
305 3
305 4
305 6
305 39
306 2
306 3
306 4
306 5
306 6
306 31
306 85
306 204
307 0
307 1
307 2
307 3
307 4
307 30
307 120
308 0
308 1
308 3
308 6
308 7
308 20
308 41
308 44
308 101
309 1
309 6
309 20
309 41
309 44
309 46
309 66
309 171
310 0
310 1
310 3
310 7
310 41
310 44
310 127
310 191
311 0
311 1
311 2
311 3
311 4
311 5
311 6
311 7
311 20
312 0
312 2
312 3
312 4
312 5
312 12
312 13
313 1
313 3
313 5
313 6
313 7
313 20
313 41
313 44
313 82
314 0
314 1
314 3
314 4
314 5
314 6
314 7
314 36
315 2
315 3
315 4
315 5
315 7
315 39
316 0
316 1
316 2
316 4
316 251
317 0
317 1
317 2
317 3
317 6
317 7
317 41
317 130
317 291
318 0
318 1
318 2
318 3
318 83
319 1
319 3
319 5
319 6
319 7
319 20
319 41
319 82
319 110
320 0
320 2
320 4
320 6
320 7
320 74
320 211
320 219
321 0
321 1
321 2
321 3
321 4
321 5
321 6
321 7
321 39
322 2
322 3
322 6
322 39
322 74
322 211
323 0
323 2
323 3
323 4
323 12
323 13
324 2
324 3
324 4
324 5
324 7
324 39
324 174
325 0
325 1
325 2
325 3
325 4
325 5
325 6
325 7
325 39
325 47
325 206
326 2
326 3
326 5
326 6
326 8
326 16
326 195
327 0
327 1
327 2
327 3
327 4
327 17
328 0
328 1
328 5
328 7
328 20
328 41
328 46
328 58
328 99
328 261
329 0
329 2
329 3
329 4
329 5
329 12
329 13
330 0
330 1
330 2
330 3
330 4
330 5
330 6
330 7
330 8
331 0
331 2
331 3
331 4
331 5
331 6
331 85
331 277
332 1
332 2
332 3
332 5
332 7
332 8
332 77
332 247
333 1
333 2
333 7
333 8
334 2
334 3
334 5
334 7
335 0
335 1
335 2
335 3
335 4
335 5
335 6
335 7
335 8
335 37
336 0
336 3
336 4
336 5
336 6
336 7
336 8
337 0
337 3
337 4
337 5
337 7
337 39
337 132
337 256
338 0
338 3
338 5
338 13
338 48
339 0
339 2
339 3
339 4
339 5
339 7
339 8
339 152
340 0
340 1
340 2
340 6
340 7
340 16
340 62
341 0
341 1
341 3
341 5
341 6
341 7
341 20
341 58
341 99
341 181
342 0
342 1
342 2
342 3
342 4
343 0
343 2
343 3
343 4
343 5
343 6
343 85
343 277
344 1
344 4
344 5
344 6
344 22
344 26
344 50
344 198
345 0
345 2
345 3
345 4
345 5
345 7
345 39
345 174
345 194
346 0
346 3
346 4
346 5
346 32
346 107
346 201
347 0
347 1
347 5
347 7
347 20
347 41
347 46
347 58
347 99
347 261
348 0
348 2
348 3
348 4
348 12
348 13
349 0
349 1
349 2
349 3
349 4
349 5
349 6
349 7
349 8
350 1
350 2
350 3
350 4
350 5
350 6
350 7
350 39
350 47
350 206
350 325
351 0
351 1
351 2
351 3
351 5
351 6
351 7
351 39
351 63
352 0
352 2
352 3
352 6
352 7
352 8
352 16
352 195
352 196
353 0
353 1
353 2
353 3
353 4
353 5
353 6
353 7
353 20
353 311
354 0
354 2
354 3
354 4
354 7
354 39
354 74
355 0
355 1
355 5
355 6
355 20
355 41
355 44
355 46
355 66
356 0
356 1
356 2
356 3
356 5
356 7
356 283
357 1
357 2
357 3
357 4
357 5
357 6
357 7
357 39
357 47
357 199
358 0
358 6
358 20
358 41
358 44
358 46
358 66
358 93
358 126
358 165
359 0
359 2
359 3
359 4
359 5
359 48
360 0
360 1
360 2
360 4
360 251
361 5
361 16
361 111
362 0
362 1
362 2
362 3
362 4
362 6
362 7
362 20
363 0
363 6
363 41
363 44
363 46
363 66
363 93
363 126
363 165
363 285
364 0
364 2
364 3
364 4
365 0
365 1
365 2
365 3
365 5
365 6
365 7
365 63
365 156
366 0
366 1
366 2
366 5
366 158
367 1
367 2
367 3
367 8
367 77
367 290
368 0
368 1
368 2
368 3
368 5
368 7
368 20
368 41
368 67
369 0
369 1
369 2
369 3
369 4
369 5
369 6
369 7
370 0
370 1
370 3
370 4
370 5
370 6
370 7
370 8
371 0
371 3
371 4
371 7
371 39
371 74
372 0
372 1
372 2
372 3
372 4
372 5
372 6
372 39
372 47
372 54
373 2
373 3
373 5
373 6
373 8
373 16
373 195
374 1
374 6
374 7
374 20
374 41
374 44
374 75
374 205
375 1
375 2
375 3
375 4
375 5
375 6
375 7
375 8
375 142
376 1
376 2
376 4
376 5
376 6
376 8
376 299
377 0
377 2
377 3
377 4
377 5
377 12
377 180
377 255
378 0
378 1
378 3
378 6
378 7
378 20
378 41
378 44
379 0
379 1
379 2
379 3
379 4
379 6
379 7
379 106
380 0
380 41
380 44
380 46
380 66
380 93
380 285
381 0
381 1
381 2
381 4
381 6
381 47
381 54
382 2
382 3
382 8
382 290
383 0
383 2
383 3
383 4
383 5
383 13
383 180
383 255
383 264
384 2
384 3
384 5
384 6
384 8
384 16
384 195
385 1
385 4
385 5
385 6
386 0
386 1
386 3
386 4
386 5
386 6
386 7
386 36
387 1
387 2
387 4
387 5
387 6
387 8
387 299
388 0
388 1
388 3
388 5
388 20
388 41
388 46
388 114
389 4
389 5
389 6
389 89
390 0
390 1
390 2
390 3
390 4
390 6
390 7
391 0
391 1
391 2
391 3
391 6
391 8
391 77
392 0
392 1
392 3
392 6
392 7
392 20
392 41
392 44
392 75
392 205
393 0
393 3
393 4
393 5
393 12
393 13
393 312
394 0
394 1
394 2
394 3
394 4
394 5
394 6
394 7
395 0
395 1
395 5
395 6
395 20
395 41
395 44
395 46
395 66
395 90
396 1
396 2
396 4
396 5
396 6
396 8
396 299
397 6
397 20
397 41
397 44
397 46
397 66
397 93
397 126
397 165
397 218
398 0
398 1
398 2
398 3
398 4
399 0
399 1
399 2
399 3
399 6
399 20
399 41
399 109
400 0
400 1
400 3
400 5
400 6
400 20
400 41
400 44
400 46
400 229
401 1
401 2
401 3
401 7
401 8
401 234
402 0
402 1
402 3
402 4
402 5
402 6
402 7
402 36
402 314
403 0
403 2
403 3
403 4
403 12
403 155
403 231
404 1
404 2
404 3
404 77
404 290
405 0
405 2
405 3
405 5
405 12
405 13
406 1
406 2
406 4
406 5
406 6
406 8
407 0
407 1
407 2
407 3
407 4
407 6
407 7
408 1
408 2
408 3
408 5
408 8
408 77
408 91
409 0
409 2
409 3
409 4
409 155
409 231
409 403
410 0
410 2
410 3
410 4
410 12
410 13
411 0
411 2
411 4
411 6
411 7
411 74
411 211
412 0
412 2
412 3
412 4
412 12
412 13
412 19
413 0
413 1
413 5
413 16
413 111
413 227
414 1
414 3
414 5
414 6
414 7
414 20
414 41
414 44
414 58
414 99
414 181
415 0
415 2
415 3
415 4
415 5
415 12
415 43
416 0
416 3
416 4
416 5
416 13
416 32
416 262
417 1
417 2
417 3
417 5
417 7
417 8
417 77
417 290
418 0
418 2
418 3
418 4
418 6
418 39
418 305
419 2
419 3
419 6
419 74
419 211
419 322
420 0
420 1
420 3
420 5
420 6
420 7
420 20
420 41
420 44
420 46
421 1
421 3
421 4
421 5
421 6
421 7
421 36
421 314
422 2
422 3
422 4
422 5
422 6
422 85
422 277
422 343
423 0
423 2
423 3
423 4
423 5
423 6
423 7
423 8
424 1
424 4
424 5
424 6
424 22
424 26
424 50
424 198
425 0
425 2
425 3
425 4
425 5
425 6
425 7
425 8
425 23
425 190
426 0
426 1
426 3
426 5
426 6
426 7
426 20
426 46
426 58
426 99
426 125
427 0
427 1
427 3
427 4
427 5
427 6
427 7
427 8
427 142
428 1
428 5
428 20
428 41
428 44
428 46
428 58
428 99
428 261
429 0
429 1
429 3
429 4
429 5
429 6
429 7
429 8
429 210
430 0
430 1
430 2
430 3
431 0
431 1
431 3
431 5
431 6
431 7
431 41
431 44
431 46
431 58
431 99
432 0
432 1
432 2
432 3
432 14
432 98
433 0
433 1
433 5
433 6
433 20
433 41
433 46
433 66
434 0
434 1
434 3
434 4
434 5
434 6
434 7
434 8
434 370
435 0
435 2
435 3
435 6
435 7
435 8
435 16
435 195
435 196
435 352
436 0
436 1
436 6
436 7
436 20
436 41
436 44
436 75
436 161
437 0
437 1
437 2
437 3
437 5
437 6
437 7
437 8
437 113
438 0
438 3
438 4
438 7
438 39
438 74
439 0
439 1
439 2
439 3
439 5
439 6
439 7
439 8
439 147
440 1
440 4
440 6
440 22
440 26
440 60
441 0
441 1
441 3
441 4
441 17
442 0
442 1
442 2
442 3
442 5
442 6
442 7
442 113
443 0
443 1
443 2
443 3
443 4
444 1
444 6
444 7
444 41
444 44
444 75
444 205
445 0
445 2
445 12
445 13
445 19
446 0
446 3
446 4
446 7
446 39
446 74
446 438
447 0
447 1
447 3
447 4
447 17
447 441
448 2
448 3
448 4
448 7
448 8
448 152
449 2
449 3
449 4
449 7
449 39
450 0
450 2
450 3
450 6
450 8
450 16
450 196
450 352
451 0
451 3
451 4
451 6
451 39
452 0
452 1
452 3
452 5
452 6
452 7
452 41
452 46
452 225
453 0
453 2
453 4
453 6
453 7
453 74
453 211
454 1
454 2
454 3
454 70
454 100
455 0
455 1
455 2
455 3
455 4
455 443
456 0
456 1
456 5
456 20
456 41
456 44
456 46
456 90
457 1
457 4
457 5
457 6
457 22
457 26
457 50
457 172
458 0
458 2
458 3
458 4
458 5
458 7
458 39
458 174
458 249
459 0
459 1
459 2
459 3
460 0
460 1
460 2
460 3
460 4
460 21
460 56
461 1
461 2
461 4
461 5
461 6
461 8
462 0
462 1
462 2
462 3
462 5
462 6
462 7
462 8
462 147
462 187
463 0
463 1
463 2
463 4
463 5
463 6
463 7
463 8
463 281
464 0
464 1
464 2
464 3
464 4
464 5
464 6
464 7
464 20
464 311
465 0
465 1
465 2
465 3
465 4
465 21
465 56
465 460
466 0
466 1
466 2
466 3
466 4
466 7
466 39
466 74
467 0
467 3
467 7
467 39
467 132
467 256
467 337
468 0
468 1
468 2
468 3
468 5
468 6
468 7
468 8
469 0
469 2
469 3
469 4
469 6
469 7
469 39
469 74
470 0
470 6
470 20
470 41
470 44
470 46
470 66
470 209
471 0
471 3
471 13
471 32
472 1
472 2
472 3
472 4
472 6
472 7
472 8
472 137
473 0
473 2
473 3
473 4
473 5
473 12
473 13
473 32
473 96
473 300
474 0
474 1
474 3
474 5
474 6
474 7
474 44
474 58
474 99
475 1
475 2
475 3
475 70
475 100
475 454
476 0
476 2
476 3
476 5
476 7
476 8
476 23
476 119
477 1
477 4
477 5
477 6
477 22
477 26
477 50
478 1
478 4
478 6
478 22
478 26
478 60
478 267
479 0
479 2
479 4
479 155
479 231
479 409
480 0
480 1
480 2
480 3
480 4
480 5
480 39
480 47
480 206
480 325
481 0
481 2
481 3
481 5
481 12
481 13
481 32
481 102
482 0
482 1
482 3
482 6
482 7
482 20
482 41
482 44
482 46
482 76
483 0
483 1
483 2
483 3
483 7
483 8
483 77
483 247
484 2
484 3
484 4
484 5
484 31
484 85
484 163
485 0
485 1
485 3
485 6
485 7
485 20
485 41
485 44
485 75
485 205
485 392
486 0
486 3
486 6
486 7
486 20
486 41
486 46
487 0
487 1
487 2
487 4
487 5
487 6
487 7
487 39
487 47
487 206
488 1
488 2
488 4
488 5
488 243
489 0
489 2
489 3
489 5
489 6
489 8
489 113
489 437
490 0
490 1
490 2
490 3
490 4
490 7
490 39
490 74
491 0
491 1
491 3
491 7
491 39
491 47
491 84
492 0
492 1
492 2
492 3
492 4
492 5
492 6
492 7
492 281
493 0
493 1
493 5
493 7
493 20
493 41
493 44
493 46
493 58
493 99
493 261
494 1
494 4
494 6
494 26
494 128
495 0
495 1
495 2
495 3
495 4
495 5
495 153
496 1
496 4
496 5
496 6
496 22
496 26
496 50
496 198
497 0
497 1
497 3
497 4
497 5
497 6
497 7
497 36
497 386
498 0
498 2
498 3
498 4
498 13
498 19
498 412
499 3
499 4
499 5
499 6
499 7
499 8
499 190
500 0
500 1
500 5
500 16
500 111
500 227
500 413
501 1
501 2
501 4
501 5
501 6
501 8
502 0
502 2
502 3
502 5
502 6
502 8
502 113
502 437
503 0
503 1
503 2
503 3
503 7
503 8
503 77
503 247
504 0
504 1
504 5
504 7
504 20
504 41
504 46
504 58
504 99
504 261
505 2
505 3
505 4
505 5
505 6
505 31
505 85
505 204
506 1
506 3
506 5
506 6
506 7
506 20
506 99
506 181
507 1
507 3
507 5
507 6
507 20
507 41
507 44
508 0
508 2
508 3
508 4
508 5
508 12
508 140
509 0
509 1
509 2
509 3
509 4
509 5
509 6
509 39
509 47
509 54
509 372
510 0
510 1
510 3
510 5
510 6
510 7
510 20
510 41
510 44
510 46
510 58
510 99
511 0
511 1
511 5
511 6
511 41
511 44
511 46
511 66
512 0
512 1
512 2
512 3
512 4
512 5
512 6
512 20
513 0
513 1
514 0
514 2
514 3
514 4
514 5
514 6
514 85
514 163
515 0
515 1
515 2
515 3
515 5
515 70
515 286
516 1
516 2
516 3
516 5
516 7
516 8
517 0
517 3
517 5
517 6
517 7
517 20
517 41
517 44
517 46
517 58
517 99
518 0
518 3
518 5
518 20
518 41
518 44
518 76
518 114
519 0
519 1
519 5
519 20
519 41
519 44
519 46
519 66
519 93
520 0
520 1
520 3
520 4
520 5
520 7
520 132
520 256
521 0
521 1
521 3
521 6
521 7
521 20
521 41
521 44
521 46
521 76
521 482
522 1
522 4
522 5
522 6
522 22
522 26
522 50
523 0
523 2
523 5
523 6
523 7
523 8
523 122
524 0
524 2
524 3
524 4
524 65
525 1
525 5
525 6
525 15
526 0
526 2
526 3
526 4
526 5
526 13
526 180
526 255
527 0
527 1
527 2
527 3
527 4
527 5
527 39
527 47
527 206
528 0
528 1
528 2
528 3
528 4
528 5
528 6
528 7
528 8
529 0
529 3
529 5
529 6
529 7
529 20
529 46
529 58
529 99
530 0
530 2
530 3
530 4
530 5
530 7
530 8
531 0
531 1
531 2
531 3
531 4
531 342
532 3
532 5
532 6
532 20
532 41
532 44
532 82
532 110
532 121
533 4
533 6
533 22
533 26
533 50
533 172
534 0
534 1
534 5
534 6
534 20
534 41
534 44
534 46
534 66
535 0
535 1
535 3
535 6
535 7
535 20
535 41
535 44
536 0
536 1
536 3
536 5
536 6
536 20
536 41
536 46
536 58
536 108
537 0
537 1
537 2
537 3
537 5
537 6
537 8
537 9
538 0
538 1
538 3
538 4
538 5
538 6
538 7
538 39
538 47
539 4
539 5
539 385
540 2
540 3
540 4
540 5
540 6
540 7
540 8
540 23
541 0
541 1
541 5
541 6
541 20
541 41
541 44
541 46
541 534
542 5
542 6
542 20
542 41
542 44
542 46
542 66
542 534
543 0
543 1
543 2
543 3
543 6
543 39
543 63
543 192
544 0
544 1
544 3
544 4
544 5
544 6
544 7
544 36
544 386
544 497
545 0
545 1
545 3
545 6
545 7
545 20
545 41
545 44
545 58
545 99
545 510
546 0
546 2
546 3
546 5
546 7
546 16
546 111
547 2
547 3
547 4
547 5
547 6
547 31
547 85
547 204
547 306
548 0
548 1
548 3
548 5
548 6
548 7
548 20
548 41
548 44
548 46
548 58
549 0
549 3
549 5
549 6
549 7
549 20
549 41
549 44
549 46
550 0
550 1
550 3
550 5
550 6
550 7
550 8
551 0
551 1
551 5
551 6
551 41
551 44
551 46
551 66
551 90
551 395
552 0
552 1
552 5
552 6
552 41
552 44
552 46
552 66
552 355
553 0
553 1
553 2
553 3
553 5
553 6
553 7
553 20
553 41
554 0
554 2
554 5
554 6
554 7
554 29
554 53
555 1
555 7
555 127
555 207
556 0
556 3
556 4
556 12
556 323
557 0
557 1
557 2
557 3
557 14
557 98
557 432
558 0
558 6
558 41
558 46
558 66
558 93
558 126
558 165
558 285
558 363
559 0
559 1
559 3
559 4
559 5
559 6
559 7
559 20
559 311
559 464
560 0
560 1
560 2
560 5
560 6
560 7
560 20
560 41
560 109
560 149
561 2
561 3
561 5
561 6
561 8
561 16
561 195
561 384
562 0
562 2
562 6
562 7
562 122
562 167
563 1
563 2
563 4
563 8
563 501
564 0
564 1
564 3
564 5
564 7
564 47
564 84
564 244
565 0
565 1
565 2
565 4
565 5
565 6
565 7
565 8
566 0
566 1
566 3
566 4
566 14
566 138
567 0
567 1
567 2
567 3
567 5
567 6
567 7
567 8
568 0
568 1
568 2
568 3
568 342
569 1
569 3
569 6
569 7
569 41
569 127
569 207
569 214
570 1
570 3
570 5
570 6
570 7
570 36
570 314
571 2
571 4
571 5
571 6
571 8
571 243
572 0
572 3
572 5
572 6
572 7
572 41
572 44
572 46
572 549
573 0
573 1
573 2
573 3
573 83
574 0
574 41
574 44
574 46
574 66
574 93
574 126
574 165
574 285
575 0
575 1
575 2
575 3
575 5
575 7
576 0
576 1
576 3
576 5
576 6
576 7
576 20
576 58
576 99
576 181
576 341
577 2
577 4
577 5
577 31
577 85
577 163
578 0
578 3
578 4
578 5
578 13
578 32
578 262
579 0
579 6
579 20
579 41
579 44
579 46
579 66
579 209
580 2
580 3
580 4
580 5
580 6
580 31
580 85
580 204
580 547
581 0
581 3
581 4
581 5
581 12
581 13
582 0
582 3
582 4
582 5
582 32
582 107
583 1
583 2
583 3
583 4
583 5
583 6
583 7
583 8
583 37
584 2
584 3
584 4
584 5
585 2
585 3
585 4
585 5
585 31
585 163
585 484
586 1
586 2
586 3
586 5
586 6
586 7
586 147
587 0
587 1
587 2
587 3
587 4
588 1
588 2
588 3
588 4
588 5
589 0
589 1
589 2
589 3
589 83
590 0
590 1
590 3
590 4
590 5
590 6
590 20
590 512
591 0
591 6
591 41
591 44
591 46
591 66
591 93
591 126
591 285
592 1
592 5
592 20
592 41
592 44
592 46
592 58
592 99
592 261
593 4
593 5
593 22
593 26
593 50
594 0
594 1
594 2
594 3
594 5
595 0
595 2
595 3
595 4
595 5
595 6
595 8
595 9
595 69
596 0
596 1
596 5
596 7
596 20
596 41
596 46
596 58
596 99
596 261
596 328
597 0
597 3
597 4
597 12
597 13
597 32
597 96
597 300
598 0
598 1
598 3
598 10
598 159
599 0
599 2
599 3
599 4
599 39
599 74
599 354
600 2
600 3
600 4
600 5
600 584
601 0
601 1
601 2
601 3
601 4
601 5
601 6
601 7
601 8
602 0
602 1
602 2
602 3
602 6
602 39
602 63
602 192
603 0
603 2
603 3
603 5
603 7
603 8
603 247
604 2
604 3
604 4
604 7
604 152
605 0
605 3
605 4
605 13
605 32
605 300
606 1
606 2
606 3
606 4
606 5
606 6
606 7
606 39
606 47
606 199
606 357
607 0
607 1
607 3
607 5
607 6
607 7
607 36
607 314
608 0
608 1
608 4
608 5
608 6
608 7
608 8
608 370
608 434
609 6
609 20
609 44
609 46
609 66
609 93
609 126
609 165
609 397
610 0
610 2
610 3
610 4
610 19
610 412
610 498
611 0
611 5
611 6
611 29
612 2
612 3
612 4
612 5
612 6
612 7
612 8
612 142
613 0
613 1
613 2
613 3
613 587
614 5
614 6
614 41
614 44
614 82
614 186
615 0
615 1
615 2
615 3
615 4
615 6
615 7
615 20
615 311
616 0
616 1
616 3
616 6
616 7
616 20
616 41
616 44
616 75
616 205
617 2
617 3
617 4
617 5
617 7
617 39
617 315
618 0
618 1
618 2
618 3
618 4
618 5
618 6
618 7
618 39
618 47
619 2
619 3
619 5
619 6
619 8
619 195
619 373
620 0
620 2
620 3
620 6
620 7
620 8
620 16
620 195
620 196
620 352
621 1
621 4
621 6
621 97
622 0
622 1
622 3
622 7
622 39
622 84
622 491
623 0
623 1
623 2
623 3
623 5
623 6
623 7
623 8
624 0
624 2
624 3
624 4
625 0
625 1
625 5
625 6
625 20
625 41
625 44
625 46
625 66
625 171
626 0
626 1
626 2
626 3
626 6
626 39
626 63
626 192
626 602
627 0
627 2
627 3
627 4
627 5
627 13
627 180
627 255
628 0
628 2
628 83
628 188
629 0
629 1
629 2
629 3
629 5
629 6
629 20
629 41
629 109
630 0
630 1
630 2
630 3
630 6
630 20
630 311
630 615
631 0
631 1
631 3
631 5
631 6
631 7
631 41
631 46
632 0
632 2
632 3
632 4
632 6
632 7
632 39
632 74
633 0
633 1
633 3
633 4
633 5
633 6
633 7
633 20
633 311
634 0
634 1
634 2
634 3
634 4
634 151
634 236
635 1
635 4
635 5
635 22
636 4
636 5
636 6
636 89
636 389
637 0
637 1
637 2
637 3
637 5
637 7
637 20
637 139
638 0
638 1
638 2
638 3
638 4
638 5
638 6
638 20
639 0
639 1
639 7
639 8
639 51
640 0
640 1
640 3
640 4
640 5
640 6
640 7
640 36
640 314
641 0
641 1
641 5
641 20
641 41
641 44
641 46
641 66
642 2
642 3
642 5
642 6
642 8
642 16
642 195
643 1
643 6
643 7
643 41
643 44
643 75
643 205
643 444
644 0
644 2
644 3
644 4
644 6
644 7
644 39
644 74
645 0
645 1
645 3
645 4
645 5
645 6
645 7
645 36
645 314
645 640
646 1
646 4
646 5
646 22
647 0
647 2
647 3
647 4
647 5
647 13
647 96
647 300
647 473
648 0
648 1
648 2
648 4
648 5
648 6
648 7
648 39
649 0
649 2
649 3
649 4
649 12
649 13
650 1
650 2
650 3
650 6
650 7
650 8
650 623
651 0
651 1
651 2
651 3
651 4
651 5
651 6
652 4
652 5
652 6
652 89
652 389
653 0
653 1
653 3
653 7
653 39
653 47
653 84
653 491
654 0
654 1
654 6
654 20
654 41
654 44
654 66
654 93
655 1
655 2
655 3
655 5
655 7
655 8
655 77
655 247
656 0
656 1
656 2
656 3
656 4
656 6
656 7
656 39
657 4
657 5
657 6
657 89
657 389
657 636
658 0
658 2
658 3
658 5
658 48
658 359
659 0
659 1
659 3
659 6
659 7
659 20
659 41
659 44
659 127
660 0
660 4
660 5
660 13
660 32
660 107
661 0
661 1
661 3
661 4
661 5
661 6
661 7
661 36
662 0
662 1
662 3
662 14
662 138
663 0
663 1
663 2
663 3
663 4
663 21
664 0
664 1
664 5
664 7
664 20
664 41
664 46
664 58
664 99
664 261
665 0
665 1
665 5
665 7
665 20
665 41
665 44
665 46
665 58
665 99
666 3
666 5
666 7
666 41
666 46
666 225
666 452
667 0
667 2
667 3
667 4
667 5
667 6
667 31
667 85
668 0
668 1
668 2
668 4
668 5
668 6
668 7
668 8
668 36
669 0
669 2
669 3
669 5
669 6
669 7
669 8
669 23
669 190
670 0
670 6
670 7
670 20
670 41
670 44
670 46
671 0
671 1
671 2
671 3
671 5
672 0
672 2
672 3
672 4
672 6
672 7
672 39
672 74
673 0
673 1
673 2
673 3
673 6
673 8
673 77
673 391
674 0
674 1
674 2
674 5
674 6
674 7
674 8
674 113
674 162
675 20
675 44
675 46
675 66
675 93
675 126
675 165
675 358
676 0
676 1
676 3
676 5
676 7
676 47
676 84
676 244
676 564
677 0
677 1
677 3
677 6
677 7
677 20
677 41
677 44
678 0
678 1
678 2
678 3
678 4
678 21
678 56
678 260
679 0
679 2
679 3
679 4
679 5
679 12
679 255
679 377
680 0
680 1
680 3
680 5
680 7
680 8
681 1
681 2
681 3
681 5
681 6
681 20
681 109
682 0
682 1
682 2
682 3
682 236
682 634
683 0
683 2
683 4
683 5
683 7
684 0
684 1
684 2
684 4
684 5
684 6
684 7
684 8
685 0
685 3
685 4
685 12
685 323
686 3
686 5
686 6
686 7
686 20
686 44
686 46
686 58
686 99
686 517
687 0
687 1
687 2
687 5
687 6
687 7
687 8
687 468
688 0
688 1
688 2
688 3
688 5
688 6
688 63
689 0
689 2
689 3
689 4
689 5
689 6
689 85
689 277
690 0
690 2
690 3
690 4
690 5
690 13
690 180
690 255
690 264
691 0
691 1
691 2
691 3
691 4
691 5
691 6
691 7
692 0
692 1
692 3
692 5
692 7
692 39
692 47
693 1
693 3
693 4
693 5
693 7
693 39
693 47
693 61
694 0
694 1
694 2
694 3
694 4
694 5
694 7
694 39
694 174
695 2
695 5
695 6
695 8
695 195
695 326
696 0
696 5
696 7
696 20
696 41
696 46
696 58
696 99
696 261
696 347
697 0
697 3
697 5
697 6
697 7
697 20
697 41
697 44
697 46
697 549
698 0
698 1
698 2
698 4
698 6
698 7
698 407
699 0
699 3
699 4
699 12
699 13
699 32
699 96
699 597
700 3
700 4
700 8
700 120
700 178
700 189
701 1
701 4
701 6
701 97
701 228
702 0
702 2
702 3
702 4
702 13
702 19
702 412
702 498
703 0
703 1
703 3
703 5
703 20
703 41
703 44
703 76
704 0
704 1
704 2
704 3
704 4
704 5
704 7
705 0
705 1
705 3
705 6
705 20
705 41
705 44
705 46
705 58
705 108
706 0
706 1
706 5
706 16
706 111
706 227
707 0
707 1
707 2
707 4
707 5
707 7
707 39
707 174
708 0
708 1
708 3
708 6
708 7
708 20
708 41
708 44
708 75
708 205
708 616
709 0
709 1
709 5
709 16
709 111
709 227
709 413
710 0
710 6
710 7
710 20
710 46
710 58
710 99
710 529
711 2
711 3
711 4
711 5
711 6
711 85
711 277
711 422
712 0
712 2
712 3
712 5
712 6
712 7
712 8
712 23
713 0
713 3
713 5
713 6
713 7
713 20
713 46
713 58
713 99
714 0
714 2
714 155
714 231
714 409
715 0
715 1
715 5
715 6
715 7
715 20
715 41
715 44
715 46
715 76
716 0
716 2
716 3
716 5
716 12
716 405
717 3
717 4
717 5
717 32
717 107
718 2
718 3
718 5
718 6
718 8
718 16
718 195
719 0
719 3
719 6
719 7
719 20
719 41
719 46
720 0
720 1
720 2
720 3
720 7
720 8
720 77
720 247
721 0
721 1
721 5
721 6
721 7
721 20
721 41
721 44
721 46
722 1
722 3
722 5
722 6
722 20
722 44
722 82
722 110
722 121
723 0
723 1
723 2
723 3
723 4
723 5
723 6
723 39
723 47
723 54
723 509
724 0
724 1
724 2
724 3
724 4
724 5
724 6
724 20
724 638
725 0
725 1
725 2
725 3
725 6
725 39
725 63
725 192
726 0
726 2
726 3
726 4
726 5
726 7
726 8
726 116
727 0
727 2
727 3
727 4
727 5
727 12
727 140
728 1
728 3
728 5
728 6
728 7
728 36
728 314
729 1
729 4
729 6
729 22
729 26
729 60
730 0
730 1
730 2
730 3
730 5
730 7
730 8
730 77
731 0
731 2
731 3
731 4
731 5
731 7
731 8
732 0
732 2
732 3
732 4
732 5
732 6
732 7
733 0
733 1
733 2
733 4
733 79
733 251
734 0
734 2
734 3
734 6
734 7
734 16
734 195
734 196
734 352
734 620
735 0
735 1
735 3
735 7
735 20
735 41
735 44
735 46
735 58
735 548
736 0
736 1
736 6
736 20
736 41
736 44
736 46
736 534
737 0
737 1
737 2
737 3
737 5
737 7
737 20
737 139
738 0
738 1
738 4
738 5
738 6
738 7
738 36
738 314
739 1
739 6
739 7
739 41
739 75
739 205
739 643
740 1
740 4
740 6
740 22
740 26
740 50
740 198
740 424
741 0
741 1
741 2
741 3
741 5
741 7
741 20
741 139
742 0
742 1
742 2
742 3
742 4
742 6
742 7
742 64
743 0
743 1
743 2
743 4
743 151
743 236
744 0
744 1
744 3
744 5
744 6
744 7
744 20
744 41
744 46
745 0
745 1
745 5
745 7
745 20
745 41
745 46
745 99
745 261
745 328
745 596
746 0
746 1
746 2
746 3
746 4
746 5
746 6
746 39
746 47
746 54
747 0
747 1
747 2
747 3
747 4
747 6
747 7
748 0
748 1
748 5
748 6
748 7
748 44
749 0
749 2
749 3
749 5
749 7
749 20
749 139
749 737
750 1
750 6
750 7
750 20
750 41
750 44
750 46
751 1
751 2
751 3
751 5
751 7
751 39
751 63
752 0
752 3
752 6
752 20
752 41
752 44
752 263
753 0
753 1
753 2
753 3
753 4
754 0
754 3
754 5
754 6
754 7
754 20
754 41
754 44
754 46
754 549
755 0
755 1
755 2
755 3
755 4
755 5
755 6
755 20
755 638
756 4
756 5
756 6
756 89
756 389
757 1
757 3
757 5
757 6
757 7
757 36
757 314
757 728
758 0
758 1
758 3
758 5
758 20
758 41
758 46
758 114
758 388
759 0
759 1
759 5
759 7
759 36
759 314
759 738
760 0
760 1
760 2
760 3
760 5
760 6
760 8
760 9
760 537
761 1
761 3
761 6
761 7
761 41
761 127
761 207
761 214
762 0
762 1
762 2
762 3
762 4
762 5
762 153
763 0
763 2
763 6
763 74
763 211
763 219
764 2
764 3
764 5
764 6
764 20
764 41
764 130
765 3
765 5
765 6
765 7
765 44
765 46
765 58
765 99
765 517
765 686
766 0
766 2
766 3
766 4
766 5
766 12
766 255
766 377
767 0
767 2
767 3
767 4
767 12
767 13
767 348
768 6
768 7
768 20
768 44
768 46
769 0
769 1
769 2
769 3
769 4
769 5
769 7
769 8
769 37
770 1
770 2
770 3
770 77
770 290
770 367
771 0
771 1
771 2
771 3
771 4
771 5
772 0
772 1
772 2
772 4
772 5
772 6
772 7
772 39
772 47
773 0
773 1
773 3
773 5
773 20
773 41
773 46
773 114
774 0
774 1
774 2
774 3
774 4
774 5
774 6
774 7
775 0
775 1
775 2
775 3
775 7
775 8
775 247
776 2
776 3
776 4
776 5
776 6
776 85
776 277
776 422
776 711
777 0
777 2
777 3
777 4
777 19
777 412
777 498
778 0
778 1
778 2
778 3
778 5
778 6
778 7
778 63
778 156
778 365
779 0
779 4
779 6
779 7
779 39
779 74
779 183
780 1
780 4
780 5
780 6
780 22
780 26
780 50
780 172
780 457
781 0
781 1
781 2
781 4
781 6
781 7
781 407
782 0
782 1
782 2
782 3
782 4
782 138
783 0
783 1
783 3
783 4
783 5
783 6
783 394
784 2
784 4
784 6
784 8
784 243
785 1
785 4
785 6
785 22
785 26
785 60
785 267
786 6
786 7
786 20
786 44
786 46
787 0
787 3
787 5
787 13
787 48
787 338
788 0
788 2
788 3
788 4
788 12
788 13
788 32
788 96
788 300
789 0
789 7
789 20
789 46
789 58
789 99
789 529
789 710
790 0
790 1
790 2
790 3
790 4
790 6
790 64
791 0
791 1
791 5
791 20
791 41
791 44
791 90
792 0
792 2
792 3
792 4
792 5
792 7
792 39
792 174
793 0
793 2
793 3
793 4
793 6
793 7
793 77
794 0
794 1
794 2
794 4
794 21
794 56
794 460
795 0
795 1
795 3
795 6
795 20
795 41
795 46
795 58
795 108
796 0
796 1
796 2
796 3
796 5
796 7
796 105
797 4
797 5
797 6
797 89
797 389
797 636
797 657
798 0
798 1
798 2
798 3
798 4
798 5
798 6
798 7
798 8
798 330
799 2
799 4
799 6
799 7
799 74
799 211
799 219
799 320
800 2
800 4
800 5
800 6
800 31
800 85
800 204
800 306
801 0
801 44
801 46
801 66
801 93
801 126
801 165
801 285
801 574
802 0
802 1
802 2
802 4
802 79
802 251
803 0
803 6
803 20
803 41
803 44
803 46
803 66
803 93
803 126
803 165
804 0
804 1
804 2
804 3
804 5
804 6
804 7
804 20
804 41
804 130
804 131
805 0
805 1
805 5
805 20
805 41
805 44
805 46
805 66
806 1
806 6
806 7
806 41
806 44
806 75
806 205
806 444
806 643
807 0
807 1
807 2
807 3
807 21
807 56
808 0
808 2
808 3
808 4
808 5
808 13
808 180
808 255
809 0
809 2
809 3
809 4
809 5
809 6
809 20
810 0
810 20
810 41
810 44
810 46
810 66
810 93
810 126
810 165
810 803
811 0
811 1
811 3
811 4
811 7
811 8
812 0
812 1
812 2
812 3
812 4
812 6
812 7
812 8
812 37
813 1
813 4
813 5
813 6
814 0
814 1
814 5
814 6
814 20
814 41
814 44
814 46
814 534
815 1
815 3
815 6
815 7
815 41
815 127
816 1
816 2
816 4
816 8
816 501
816 563
817 2
817 4
817 5
817 31
817 163
817 484
818 0
818 2
818 3
818 4
818 6
818 7
818 39
818 74
819 1
819 3
819 4
819 5
819 7
819 39
819 47
819 61
819 693
820 1
820 2
820 3
820 4
820 6
820 7
820 39
820 74
821 0
821 3
821 5
821 6
821 7
821 20
821 41
821 44
821 46
821 549
821 754
822 0
822 1
822 3
822 6
822 7
822 20
822 41
822 44
822 46
822 58
822 99
822 108
823 0
823 1
823 2
823 3
823 5
823 70
823 286
824 1
824 2
824 3
824 4
824 5
824 6
824 7
824 39
824 47
824 206
824 325
824 350
825 1
825 3
825 5
825 6
825 7
825 20
825 41
825 44
825 82
826 0
826 1
826 2
826 3
826 4
826 5
826 39
826 47
826 206
826 325
826 480
827 0
827 1
827 2
827 3
827 6
827 7
827 41
827 130
827 291
828 0
828 2
828 4
828 6
828 7
828 211
828 219
829 0
829 2
829 3
829 4
829 5
829 12
829 13
829 32
829 96
830 2
830 3
830 5
830 6
830 8
830 16
830 195
830 373
831 0
831 1
831 3
831 20
831 41
831 44
831 46
831 76
832 0
832 1
832 2
832 3
832 6
832 7
832 8
833 3
833 5
833 6
833 7
833 44
833 46
833 58
833 99
833 517
833 686
833 765
834 1
834 3
834 6
834 7
834 41
834 44
834 82
835 0
835 1
835 2
835 4
835 21
835 663
836 2
836 4
836 5
836 6
836 31
836 85
836 204
836 306
837 0
837 2
837 3
837 4
837 5
837 8
837 122
838 0
838 1
838 3
838 5
838 6
838 7
838 20
838 46
838 58
838 99
838 125
839 0
839 2
839 3
839 5
839 6
839 8
839 113
839 437
840 3
840 5
840 6
840 7
840 20
840 41
840 44
840 82
840 135
840 230
841 0
841 1
841 5
841 6
841 20
841 41
841 44
841 46
841 66
841 93
841 293
842 1
842 2
842 4
842 6
842 7
842 39
842 74
843 1
843 3
843 5
843 6
843 7
843 36
843 314
844 0
844 1
844 5
844 7
844 36
844 314
844 759
845 0
845 1
845 3
845 6
845 7
845 20
845 46
845 58
845 99
845 125
845 838
846 0
846 1
846 2
846 3
846 4
846 21
846 56
846 260
846 678
847 0
847 2
847 3
847 4
847 13
847 180
847 255
848 0
848 2
848 3
848 4
848 5
848 13
848 180
848 255
849 0
849 1
849 2
849 3
849 6
849 7
849 41
849 130
849 291
849 827
850 0
850 1
850 5
850 6
850 7
850 20
850 41
850 44
850 46
850 721
851 1
851 3
851 5
851 6
851 7
851 20
851 41
851 44
851 46
851 76
852 0
852 1
852 3
852 5
852 6
852 7
852 20
852 44
852 46
852 58
852 99
852 108
853 2
853 3
853 5
853 20
853 41
853 130
854 1
854 3
854 6
854 7
854 20
854 41
854 82
854 110
854 319
855 0
855 41
855 44
855 46
855 66
855 93
855 285
856 0
856 1
856 3
856 4
856 5
856 6
856 7
856 20
856 311
856 464
857 0
857 1
857 3
857 5
857 6
857 7
857 20
857 46
857 58
857 99
857 125
858 0
858 1
858 2
858 6
858 7
858 8
859 2
859 3
859 4
859 31
859 163
859 484
859 585
860 0
860 1
860 3
860 10
860 28
861 0
861 1
861 3
861 6
861 20
861 41
861 46
861 58
861 108
862 0
862 1
862 6
862 7
862 20
862 41
862 44
862 75
862 161
863 0
863 1
863 2
863 4
863 6
863 39
863 47
863 54
863 150
864 0
864 1
864 3
864 4
864 6
864 39
864 47
864 54
864 509
865 0
865 2
865 5
865 6
865 7
865 29
865 53
865 554
866 1
866 3
866 6
866 7
866 41
866 127
867 0
867 1
867 2
867 7
867 8
867 68
868 1
868 5
868 6
868 41
868 46
868 66
868 355
868 552
869 0
869 1
869 5
869 7
869 46
869 104
870 1
870 4
870 5
870 6
870 8
870 299
870 376
871 0
871 6
871 20
871 41
871 46
871 66
871 126
871 165
872 0
872 3
872 6
872 7
872 20
872 41
872 46
873 0
873 1
873 2
873 3
873 4
873 5
873 39
873 47
873 206
873 325
873 480
874 0
874 2
874 3
874 4
874 5
874 7
874 8
874 152
875 0
875 1
875 2
875 3
875 6
875 20
875 41
875 109
875 629
876 1
876 2
876 3
876 6
876 39
876 63
876 192
876 543
877 0
877 2
877 5
877 158
878 0
878 1
878 2
878 3
878 5
878 6
878 7
878 442
879 0
879 2
879 3
879 4
879 7
879 8
880 0
880 1
880 3
880 5
880 20
880 41
880 44
880 76
881 0
881 1
881 2
881 3
881 5
881 6
881 7
881 130
881 291
882 0
882 1
882 2
882 5
882 6
882 7
882 20
882 41
882 130
882 279
883 0
883 1
883 5
883 6
883 7
883 44
884 0
884 1
884 2
884 4
884 5
884 6
884 651
885 0
885 2
885 3
885 4
885 6
885 7
885 8
885 23
886 0
886 1
886 3
886 4
886 5
886 7
886 39
886 174
886 694
887 4
887 6
887 22
887 60
888 1
888 5
888 6
888 15
888 525
889 1
889 2
889 3
889 4
889 5
889 6
889 7
889 39
889 47
889 199
890 0
890 1
890 2
890 3
890 5
891 0
891 1
891 2
891 3
891 4
891 14
891 136
892 0
892 1
892 2
892 3
892 4
892 342
893 0
893 3
893 6
893 20
893 41
893 44
893 263
894 0
894 1
894 5
894 7
894 41
894 46
894 58
894 99
894 261
894 328
895 0
895 2
895 3
895 6
895 7
895 8
895 16
895 195
895 352
896 0
896 2
896 3
896 5
896 6
896 7
896 20
896 41
896 109
897 1
897 3
897 4
897 5
897 6
897 7
897 36
898 0
898 1
898 5
898 6
898 20
898 41
898 44
898 46
898 66
898 93
898 841
899 0
899 1
899 20
899 44
899 46
899 721
899 850
900 1
900 2
900 3
900 6
900 7
900 623
901 0
901 3
901 6
901 7
901 20
901 41
901 44
901 46
901 549
902 0
902 1
902 2
902 4
902 6
902 7
902 407
903 0
903 1
903 3
903 5
903 6
903 7
903 41
903 225
903 452
904 2
904 3
904 4
904 5
904 6
904 85
904 277
904 422
904 711
904 776
905 1
905 3
905 6
905 7
905 41
905 127
905 866
906 0
906 2
906 3
906 4
906 624
907 0
907 1
907 3
907 6
907 7
907 20
907 41
907 44
907 177
908 0
908 1
908 5
908 7
908 20
908 46
908 99
908 261
908 328
908 596
909 0
909 1
909 5
909 6
909 20
909 44
909 46
909 66
910 0
910 4
910 21
910 663
910 835
911 0
911 1
911 2
911 4
911 21
911 663
912 0
912 1
912 2
912 3
912 4
912 6
912 7
912 39
912 287
912 301
913 2
913 3
913 4
913 5
913 31
913 85
913 163
914 0
914 1
914 2
914 3
914 4
914 6
914 7
914 64
915 3
915 5
915 6
915 7
915 20
915 41
915 82
916 0
916 1
916 20
916 41
916 44
916 46
917 0
917 3
917 4
917 5
917 8
917 9
917 69
918 0
918 1
918 2
918 3
918 7
918 39
918 74
918 490
919 0
919 2
919 3
919 4
920 0
920 1
920 2
920 3
920 4
920 6
920 7
921 0
921 2
921 3
921 4
921 5
921 12
921 13
921 180
921 255
922 0
922 1
922 3
922 5
922 6
922 7
922 20
922 41
923 0
923 1
923 5
923 7
923 20
923 41
923 46
923 58
923 99
923 261
924 0
924 1
924 5
924 6
924 20
924 41
924 44
924 46
924 66
924 93
924 293
925 1
925 6
925 7
925 20
925 46
925 750
926 0
926 1
926 3
926 5
926 6
926 7
926 41
926 44
926 46
926 58
926 99
927 0
927 1
927 2
927 3
927 4
927 5
927 6
927 7
927 142
927 170
928 0
928 1
928 2
928 3
928 4
928 14
928 136
929 0
929 6
929 20
929 41
929 44
929 46
929 66
929 171
929 625
930 1
930 6
930 97
930 228
931 0
931 1
931 2
931 7
931 68
931 297
932 1
932 4
932 5
932 6
932 15
933 0
933 2
933 3
933 4
933 65
933 524
934 0
934 1
934 2
934 3
934 4
934 6
934 7
934 64
935 0
935 2
935 3
935 5
935 12
935 405
935 716
936 0
936 1
936 5
936 16
936 111
936 227
936 413
936 709
937 0
937 2
937 3
937 4
937 5
937 6
937 7
937 8
938 2
938 4
938 5
938 6
938 8
938 299
938 376
939 3
939 5
939 6
939 7
939 36
939 314
939 728
940 0
940 1
940 2
940 4
940 5
940 6
940 7
940 39
940 47
941 0
941 1
941 2
941 4
941 79
941 251
941 733
942 0
942 2
942 3
942 4
942 5
942 12
942 13
942 180
943 2
943 4
943 6
943 31
943 85
943 204
943 306
943 836
944 0
944 2
944 3
944 5
944 12
944 13
944 32
944 102
945 2
945 3
945 6
945 7
945 8
945 623
945 650
946 0
946 2
946 3
946 4
946 5
946 12
946 13
946 180
946 921
947 0
947 1
947 3
947 5
947 6
947 7
947 20
947 46
947 125
948 0
948 1
948 3
948 6
948 7
948 20
948 41
948 44
948 101
949 1
949 3
949 6
949 7
949 36
949 314
949 728
950 0
950 1
950 2
950 3
950 4
950 5
950 6
950 7
950 8
950 36
951 0
951 2
951 3
951 5
951 6
951 8
951 113
951 437
951 839
952 2
952 3
952 5
952 6
952 8
952 195
952 373
953 0
953 1
953 2
953 3
953 4
953 342
954 0
954 2
954 3
954 4
954 5
954 12
954 255
954 377
955 0
955 1
955 5
955 20
955 41
955 44
955 46
955 90
955 456
956 6
956 7
956 20
956 41
956 82
956 135
956 230
957 2
957 3
957 4
957 85
957 277
957 343
957 422
958 3
958 5
958 6
958 20
958 41
958 44
958 82
958 186
958 193
959 0
959 1
959 2
959 3
959 4
959 6
959 39
959 74
959 78
960 0
960 1
960 2
960 3
960 4
960 5
960 39
960 47
960 206
960 325
960 480
961 0
961 3
961 12
961 155
961 403
962 4
962 6
962 22
962 60
962 887
963 0
963 1
963 2
963 3
963 4
963 5
963 47
963 54
964 1
964 3
964 6
964 7
964 41
964 127
964 207
964 214
964 569
965 0
965 3
965 6
965 7
965 20
965 41
965 44
965 46
965 58
965 99
965 517
966 3
966 5
966 6
966 7
966 44
966 46
966 58
966 99
966 517
966 686
966 765
967 0
967 1
967 2
967 3
967 4
967 6
967 7
967 39
967 287
967 301
968 0
968 2
968 4
968 5
968 6
968 7
968 39
968 648
969 0
969 1
969 2
969 3
969 4
969 21
969 56
969 260
969 678
969 846
970 0
970 1
970 2
970 3
970 4
970 6
970 64
970 742
971 2
971 4
971 5
971 6
971 31
971 85
971 306
971 836
972 0
972 1
972 7
972 20
972 41
972 44
972 46
973 0
973 1
973 20
973 41
973 44
973 46
974 0
974 1
974 3
974 4
974 5
974 6
974 7
974 142
974 427
975 2
975 5
975 8
975 299
975 376
976 2
976 4
976 5
976 31
976 85
976 163
976 577
977 0
977 1
977 2
977 3
977 4
977 5
977 6
977 7
977 39
977 63
978 0
978 2
978 3
978 5
978 405
978 716
979 1
979 5
979 6
979 41
979 46
979 66
979 355
980 2
980 3
980 4
980 5
980 7
980 174
980 194
980 345
981 1
981 3
981 5
981 6
981 7
981 99
981 181
981 506
982 1
982 4
982 5
982 22
983 0
983 1
983 3
983 4
983 5
983 6
983 7
983 20
983 311
983 464
984 0
984 1
984 2
984 3
984 4
984 5
984 6
984 7
984 39
985 0
985 3
985 4
985 5
985 7
985 39
985 132
985 256
985 337
986 1
986 2
986 3
986 4
986 5
986 6
986 39
986 47
986 199
986 357
987 0
987 1
987 3
987 5
987 6
987 7
987 20
987 46
987 58
987 99
987 125
987 857
988 6
988 7
988 46
988 750
989 1
989 2
989 4
989 6
989 7
989 407
990 0
990 41
990 44
990 46
990 66
990 93
990 126
990 165
990 285
990 574
991 1
991 3
991 6
991 7
991 41
991 44
991 58
991 99
991 181
991 414
992 0
992 1
992 2
992 3
992 5
992 6
992 7
992 8
992 567
993 1
993 2
993 3
993 6
993 39
993 63
994 1
994 2
994 5
994 6
994 20
994 41
994 130
994 279
994 882
995 0
995 3
995 4
995 39
995 132
995 256
996 0
996 2
996 4
996 19
996 412
996 498
996 610
997 0
997 2
997 3
997 4
997 5
997 13
997 180
997 942
998 0
998 1
998 4
998 6
998 7
998 407
998 902
999 0
999 1
999 2
999 4
999 21
999 835
