1 0
2 0
2 1
3 0
3 1
3 2
4 0
4 1
4 2
4 3
5 0
5 1
5 2
5 3
5 4
6 0
6 1
6 2
6 3
6 4
6 5
7 0
7 1
7 2
7 3
7 4
7 5
7 6
8 0
8 1
8 2
8 3
8 4
8 5
8 6
8 7
9 0
9 1
9 2
9 3
9 4
9 5
9 6
9 7
9 8
10 0
10 1
10 2
10 3
10 4
10 5
11 0
11 1
11 2
11 3
11 4
12 0
12 1
12 2
12 3
12 4
12 5
12 6
12 7
12 8
13 0
13 1
13 2
13 3
14 0
14 1
14 2
14 3
14 4
14 5
14 6
14 7
14 8
15 0
15 1
15 2
15 3
15 4
15 5
15 6
15 7
15 8
16 0
16 1
16 2
16 3
16 4
17 0
17 1
17 2
17 3
17 4
17 5
17 6
17 7
17 8
18 0
18 1
18 2
18 3
18 4
18 5
18 6
18 7
18 8
19 0
19 1
19 2
19 3
19 4
19 5
20 0
20 1
20 2
20 3
20 4
20 5
20 6
20 7
20 8
21 0
21 1
21 2
21 3
21 4
21 5
21 6
21 7
21 8
22 0
22 1
22 2
22 3
22 4
22 5
22 6
22 7
22 8
23 0
23 1
23 2
23 3
23 4
23 5
23 6
23 7
23 8
24 0
24 1
24 2
24 3
24 4
24 5
24 6
24 7
24 8
24 12
25 0
25 1
25 2
25 3
25 4
25 5
25 6
25 7
25 8
26 0
26 1
26 2
26 3
26 4
26 5
26 6
26 7
26 8
27 0
27 1
27 2
27 3
27 4
27 5
27 6
27 7
27 8
28 0
28 1
28 2
28 3
28 4
28 5
28 6
28 7
28 8
29 0
29 1
29 2
29 3
29 4
29 5
29 6
29 7
29 8
30 0
30 1
30 2
30 3
30 4
30 5
30 6
30 7
31 0
31 1
31 2
31 3
31 4
32 0
32 1
32 2
32 3
32 4
32 5
32 6
32 7
32 8
32 15
33 0
33 1
33 2
33 3
33 4
33 5
33 6
33 7
33 8
34 0
34 1
34 2
34 3
34 4
34 5
34 6
34 7
35 1
35 2
35 3
35 4
36 0
36 1
36 3
36 4
36 5
36 6
36 7
36 8
37 0
37 1
37 3
37 4
37 5
37 6
37 7
37 8
38 0
38 1
38 2
38 3
38 4
38 5
38 6
38 7
39 0
39 1
39 3
39 4
39 5
39 6
39 7
39 8
40 0
40 1
40 2
40 3
40 4
40 5
40 6
40 7
40 8
41 0
41 1
41 2
41 3
41 4
41 5
41 6
41 7
41 8
42 1
42 2
42 3
42 4
43 0
43 1
43 2
43 3
43 4
43 5
43 6
43 7
43 8
44 0
44 1
44 3
44 4
44 5
44 6
44 7
44 8
45 0
45 1
45 2
45 3
45 4
45 5
45 6
45 7
45 8
46 0
46 1
46 2
46 3
46 4
46 5
46 6
46 7
46 8
47 0
47 1
47 2
47 3
47 4
48 0
48 1
48 2
48 3
48 4
48 5
48 6
48 7
48 8
49 1
49 2
49 3
49 4
50 0
50 1
50 2
50 3
50 4
50 5
50 6
50 7
50 8
50 43
51 0
51 1
51 2
51 3
51 4
51 5
51 6
51 7
51 8
52 0
52 1
52 3
52 4
52 5
52 6
52 7
52 8
53 0
53 1
53 3
53 4
53 5
53 6
53 7
53 8
54 0
54 1
54 2
54 4
54 5
54 6
54 7
54 8
55 1
55 2
55 3
55 4
55 5
55 6
56 0
56 1
56 2
56 3
56 4
56 5
56 6
56 7
56 8
57 0
57 1
57 3
57 4
57 5
57 6
57 7
57 8
58 0
58 1
58 3
58 4
58 5
58 6
58 7
58 8
59 0
59 1
59 2
59 3
59 4
59 5
59 6
59 7
59 8
60 0
60 1
60 2
60 3
60 4
60 5
60 6
60 7
60 8
61 0
61 1
61 2
61 4
61 5
61 6
61 7
61 8
61 15
62 1
62 2
62 4
62 5
62 6
62 7
62 8
62 15
62 61
63 1
63 2
63 4
63 5
63 6
63 7
63 8
63 15
63 61
64 0
64 1
64 2
64 4
64 5
64 6
64 7
64 8
65 0
65 1
65 2
65 3
65 4
65 5
65 6
65 7
65 8
65 15
66 0
66 1
66 2
66 3
66 4
66 5
66 6
66 7
66 8
67 0
67 1
67 2
67 3
67 4
68 0
68 1
68 3
68 4
68 5
68 6
68 7
68 8
69 0
69 1
69 2
69 3
70 0
70 1
70 2
70 3
70 4
70 5
70 6
70 7
70 8
71 1
71 2
71 3
71 4
72 1
72 2
72 3
72 4
73 0
73 1
73 2
73 3
73 4
73 5
73 6
73 7
73 8
73 15
74 0
74 1
74 2
74 3
74 4
74 5
74 6
74 7
74 8
74 15
74 32
75 0
75 1
75 2
75 3
75 5
75 6
75 7
75 8
76 0
76 1
76 2
76 3
76 4
77 0
77 1
77 2
77 3
77 4
77 5
78 0
78 1
78 2
78 3
78 4
78 5
78 6
78 7
78 8
79 0
79 1
79 2
79 3
79 4
80 0
80 1
80 2
80 3
80 4
80 5
80 6
80 7
80 8
81 0
81 1
81 3
81 4
81 5
81 6
81 7
81 8
82 0
82 1
82 2
82 3
83 0
83 1
83 2
83 3
83 4
84 0
84 1
84 2
84 3
84 4
85 1
85 2
85 3
85 4
85 5
85 6
85 55
86 0
86 1
86 3
86 4
86 5
86 6
86 7
86 8
86 44
87 0
87 1
87 2
87 3
87 4
87 6
87 7
87 8
88 0
88 1
88 2
88 3
88 4
88 5
88 6
88 7
88 8
89 0
89 1
89 2
89 3
89 4
89 5
90 0
90 1
90 2
90 3
90 4
90 5
91 0
91 1
91 2
91 3
91 4
91 5
91 6
91 7
91 8
92 0
92 1
92 2
92 3
92 4
92 5
92 6
92 7
92 8
93 0
93 1
93 2
93 3
93 4
93 5
93 6
93 7
94 0
94 1
94 2
94 3
94 4
94 5
94 6
94 7
95 0
95 1
95 2
95 3
95 4
95 5
95 6
95 7
95 8
96 0
96 1
96 2
96 3
96 4
96 5
96 6
96 7
96 8
97 0
97 1
97 3
97 4
97 5
97 6
97 7
97 8
98 0
98 1
98 2
98 3
98 4
98 5
98 6
98 7
99 0
99 1
99 2
99 3
100 0
100 1
100 2
100 3
100 4
100 5
100 6
100 7
100 8
101 0
101 1
101 2
101 3
101 4
101 5
101 6
101 7
101 8
101 15
102 0
102 1
102 2
102 3
102 4
102 5
102 6
102 7
102 8
103 0
103 1
103 2
103 3
103 4
103 5
103 6
103 7
103 8
104 0
104 1
104 3
104 5
104 6
104 7
104 8
105 2
105 4
105 5
105 6
105 7
105 8
105 15
105 61
106 0
106 1
106 2
106 3
106 4
106 6
106 7
106 8
107 0
107 1
107 2
107 3
107 4
107 5
107 6
107 7
107 8
107 15
108 0
108 1
108 3
108 4
108 5
108 6
108 7
108 8
109 0
109 1
109 2
109 3
109 4
109 5
109 6
109 7
110 0
110 1
110 2
110 3
110 4
110 5
110 6
110 7
110 8
110 15
110 32
111 0
111 1
111 2
111 3
111 4
111 5
111 6
111 7
112 0
112 1
112 3
112 4
112 5
112 6
112 7
112 8
113 0
113 1
113 2
113 3
113 4
113 5
113 6
113 7
113 8
113 15
113 32
114 0
114 1
114 2
114 3
114 4
115 0
115 1
115 2
115 3
115 4
115 5
115 6
115 7
116 0
116 1
116 3
116 4
117 0
117 1
117 2
117 3
117 4
117 5
117 6
117 7
117 8
118 0
118 1
118 2
118 3
118 4
118 5
118 6
118 7
118 8
119 0
119 1
119 2
119 3
119 4
119 5
119 6
119 7
119 8
120 0
120 1
120 2
120 3
120 4
120 5
120 6
120 7
120 8
121 0
121 1
121 2
121 3
121 4
121 5
121 6
121 7
121 8
122 0
122 1
122 3
122 4
122 6
122 7
122 8
123 0
123 1
123 2
123 3
123 4
124 0
124 2
124 3
124 4
124 5
125 1
125 2
125 3
125 4
125 72
126 0
126 1
126 2
126 3
126 4
126 5
126 6
126 7
126 8
127 0
127 1
127 2
127 3
127 4
128 0
128 1
128 2
128 3
128 4
128 5
128 6
128 7
128 8
129 0
129 1
129 2
129 3
129 4
130 0
130 1
130 2
130 3
130 4
130 5
130 6
130 7
130 8
130 15
131 0
131 1
131 2
131 3
131 4
131 5
131 6
131 7
131 8
131 15
132 0
132 1
132 2
132 3
132 4
132 5
132 7
132 8
133 1
133 2
133 4
133 5
133 7
133 8
133 61
134 0
134 1
134 2
134 3
134 4
134 5
134 6
134 7
134 8
135 0
135 1
135 2
135 3
135 4
136 0
136 1
136 2
136 3
136 4
136 5
136 6
136 7
136 8
137 0
137 1
137 2
137 3
137 4
137 5
137 6
137 7
138 0
138 1
138 2
138 3
138 4
138 31
139 0
139 1
139 2
139 3
139 4
140 0
140 1
140 2
140 3
140 4
141 0
141 1
141 3
141 4
141 5
141 6
141 7
141 8
142 0
142 1
142 2
142 4
142 5
142 6
142 7
142 8
143 0
143 1
143 2
143 3
143 4
143 5
143 6
143 7
143 8
143 15
143 32
144 0
144 2
144 3
144 4
144 5
144 6
144 7
145 0
145 1
145 2
145 3
145 4
145 5
145 6
145 7
145 8
146 0
146 1
146 2
146 4
146 5
146 6
146 7
146 8
147 0
147 1
147 2
147 3
147 4
147 5
147 6
147 7
147 8
148 0
148 1
148 2
148 3
148 4
148 5
148 6
148 7
148 8
149 0
149 1
149 2
149 3
149 4
149 5
149 6
149 7
149 8
149 15
149 32
150 0
150 1
150 3
150 4
150 5
150 6
150 7
150 8
151 0
151 1
151 2
151 3
151 4
151 5
151 6
151 7
151 8
152 0
152 1
152 2
152 3
152 4
152 5
153 0
153 1
153 2
153 3
153 4
153 5
153 6
153 7
153 8
153 15
153 32
154 0
154 1
154 2
154 3
154 4
154 5
154 6
154 7
154 8
154 27
155 0
155 1
155 2
155 3
155 4
155 5
155 6
155 7
155 8
156 0
156 1
156 2
156 3
156 4
156 5
156 6
156 7
156 8
156 15
156 32
157 0
157 1
157 2
157 3
157 4
157 5
157 6
157 7
157 8
157 15
158 0
158 2
158 3
158 4
158 5
158 6
158 7
158 8
158 96
159 0
159 1
159 2
159 3
159 5
160 0
160 1
160 2
160 3
160 4
160 5
160 6
160 7
160 8
161 0
161 1
161 2
161 3
161 4
162 0
162 1
162 2
162 4
162 5
162 6
162 7
162 8
163 0
163 1
163 2
163 3
163 4
163 5
163 6
163 7
163 8
163 27
164 0
164 1
164 2
164 3
164 4
164 5
164 6
164 7
164 8
165 0
165 1
165 2
165 3
165 4
165 5
165 6
165 8
166 0
166 1
166 2
166 3
166 4
166 5
166 6
166 7
166 8
167 0
167 1
167 2
167 3
167 4
167 5
167 6
167 7
167 8
167 15
168 0
168 1
168 2
168 3
168 4
168 5
169 0
169 1
169 2
169 3
169 4
169 5
169 6
169 7
169 8
170 0
170 1
170 2
170 3
170 4
170 5
170 6
170 7
170 8
171 0
171 1
171 3
171 4
171 5
171 6
171 7
171 15
171 32
171 153
172 0
172 1
172 2
172 4
172 5
172 6
172 7
172 8
173 0
173 1
173 3
173 4
173 5
173 6
173 7
174 0
174 1
174 2
174 4
174 5
174 6
174 7
174 8
175 0
175 1
175 2
175 3
175 4
175 5
175 6
175 7
175 8
176 0
176 1
176 2
176 3
176 4
176 5
176 6
176 7
176 8
177 0
177 1
177 2
177 3
177 4
177 5
177 6
177 7
177 8
178 0
178 1
178 2
178 3
178 4
178 5
178 6
178 7
178 8
179 0
179 1
179 3
179 4
179 5
179 6
179 7
179 8
179 41
180 0
180 1
180 2
180 3
180 4
180 6
180 7
180 8
181 0
181 1
181 2
181 4
181 5
181 6
181 7
181 8
182 0
182 1
182 2
182 3
182 4
182 5
182 6
182 7
182 8
183 0
183 1
183 3
183 4
183 5
183 6
183 7
183 8
184 0
184 1
184 2
184 3
184 4
185 0
185 2
185 3
185 4
185 5
185 6
185 7
185 8
186 0
186 1
186 2
186 3
186 4
186 5
187 0
187 1
187 2
187 3
187 4
187 5
187 6
187 7
187 8
188 0
188 1
188 2
188 3
188 4
188 5
188 6
188 7
188 8
189 0
189 1
189 2
189 3
189 4
189 5
189 6
189 7
189 8
190 1
190 2
190 3
190 4
190 5
190 6
191 0
191 1
191 2
191 3
191 4
191 5
192 0
192 1
192 2
192 4
192 5
192 6
192 7
192 8
193 0
193 1
193 2
193 3
193 4
193 5
193 6
193 7
193 8
194 0
194 1
194 3
194 4
194 5
194 6
194 7
194 8
195 0
195 1
195 2
195 3
195 5
195 6
195 7
195 8
196 1
196 2
196 3
196 4
196 5
196 6
197 0
197 1
197 2
197 3
197 4
197 5
197 6
197 7
197 8
197 15
197 32
198 0
198 1
198 2
198 3
198 4
198 5
198 6
198 7
198 8
199 0
199 1
199 2
199 4
199 5
199 6
199 7
199 8
199 15
199 32
199 197
200 0
200 1
200 2
200 3
200 4
200 5
200 6
200 7
200 8
201 0
201 1
201 2
201 3
201 4
201 5
201 6
201 7
201 8
202 0
202 1
202 2
202 3
202 4
202 5
202 6
202 7
202 8
203 0
203 1
203 2
203 3
203 4
203 5
203 6
203 7
203 8
204 0
204 1
204 2
204 4
204 5
204 6
204 7
204 8
204 15
205 0
205 1
205 2
205 3
205 4
205 5
205 6
205 7
205 8
206 0
206 1
206 2
206 3
206 4
206 5
206 6
206 7
206 8
206 15
207 0
207 1
207 3
207 4
207 5
207 6
207 7
207 8
208 0
208 1
208 2
208 3
208 5
208 6
208 7
208 8
209 0
209 1
209 3
209 4
209 5
209 7
209 8
210 0
210 1
210 2
210 3
210 4
210 5
210 6
210 7
210 8
210 15
210 32
211 0
211 1
211 3
211 4
211 5
211 6
211 7
211 8
212 0
212 1
212 2
212 3
212 4
212 5
212 6
212 7
212 8
213 0
213 1
213 3
213 4
214 0
214 1
214 2
214 4
214 5
214 6
214 7
214 8
215 0
215 2
215 3
215 4
215 5
215 6
215 7
215 8
215 15
215 32
216 0
216 1
216 2
216 3
216 4
216 6
216 7
217 0
217 1
217 2
217 3
217 4
217 5
217 6
217 7
217 8
217 100
218 0
218 1
218 2
218 3
218 4
218 5
219 0
219 1
219 2
219 3
219 4
219 5
219 6
219 7
219 8
220 0
220 1
220 2
220 3
220 4
220 5
220 6
220 7
221 0
221 1
221 2
221 3
221 4
221 5
221 6
221 7
221 8
222 0
222 1
222 2
222 4
222 5
222 6
222 7
222 8
222 15
222 32
222 197
223 0
223 1
223 2
223 4
223 5
223 6
223 7
223 8
224 0
224 1
224 2
224 3
224 4
224 5
224 6
224 7
224 8
225 0
225 1
225 2
225 3
225 5
225 6
225 7
225 8
225 75
226 0
226 1
226 2
226 3
226 4
226 5
226 6
226 7
226 8
227 0
227 1
227 2
227 3
227 4
227 5
227 6
227 7
227 8
228 0
228 1
228 2
228 3
228 4
228 5
228 6
228 7
228 8
229 0
229 1
229 2
229 3
229 4
229 5
230 0
230 1
230 3
230 4
230 5
230 7
230 8
231 0
231 1
231 2
231 3
231 4
232 0
232 1
232 2
232 4
232 6
232 7
232 8
233 0
233 1
233 2
233 3
233 4
233 5
233 6
233 7
234 0
234 1
234 3
234 4
234 5
234 6
234 7
234 8
235 0
235 1
235 2
235 3
235 4
235 5
235 6
235 7
235 15
236 0
236 1
236 2
236 3
236 4
236 5
236 6
236 7
236 8
236 12
237 0
237 1
237 2
237 3
237 4
238 0
238 1
238 2
238 3
238 4
238 5
238 6
238 7
238 8
239 0
239 1
239 2
239 4
239 5
239 6
239 7
239 8
240 0
240 1
240 2
240 3
240 4
240 5
240 6
240 7
240 8
241 2
241 3
241 5
241 6
241 7
242 0
242 1
242 2
242 3
242 4
242 5
242 6
242 7
242 8
242 15
242 32
243 0
243 1
243 2
243 3
243 4
243 5
243 6
243 7
243 8
244 0
244 2
244 3
244 4
244 5
244 6
244 7
245 0
245 1
245 2
245 3
245 4
245 5
245 6
245 7
246 0
246 1
246 2
246 3
246 4
246 5
246 6
246 7
246 8
246 15
246 32
247 1
247 2
247 3
247 4
248 0
248 1
248 2
248 3
248 4
248 5
248 6
248 8
249 0
249 1
249 2
249 3
249 4
249 5
249 6
249 7
250 0
250 1
250 2
250 3
250 4
250 5
250 6
250 7
250 8
251 0
251 1
251 2
251 3
251 4
252 0
252 1
252 2
252 3
252 4
252 5
252 6
252 7
252 8
253 0
253 1
253 2
253 3
253 4
253 5
253 6
253 7
253 8
254 0
254 1
254 2
254 3
254 4
254 5
254 6
254 7
254 8
254 27
255 0
255 1
255 2
255 3
255 4
255 5
255 6
255 7
255 8
256 0
256 1
256 2
256 3
256 4
256 5
256 6
256 7
256 8
257 0
257 1
257 2
257 3
257 4
257 5
257 6
257 7
257 8
258 0
258 1
258 3
258 4
258 5
258 6
258 7
258 8
258 39
259 0
259 1
259 3
259 4
259 5
259 6
259 7
260 0
260 1
260 2
260 3
260 4
260 5
260 6
260 7
260 8
261 0
261 1
261 2
261 3
261 4
261 5
261 6
261 7
261 8
261 15
262 0
262 1
262 2
262 3
262 4
262 5
262 6
262 7
262 8
263 0
263 1
263 3
263 4
263 5
263 6
263 7
263 8
263 44
264 0
264 1
264 2
264 3
264 4
264 5
264 6
264 7
264 8
264 255
265 0
265 1
265 3
265 4
265 5
265 6
265 7
265 8
266 0
266 1
266 2
266 3
266 4
266 5
266 6
266 7
266 8
267 0
267 1
267 2
267 3
267 4
267 5
267 6
267 7
267 8
267 27
268 0
268 1
268 2
268 3
268 69
269 0
269 1
269 2
269 3
269 4
269 5
269 6
269 7
269 8
270 1
270 2
270 3
270 4
271 0
271 1
271 2
271 3
271 4
271 5
271 6
271 7
271 8
271 43
272 0
272 1
272 2
272 3
272 4
272 5
272 6
272 7
272 8
272 100
273 0
273 1
273 3
273 4
274 0
274 1
274 2
274 3
274 4
274 5
274 6
274 7
274 8
275 0
275 1
275 2
275 3
275 4
275 5
275 6
275 7
276 0
276 1
276 2
276 3
276 4
276 5
276 6
276 7
276 8
276 17
277 0
277 2
277 3
277 4
277 5
277 6
277 7
277 8
277 185
278 0
278 1
278 2
278 3
278 4
278 5
278 6
278 7
278 8
279 0
279 1
279 2
279 3
279 4
279 5
279 6
279 7
279 8
280 0
280 1
280 3
280 4
280 5
280 6
280 7
280 8
280 58
281 0
281 1
281 4
281 5
281 6
281 7
281 8
281 58
282 0
282 1
282 2
282 3
282 4
282 5
282 6
282 7
282 8
282 43
283 0
283 1
283 2
283 3
283 4
283 5
283 6
283 7
283 8
284 0
284 1
284 2
284 3
285 2
285 4
285 5
285 6
285 7
285 8
285 15
285 61
286 0
286 1
286 2
286 3
286 4
286 5
286 6
286 7
286 8
287 0
287 1
287 2
287 3
287 4
287 5
287 6
287 7
287 8
288 1
288 2
288 3
288 4
288 5
288 6
288 7
288 8
289 0
289 2
289 3
289 4
289 5
289 6
289 7
289 8
290 0
290 1
290 2
290 3
290 4
290 6
290 7
290 8
290 180
291 0
291 1
291 2
291 3
291 4
291 5
291 6
291 7
292 0
292 1
292 2
292 3
292 4
292 5
292 6
292 7
292 8
292 27
293 0
293 1
293 2
293 3
293 4
293 5
293 6
294 0
294 1
294 2
294 4
294 5
294 6
294 7
294 8
295 0
295 1
295 2
295 3
295 4
295 5
295 6
295 7
295 8
296 0
296 1
296 3
296 6
296 7
296 8
297 0
297 1
297 2
297 3
297 4
297 5
297 6
297 7
297 8
297 15
298 1
298 2
298 3
298 4
299 0
299 1
299 2
299 3
299 4
299 5
299 6
299 7
299 8
300 0
300 1
300 2
300 4
301 0
301 1
301 2
301 3
301 4
301 5
301 6
301 7
301 8
301 15
302 0
302 1
302 2
302 3
302 4
302 5
302 6
302 7
302 8
303 0
303 1
303 2
303 3
303 4
303 5
303 6
303 7
304 0
304 1
304 2
304 3
304 4
304 5
304 6
304 7
304 8
305 0
305 1
305 2
305 3
305 4
305 5
305 6
305 7
305 8
305 136
306 0
306 1
306 2
306 3
306 4
306 5
306 6
306 7
306 8
307 1
307 2
307 3
307 4
308 0
308 1
308 2
308 3
308 4
308 5
308 6
308 7
308 8
309 0
309 1
309 2
309 3
309 4
309 5
309 6
309 7
309 8
310 0
310 1
310 2
310 3
310 4
310 5
310 6
310 8
311 0
311 1
311 2
311 3
311 4
311 5
311 6
311 7
311 8
312 0
312 1
312 2
312 3
312 4
312 5
312 6
312 7
312 8
313 0
313 1
313 2
313 3
313 4
313 6
313 7
314 0
314 1
314 3
314 4
314 6
314 7
314 8
315 2
315 3
315 5
315 6
315 7
316 0
316 3
316 4
316 5
316 6
316 7
316 8
317 0
317 1
317 2
317 4
317 5
317 6
317 7
317 8
318 0
318 1
318 2
318 3
318 4
319 0
319 1
319 2
319 3
319 4
319 5
319 6
319 7
319 8
319 15
319 206
320 0
320 2
320 3
320 4
320 5
320 6
320 7
320 8
321 0
321 1
321 2
321 3
321 4
321 31
322 0
322 1
322 2
322 3
322 4
322 5
323 0
323 1
323 2
323 3
323 4
323 5
323 6
323 7
323 8
324 0
324 1
324 3
324 4
324 5
324 6
324 7
324 8
325 0
325 1
325 2
325 3
325 4
325 5
325 6
325 8
326 1
326 2
326 4
327 0
327 1
327 2
327 3
327 4
327 5
327 6
327 7
327 8
328 0
328 1
328 2
328 3
328 4
328 5
328 6
328 7
328 8
329 0
329 1
329 2
329 3
329 4
329 5
329 6
329 7
330 0
330 1
330 2
330 4
330 5
330 6
330 7
330 8
331 0
331 1
331 2
331 3
331 4
331 5
331 7
331 8
332 0
332 1
332 2
332 3
332 4
332 5
332 6
332 7
332 8
333 0
333 1
333 2
333 3
333 4
333 5
333 6
333 7
333 8
333 15
334 1
334 2
334 4
334 5
334 6
334 7
334 8
334 15
334 61
335 0
335 1
335 2
335 3
335 4
335 5
335 6
335 8
336 1
336 2
336 4
336 5
336 7
336 8
336 61
337 0
337 1
337 2
337 3
337 4
337 5
337 6
337 7
337 8
338 0
338 1
338 2
338 3
338 4
338 5
338 6
338 7
338 8
339 0
339 1
339 2
339 3
339 4
339 5
339 6
339 7
339 8
339 12
340 0
340 1
340 2
340 3
340 4
340 5
340 6
340 7
340 8
340 15
340 32
341 0
341 1
341 2
341 3
341 4
341 5
341 6
341 7
341 8
342 0
342 2
342 3
342 4
342 5
342 6
342 7
343 1
343 2
343 3
343 4
343 270
344 0
344 1
344 2
344 3
344 4
344 5
344 6
344 7
344 8
345 0
345 1
345 2
345 4
345 5
345 6
345 7
345 8
345 223
346 0
346 1
346 2
346 3
346 4
346 5
346 7
346 8
347 1
347 2
347 4
347 5
347 6
347 7
347 8
347 15
347 61
348 0
348 1
348 2
348 3
348 4
348 7
348 8
349 0
349 1
349 2
349 3
349 4
349 5
349 6
349 7
349 8
350 1
350 2
350 3
350 4
350 5
350 6
351 0
351 1
351 2
351 4
351 5
351 6
351 7
351 8
352 0
352 1
352 2
352 3
352 4
353 0
353 1
353 2
353 3
353 4
353 47
354 1
354 2
354 3
354 4
355 0
355 1
355 2
355 3
355 4
355 5
355 6
355 7
356 0
356 1
356 3
356 4
356 5
356 6
356 7
356 8
357 0
357 1
357 2
357 3
357 4
357 5
357 6
357 7
357 8
358 0
358 1
358 2
358 3
358 4
358 5
358 6
358 7
358 8
358 27
359 0
359 1
359 2
359 3
359 4
359 6
359 7
359 8
360 0
360 1
360 3
360 4
361 0
361 2
361 3
361 4
361 5
362 0
362 1
362 2
362 3
362 6
362 7
362 8
363 0
363 1
363 3
363 4
363 5
363 6
363 7
363 8
364 0
364 2
364 3
365 0
365 1
365 2
365 3
365 4
365 5
365 6
365 7
365 8
366 0
366 1
366 2
366 4
367 0
367 1
367 2
367 3
367 4
367 5
367 6
367 7
367 8
367 15
367 32
368 0
368 1
368 2
368 3
368 4
368 5
368 6
368 7
368 8
368 43
369 0
369 1
369 2
369 3
369 4
369 5
369 6
369 7
369 8
369 15
369 32
369 149
370 0
370 1
370 2
370 3
370 4
370 5
370 6
370 7
370 8
370 349
371 0
371 1
371 4
371 5
371 6
371 7
371 8
371 58
372 0
372 1
372 2
372 3
372 4
372 5
372 6
372 7
372 8
373 0
373 2
373 3
373 4
373 5
373 6
373 7
373 8
374 0
374 1
374 2
374 3
374 4
375 0
375 1
375 3
375 4
375 5
375 6
375 7
375 8
376 0
376 1
376 2
376 3
376 4
376 5
376 6
376 7
376 8
377 0
377 1
377 2
377 3
377 4
378 0
378 1
378 2
378 3
378 4
378 5
378 7
378 8
378 27
379 0
379 2
379 3
379 4
379 5
379 6
379 7
379 8
380 0
380 1
380 2
380 3
380 4
380 5
380 6
380 7
380 8
380 15
380 32
381 0
381 1
381 2
381 3
381 4
381 5
381 6
381 7
381 8
381 32
382 0
382 1
382 2
382 3
382 5
382 6
382 7
382 8
383 0
383 1
383 3
383 4
384 0
384 1
384 2
384 3
384 4
384 5
384 6
384 7
384 8
385 0
385 1
385 2
385 3
385 4
385 5
385 6
385 7
385 8
385 338
386 0
386 1
386 2
386 3
386 4
386 5
386 6
386 7
386 8
387 0
387 1
387 2
387 3
387 4
387 5
387 6
387 7
388 0
388 1
388 2
388 3
388 4
388 5
388 7
388 8
389 0
389 1
389 2
389 3
389 4
389 5
389 6
389 8
390 0
390 1
390 2
390 3
390 4
390 5
391 0
391 1
391 2
391 3
391 4
391 5
391 6
391 7
391 8
392 0
392 1
392 2
392 3
392 4
392 5
392 6
392 7
392 8
392 43
393 0
393 1
393 2
393 3
393 4
393 5
393 6
394 0
394 2
394 3
394 4
394 5
394 6
394 7
395 0
395 1
395 3
395 4
395 5
395 7
395 8
396 2
396 3
396 5
396 6
396 7
396 241
397 0
397 1
397 2
397 3
397 4
398 0
398 1
398 2
398 3
398 4
398 5
398 6
398 7
398 8
398 15
399 0
399 1
399 2
399 4
399 5
399 6
399 7
399 8
399 15
400 0
400 1
400 2
400 4
400 5
400 6
400 7
400 8
400 15
400 32
401 0
401 1
401 2
401 3
401 5
401 6
401 7
401 8
402 0
402 1
402 3
402 4
402 5
402 6
402 7
402 8
403 0
403 1
403 2
403 3
403 4
403 5
403 6
403 7
403 8
404 2
404 4
404 5
404 6
404 7
404 8
404 15
404 61
405 0
405 1
405 2
405 3
405 4
405 5
405 6
405 7
405 8
405 100
406 0
406 2
406 3
406 4
406 5
406 6
406 7
407 0
407 1
407 2
407 3
407 4
407 5
407 6
407 7
407 8
407 15
407 32
408 0
408 1
408 2
408 3
408 4
408 5
408 6
408 7
408 8
409 0
409 1
409 2
409 3
409 4
409 6
409 8
410 1
410 3
410 4
410 5
410 6
410 7
410 8
410 44
411 0
411 1
411 2
411 3
411 4
411 5
411 6
412 0
412 1
412 2
412 3
412 4
412 5
412 6
412 7
413 0
413 1
413 2
413 3
413 4
413 5
413 6
413 7
413 8
413 15
413 32
414 0
414 1
414 2
414 3
414 4
414 5
414 6
414 7
414 8
415 0
415 1
415 2
415 3
415 4
415 5
415 6
415 7
415 8
416 0
416 1
416 2
416 4
416 5
416 6
416 7
416 8
416 15
417 0
417 1
417 2
417 3
417 4
417 5
417 6
417 7
417 8
418 1
418 3
418 4
418 5
418 6
419 0
419 1
419 2
419 3
419 4
419 5
419 6
419 7
419 8
420 0
420 1
420 2
420 3
420 4
420 161
421 0
421 1
421 2
421 3
421 4
421 5
421 6
421 7
421 15
421 32
421 149
422 0
422 1
422 2
422 3
422 4
422 5
422 6
422 7
423 0
423 1
423 2
423 3
423 4
423 6
423 7
423 8
424 1
424 2
424 3
424 4
424 6
424 7
424 8
425 0
425 1
425 2
425 3
425 4
425 31
426 0
426 1
426 2
426 3
426 4
426 5
426 6
426 7
426 8
426 15
426 32
427 0
427 1
427 2
427 3
427 4
427 5
427 6
427 7
427 8
427 15
427 32
428 0
428 1
428 2
428 3
428 4
428 5
428 6
428 7
428 8
429 1
429 3
429 4
429 5
429 6
429 7
429 8
429 44
430 0
430 1
430 3
430 4
430 5
430 6
430 7
430 8
431 1
431 2
431 3
431 4
431 6
432 0
432 1
432 2
432 3
432 4
432 5
432 6
432 7
432 8
432 15
432 32
433 0
433 1
433 2
433 3
433 4
434 0
434 1
434 2
434 3
434 4
434 5
434 6
434 7
434 8
434 15
435 0
435 1
435 2
435 3
435 4
435 5
435 6
435 7
435 8
436 0
436 1
436 2
436 4
436 5
436 6
436 7
436 8
436 15
436 399
437 0
437 1
437 2
437 3
437 4
437 5
437 6
437 8
438 0
438 1
438 2
438 3
438 4
438 5
438 6
438 7
438 8
439 0
439 1
439 2
439 3
439 4
439 5
439 6
439 7
439 93
440 0
440 1
440 2
440 3
440 4
440 5
440 6
440 7
440 8
441 0
441 1
441 2
441 3
441 4
441 5
441 6
441 7
441 8
441 15
442 0
442 1
442 2
442 3
442 4
442 5
442 6
442 7
442 8
443 0
443 1
443 2
443 3
443 4
443 5
443 6
443 7
443 8
444 0
444 1
444 2
444 3
444 4
444 5
444 6
444 7
444 8
444 338
445 0
445 1
445 2
445 3
445 4
445 5
445 6
445 7
445 8
446 0
446 1
446 2
446 3
446 4
446 7
446 8
447 0
447 1
447 2
447 3
447 4
447 5
447 6
447 7
447 8
447 15
448 0
448 1
448 2
448 3
448 4
448 5
448 6
448 7
448 8
449 0
449 2
449 3
449 4
449 5
449 6
449 7
449 8
450 0
450 1
450 2
450 3
450 4
450 5
450 7
450 8
451 0
451 1
451 2
451 3
451 4
451 6
451 7
452 1
452 3
452 4
452 5
452 6
453 0
453 1
453 2
453 3
453 4
453 5
453 6
453 7
453 8
454 1
454 2
454 4
454 5
454 6
454 7
454 8
454 15
455 0
455 1
455 2
455 3
455 4
455 5
455 6
455 7
455 8
456 0
456 1
456 2
456 3
456 4
456 5
456 6
457 0
457 1
457 2
457 3
457 4
457 5
457 6
457 7
457 8
458 0
458 1
458 2
458 3
458 4
458 5
458 6
458 8
459 0
459 1
459 2
459 3
459 4
459 5
459 6
459 7
459 8
459 15
459 32
460 1
460 2
460 4
460 5
460 6
460 7
460 8
460 15
461 0
461 1
461 2
461 3
461 4
461 5
461 6
461 7
461 8
462 0
462 1
462 2
462 3
462 4
462 5
462 6
462 7
463 0
463 1
463 2
463 3
463 4
463 5
463 6
463 7
463 8
464 2
464 4
464 5
464 6
464 7
464 8
464 15
464 61
465 0
465 1
465 2
465 3
465 4
465 5
465 6
465 7
465 8
465 15
465 32
465 413
466 0
466 1
466 2
466 3
466 4
466 5
466 6
466 7
466 8
467 1
467 4
467 5
467 7
467 8
467 61
468 0
468 1
468 2
468 3
468 4
469 0
469 1
469 3
469 4
470 0
470 1
470 2
470 3
470 4
470 5
470 6
470 7
470 8
471 0
471 1
471 2
471 3
471 4
471 5
471 6
471 7
471 8
471 15
471 32
472 0
472 1
472 2
472 3
472 4
472 6
472 7
472 8
472 15
473 0
473 1
473 2
473 4
473 5
473 6
473 7
473 8
474 0
474 1
474 2
474 3
474 4
474 5
474 6
474 7
474 8
475 0
475 1
475 2
475 3
475 4
475 5
475 7
475 8
476 1
476 2
476 4
476 5
476 7
476 8
476 61
476 133
477 0
477 1
477 2
477 3
477 4
477 5
478 0
478 1
478 2
478 3
478 4
478 5
478 6
478 7
478 8
479 0
479 1
479 2
479 3
479 4
479 5
479 6
479 7
479 8
480 0
480 1
480 2
480 3
480 4
480 5
480 6
480 7
480 8
481 0
481 1
481 2
481 3
481 4
481 5
481 6
481 7
481 8
482 0
482 2
482 3
482 4
482 5
482 6
482 7
482 8
483 0
483 1
483 2
483 3
483 4
483 31
484 0
484 1
484 2
484 3
484 4
484 5
484 6
484 7
484 8
485 0
485 1
485 2
485 3
485 4
485 5
485 6
485 7
486 0
486 1
486 2
486 3
486 4
486 5
486 6
486 7
486 8
486 43
487 0
487 1
487 2
487 3
487 4
487 5
487 6
487 7
487 8
488 0
488 1
488 2
488 3
488 4
488 5
488 6
488 7
488 8
489 0
489 1
489 2
489 3
489 4
489 5
489 6
489 7
489 8
489 338
490 1
490 2
490 3
490 4
490 5
490 6
490 7
490 8
491 0
491 1
491 2
491 3
491 4
491 5
491 6
491 7
491 8
491 15
491 32
492 0
492 1
492 2
492 3
492 4
492 5
492 6
492 8
493 0
493 1
493 2
493 3
493 4
493 5
493 6
493 7
493 8
493 15
493 32
494 0
494 1
494 2
494 3
494 4
494 5
494 6
494 7
494 8
495 0
495 1
495 2
495 3
495 4
496 0
496 1
496 2
496 3
496 4
496 5
497 0
497 1
497 2
497 3
497 4
497 5
497 6
497 7
497 8
497 15
498 0
498 1
498 2
498 3
498 4
498 5
498 6
498 15
498 32
499 1
499 3
499 4
499 5
499 6
500 0
500 1
500 2
500 4
500 5
500 6
500 7
500 8
501 0
501 1
501 2
501 3
501 4
501 5
501 6
501 7
501 8
502 0
502 1
502 2
502 3
502 4
502 5
502 6
502 7
502 8
502 15
503 0
503 1
503 2
503 3
503 4
503 5
503 6
503 7
503 8
504 0
504 2
504 3
504 4
504 5
504 6
504 7
504 8
504 193
505 0
505 1
505 2
505 3
505 4
505 5
505 6
505 7
505 8
506 1
506 2
506 3
506 4
507 0
507 1
507 2
507 3
507 4
507 5
507 6
507 7
507 8
508 0
508 1
508 2
508 3
508 4
508 420
509 0
509 1
509 2
509 3
509 4
509 5
509 6
509 7
509 8
510 0
510 1
510 3
510 4
510 5
510 6
510 7
510 8
510 41
511 0
511 1
511 2
511 4
511 5
511 6
511 7
511 8
512 0
512 1
512 2
512 3
512 4
512 5
512 6
512 7
513 0
513 1
513 2
513 3
513 4
513 5
514 0
514 1
514 2
514 3
514 4
515 0
515 1
515 4
515 5
515 6
515 7
515 8
515 58
516 0
516 1
516 2
516 3
516 4
516 5
516 7
516 8
516 15
517 0
517 1
517 2
517 3
517 4
517 5
517 6
517 7
517 8
518 0
518 2
518 3
518 4
518 31
518 138
519 0
519 1
519 2
519 3
519 4
519 5
519 6
519 7
519 8
520 1
520 2
520 3
520 4
521 0
521 1
521 2
521 3
521 4
521 5
521 6
521 7
521 8
521 15
522 0
522 1
522 2
522 3
522 4
522 5
522 6
522 7
523 0
523 1
523 2
523 3
523 4
523 5
523 6
523 7
523 8
523 27
524 0
524 1
524 2
524 3
524 4
524 5
524 6
524 7
524 8
524 15
524 32
525 0
525 1
525 2
525 3
525 4
525 5
525 6
525 7
525 8
525 376
526 0
526 1
526 2
526 3
526 4
526 6
526 7
527 1
527 2
527 5
527 6
527 7
527 8
527 15
527 61
528 0
528 1
528 2
528 3
528 4
528 5
528 6
528 7
528 8
529 0
529 1
529 3
529 4
529 5
529 6
529 7
529 8
530 0
530 1
530 2
530 3
530 4
530 5
530 6
530 7
530 8
530 349
531 0
531 1
531 2
531 3
531 5
531 6
531 7
531 8
531 206
532 0
532 1
532 3
532 4
532 5
532 6
532 7
532 8
533 0
533 1
533 2
533 3
533 4
533 5
533 6
533 7
533 8
534 0
534 1
534 2
534 3
534 4
534 5
534 6
534 7
534 8
535 0
535 1
535 2
535 3
535 4
535 5
535 6
535 7
535 8
536 0
536 1
536 2
536 3
536 4
536 5
536 6
537 0
537 1
537 2
537 3
537 4
537 5
537 6
537 7
537 8
538 0
538 1
538 2
538 3
538 4
538 5
538 6
538 7
538 8
539 0
539 2
539 3
539 4
539 5
539 6
539 7
539 8
539 96
539 158
540 0
540 1
540 2
540 3
540 4
540 5
540 6
540 7
540 8
540 338
541 0
541 1
541 2
541 4
541 5
541 6
541 7
541 8
541 255
542 0
542 1
542 3
542 4
542 5
542 6
542 7
542 8
543 0
543 1
543 2
543 4
543 6
543 7
543 8
544 0
544 1
544 2
544 3
544 4
544 5
544 6
544 7
544 8
545 0
545 1
545 2
545 3
545 5
545 6
545 7
545 8
546 0
546 1
546 2
546 3
546 4
546 5
546 7
546 8
547 0
547 1
547 2
547 3
547 4
547 5
547 6
547 7
547 8
548 0
548 1
548 3
548 4
548 5
548 6
548 7
548 8
549 0
549 1
549 2
549 3
549 4
549 5
549 6
549 7
549 8
550 0
550 1
550 2
550 3
550 4
550 5
550 6
550 7
550 8
551 0
551 1
551 2
551 3
551 4
551 5
551 6
551 7
551 8
552 0
552 1
552 3
552 4
552 5
552 6
552 7
552 8
552 15
552 32
553 0
553 1
553 2
553 3
553 4
553 5
553 6
553 7
553 8
554 2
554 3
554 5
554 6
554 7
555 0
555 1
555 3
555 4
555 5
555 6
555 7
555 8
556 0
556 1
556 2
556 3
556 4
557 0
557 1
557 2
557 4
557 5
557 6
557 7
557 8
558 0
558 1
558 2
558 3
558 4
558 5
558 6
559 0
559 1
559 3
559 4
559 5
559 6
559 7
559 8
560 0
560 1
560 2
560 3
560 4
560 5
560 6
560 7
560 8
560 15
560 32
561 0
561 1
561 2
561 3
561 4
561 5
561 6
561 8
562 0
562 1
562 2
562 3
562 4
562 5
562 6
562 8
563 0
563 1
563 2
563 3
563 4
563 5
563 6
563 7
563 8
563 15
563 32
564 0
564 1
564 2
564 4
564 300
565 0
565 1
565 2
565 3
565 4
565 5
565 6
565 7
565 8
565 100
566 0
566 1
566 2
566 3
566 4
566 5
566 6
566 7
566 8
566 80
567 0
567 1
567 2
567 3
567 4
567 5
567 6
567 7
567 8
568 0
568 1
568 2
568 3
568 4
568 161
569 0
569 1
569 2
569 3
569 4
569 5
569 6
569 7
569 8
570 1
570 2
570 3
570 4
570 5
570 6
570 7
570 8
571 0
571 1
571 3
571 4
571 5
571 6
571 7
571 8
572 0
572 1
572 2
572 3
572 4
572 5
572 6
572 8
573 0
573 1
573 2
573 3
573 4
573 5
573 6
573 7
573 8
573 15
574 0
574 1
574 3
574 4
574 5
574 6
574 7
574 8
574 44
575 0
575 1
575 3
575 4
575 5
575 6
575 7
575 8
575 44
576 0
576 1
576 2
576 3
576 4
576 31
577 0
577 1
577 2
577 3
577 4
577 5
577 6
577 7
577 8
578 0
578 1
578 2
578 4
578 5
578 6
578 7
578 8
579 1
579 2
579 3
579 4
579 5
579 6
579 8
580 0
580 1
580 2
580 3
580 4
580 6
580 7
580 8
581 1
581 3
581 4
581 5
581 6
581 7
581 8
581 58
582 0
582 1
582 2
582 3
582 4
583 0
583 1
583 2
583 3
583 4
583 5
583 6
583 7
583 8
584 0
584 2
584 3
584 4
585 0
585 1
585 2
585 3
585 4
585 5
585 6
585 7
585 8
586 0
586 1
586 2
586 4
586 5
586 6
586 7
586 8
587 0
587 1
587 2
587 3
587 4
587 5
587 6
587 7
587 8
587 15
587 32
588 0
588 1
588 2
588 3
588 4
588 5
589 0
589 1
589 2
589 3
589 4
589 5
589 6
589 7
589 8
590 0
590 1
590 2
590 4
590 5
590 6
590 7
590 8
591 0
591 1
591 3
591 4
591 6
591 7
591 8
591 122
592 0
592 1
592 2
592 3
592 4
592 5
592 6
592 7
592 8
593 0
593 1
593 2
593 4
593 6
593 7
593 8
594 0
594 1
594 2
594 3
594 4
594 5
594 6
594 7
594 8
594 27
595 0
595 1
595 2
595 3
595 4
595 5
595 6
595 7
595 8
596 2
596 4
596 5
596 6
596 7
596 8
596 15
596 61
597 0
597 3
597 4
597 5
597 6
597 7
597 8
598 1
598 2
598 3
598 4
599 0
599 1
599 2
600 0
600 1
600 2
600 3
600 4
601 0
601 1
601 2
601 4
601 5
601 6
601 7
601 8
602 0
602 1
602 2
602 3
602 4
602 5
602 6
602 7
602 8
603 0
603 1
603 2
603 3
603 4
603 5
604 1
604 2
604 3
604 4
604 5
604 6
604 8
605 0
605 1
605 2
605 3
605 5
605 6
605 7
605 8
605 287
606 0
606 2
606 3
606 4
606 5
606 6
606 7
606 8
606 136
607 0
607 1
607 2
607 4
607 5
607 6
607 7
607 8
608 0
608 1
608 2
608 3
608 4
608 5
608 6
608 7
609 0
609 1
609 3
609 4
609 5
609 6
609 7
609 15
609 32
609 153
609 171
610 0
610 1
610 2
610 4
610 5
610 6
610 7
610 8
610 15
611 0
611 1
611 2
611 3
611 4
611 5
611 6
611 7
611 8
612 0
612 1
612 3
612 4
612 5
612 6
612 7
612 8
613 0
613 1
613 2
613 3
613 4
613 5
613 6
613 7
613 8
614 1
614 3
614 4
614 5
614 6
614 7
615 0
615 1
615 2
615 3
615 4
615 5
615 6
615 7
616 0
616 1
616 2
616 3
616 4
616 5
616 6
616 7
616 8
617 0
617 1
617 2
617 3
617 4
617 5
617 6
617 7
617 8
618 0
618 1
618 2
618 3
618 4
618 5
618 6
618 7
618 8
619 0
619 1
619 2
619 3
619 5
620 0
620 1
620 2
620 3
620 4
620 5
620 6
620 7
620 8
621 0
621 1
621 2
621 3
621 4
621 5
621 6
621 7
621 8
622 0
622 2
622 4
622 5
622 6
622 7
622 8
623 0
623 1
623 2
623 3
623 4
623 5
623 6
623 7
623 8
623 155
624 0
624 1
624 2
624 3
624 4
625 0
625 1
625 2
625 3
625 4
625 5
625 6
625 7
625 8
625 27
626 0
626 1
626 2
626 3
626 4
626 5
626 6
626 7
626 8
627 0
627 1
627 2
627 3
628 0
628 2
628 3
628 4
628 5
628 6
628 7
628 8
628 15
628 32
628 215
629 0
629 1
629 2
629 3
629 4
629 5
629 6
629 7
629 8
629 15
629 32
629 367
630 0
630 1
630 2
630 3
631 0
631 1
631 2
631 3
631 4
631 31
631 576
632 0
632 1
632 3
632 4
632 5
632 6
632 7
632 8
633 0
633 1
633 2
633 3
633 4
634 0
634 1
634 2
634 3
634 4
634 5
634 6
634 7
634 8
634 32
634 413
635 0
635 3
635 4
635 5
635 6
635 7
635 8
636 0
636 1
636 2
636 3
636 4
636 5
636 6
636 7
636 8
637 0
637 1
637 2
637 3
637 4
637 5
637 6
637 7
637 8
638 0
638 1
638 2
638 3
638 4
638 5
638 6
638 7
638 8
639 0
639 1
639 2
639 3
639 4
639 5
639 6
639 7
639 8
639 595
640 0
640 1
640 2
640 3
640 4
640 5
640 6
640 7
640 8
640 80
641 0
641 1
641 3
641 4
641 5
641 6
641 7
641 8
642 0
642 1
642 2
642 3
642 4
642 5
642 6
642 7
642 8
642 80
643 0
643 1
643 2
643 3
643 4
643 6
643 7
643 8
643 15
644 0
644 1
644 2
644 3
644 4
644 5
644 6
644 7
644 8
645 0
645 1
645 2
645 3
645 4
645 5
645 6
645 7
645 8
645 15
646 0
646 1
646 2
646 3
646 4
646 5
646 6
646 7
646 8
647 0
647 1
647 2
647 3
647 4
647 5
647 6
647 7
647 332
648 0
648 1
648 3
648 4
648 5
648 6
648 7
648 8
648 41
649 0
649 1
649 2
649 3
649 4
650 0
650 2
650 3
650 4
650 5
650 6
650 7
651 0
651 1
651 2
651 3
651 4
651 5
651 6
651 7
651 8
651 15
652 0
652 1
652 3
652 4
652 5
652 6
652 7
652 8
653 0
653 1
653 4
653 5
653 6
653 7
653 8
653 58
654 0
654 1
654 2
654 3
654 4
654 5
654 6
654 7
654 93
655 0
655 1
655 2
655 3
655 4
655 5
655 6
655 7
656 0
656 1
656 3
656 4
656 5
656 6
656 7
656 8
656 211
657 0
657 1
657 3
657 4
657 5
657 6
657 7
657 8
657 41
658 0
658 1
658 3
658 4
658 5
658 6
658 7
658 8
659 0
659 1
659 2
659 3
659 4
659 5
659 6
659 7
659 8
660 0
660 2
660 3
660 4
660 6
660 7
660 8
661 0
661 1
661 2
661 3
661 4
661 5
661 6
661 7
661 8
661 15
661 32
662 0
662 1
662 2
662 3
662 4
662 5
662 6
662 7
662 8
663 0
663 1
663 3
663 4
663 5
663 6
663 7
663 15
663 32
663 153
663 171
664 0
664 1
664 2
664 3
664 4
664 5
664 6
664 7
664 8
665 0
665 1
665 2
665 4
665 5
665 6
665 7
665 8
666 0
666 1
666 3
666 5
666 6
666 8
667 0
667 1
667 2
667 3
667 4
667 5
667 6
667 7
667 8
668 0
668 1
668 2
668 3
668 4
668 5
668 6
668 7
668 8
668 338
669 0
669 1
669 2
669 3
669 4
669 5
669 6
669 7
669 8
670 0
670 1
670 3
670 4
670 6
670 7
670 8
671 1
671 2
671 5
671 6
671 7
671 8
671 15
671 61
672 0
672 1
672 2
672 3
672 4
672 5
672 6
672 7
672 8
673 0
673 1
673 2
673 3
673 4
673 5
673 6
673 7
673 8
673 15
673 32
674 0
674 1
674 2
674 3
674 4
674 5
674 6
674 7
674 8
675 1
675 2
675 3
675 4
676 0
676 1
676 2
676 3
676 4
676 5
676 7
676 8
677 0
677 1
677 2
677 3
677 4
678 0
678 1
678 2
678 4
678 5
678 6
678 7
678 8
679 0
679 1
679 2
679 3
679 4
679 5
679 7
679 8
680 0
680 1
680 2
680 3
680 4
680 6
680 7
680 8
680 15
681 0
681 1
681 2
681 3
681 4
681 5
681 6
681 7
681 8
682 0
682 1
682 3
682 4
682 5
682 6
682 8
683 0
683 1
683 3
683 4
683 5
683 6
683 7
683 8
684 0
684 1
684 2
684 3
684 4
684 5
684 6
684 7
684 8
685 0
685 1
685 2
685 3
685 4
685 5
685 6
685 7
685 8
686 0
686 1
686 2
686 3
686 4
686 5
686 6
686 7
686 8
687 0
687 1
687 2
687 3
687 4
687 5
687 6
687 7
687 8
687 376
688 0
688 1
688 2
688 3
688 4
689 0
689 1
689 2
689 3
689 4
689 5
689 6
689 7
689 8
689 15
690 0
690 1
690 2
690 3
690 4
690 5
690 6
690 7
691 1
691 2
691 3
691 4
691 5
691 6
691 55
692 0
692 1
692 2
692 3
692 4
692 5
692 6
692 7
692 8
693 0
693 1
693 2
693 3
693 4
693 5
693 6
693 7
693 8
693 27
693 267
694 0
694 2
694 4
694 5
694 6
694 7
694 8
694 185
695 0
695 1
695 2
695 3
695 4
695 5
695 6
695 7
695 8
695 15
696 0
696 1
696 2
696 5
696 6
696 7
696 8
697 0
697 2
697 3
697 4
697 5
697 6
697 7
697 8
698 0
698 1
698 2
698 3
698 4
698 5
698 6
698 7
698 8
699 0
699 1
699 2
699 3
699 4
699 5
699 6
699 7
699 8
700 0
700 1
700 2
700 3
700 4
701 0
701 1
701 2
701 3
701 4
701 5
701 6
701 7
701 8
702 0
702 1
702 2
702 3
702 4
702 5
702 6
702 7
702 8
703 0
703 1
703 2
703 3
703 4
704 0
704 1
704 2
704 3
704 4
704 31
705 0
705 1
705 3
705 4
705 5
705 7
705 8
706 0
706 1
706 2
706 3
706 4
706 5
706 6
706 7
707 0
707 1
707 2
707 3
707 4
707 5
707 6
707 7
708 0
708 2
708 3
708 4
708 5
708 6
708 7
708 8
709 0
709 1
709 3
709 4
709 5
709 6
709 7
709 15
709 32
709 153
710 0
710 1
710 2
710 4
710 5
710 6
710 7
710 8
711 1
711 2
711 3
711 4
712 0
712 1
712 2
712 4
712 5
712 6
712 7
712 8
712 15
712 32
712 197
713 0
713 1
713 2
713 3
713 4
713 6
713 7
713 8
714 0
714 1
714 2
714 3
714 4
714 5
714 7
714 8
714 240
715 0
715 1
715 2
715 3
715 4
715 5
715 7
715 8
715 15
716 0
716 1
716 2
716 3
717 0
717 1
717 2
717 3
717 4
717 5
717 6
717 7
717 8
717 338
718 0
718 1
718 3
718 4
718 5
718 6
718 7
718 8
718 41
719 0
719 1
719 2
719 3
719 4
719 5
719 6
719 7
719 8
719 27
720 0
720 1
720 2
720 3
720 4
720 5
720 6
720 8
720 27
721 0
721 1
721 2
721 4
721 5
721 6
721 7
721 8
722 0
722 1
722 3
722 4
722 5
722 7
722 8
722 15
722 32
723 0
723 1
723 2
723 3
723 4
723 5
723 6
723 7
723 8
723 15
723 32
724 0
724 1
724 2
724 3
724 4
724 5
724 6
724 7
724 8
725 0
725 1
725 2
725 3
725 4
725 5
725 6
725 7
725 8
726 2
726 4
726 5
726 6
726 7
726 8
726 15
726 61
727 0
727 1
727 2
727 3
727 4
728 1
728 2
728 3
728 4
728 7
728 8
729 0
729 1
729 3
729 4
729 5
729 6
729 7
729 8
730 0
730 1
730 2
730 3
730 4
731 0
731 1
731 2
731 3
731 4
732 0
732 1
732 2
732 3
732 4
732 5
732 6
732 7
732 15
732 32
733 0
733 1
733 2
733 3
733 4
733 5
733 6
733 7
733 8
733 243
734 0
734 1
734 3
734 5
734 6
734 7
734 8
735 0
735 1
735 2
735 3
735 4
735 5
735 6
735 7
735 8
735 15
735 32
736 1
736 2
736 3
736 4
736 5
736 6
736 7
736 8
737 0
737 1
737 2
737 3
737 4
737 5
737 6
737 7
737 8
738 0
738 3
738 4
738 5
738 6
738 7
739 0
739 1
739 2
739 3
739 4
739 600
740 0
740 1
740 2
740 3
740 4
740 5
740 6
740 7
740 8
741 0
741 1
741 2
741 3
741 4
741 5
741 6
741 7
741 8
742 0
742 1
742 3
742 4
742 5
742 6
742 7
742 8
743 0
743 1
743 3
743 4
743 5
743 6
743 7
743 15
743 32
743 153
744 0
744 1
744 3
744 4
744 5
744 7
744 8
745 0
745 1
745 2
745 3
745 4
746 1
746 2
746 3
746 4
746 6
746 7
746 8
746 15
746 32
747 0
747 1
747 2
747 3
747 4
747 5
747 6
747 7
747 8
748 0
748 1
748 3
748 4
748 5
748 6
748 7
748 8
749 0
749 1
749 2
749 3
749 4
749 5
749 6
749 7
749 8
749 15
750 0
750 1
750 2
750 3
750 4
750 5
750 6
750 8
751 0
751 1
751 2
751 4
751 5
751 6
751 7
751 8
752 0
752 1
752 2
752 3
752 4
752 5
752 6
752 7
752 8
753 0
753 2
753 3
753 4
753 5
753 6
753 7
753 8
753 185
754 0
754 1
754 2
754 3
754 4
754 5
754 6
754 7
754 8
754 15
754 32
755 0
755 1
755 2
755 3
755 4
755 5
755 6
755 7
755 8
756 0
756 1
756 2
756 3
756 4
756 5
756 7
756 8
756 15
757 0
757 1
757 2
757 3
757 4
757 5
757 6
757 7
758 0
758 1
758 2
758 3
758 4
758 5
758 6
758 7
758 8
758 338
759 0
759 2
759 3
759 4
759 6
759 7
759 8
760 0
760 1
760 2
760 3
760 5
760 6
760 7
760 8
761 0
761 1
761 3
761 4
761 5
761 6
761 7
761 15
761 32
761 153
762 0
762 1
762 2
762 4
762 5
762 6
762 7
762 8
763 1
763 3
763 4
764 0
764 2
764 3
764 4
764 5
764 6
764 7
764 8
765 0
765 1
765 2
765 4
765 5
765 6
765 7
765 8
765 721
766 0
766 1
766 2
766 3
766 4
766 5
766 6
766 7
767 0
767 1
767 2
767 3
767 4
767 5
767 6
767 7
767 8
768 0
768 1
768 2
768 3
768 4
768 5
768 6
768 7
768 8
769 0
769 1
769 3
769 4
769 5
769 6
769 7
769 8
770 0
770 1
770 2
770 3
770 4
770 5
770 6
770 7
770 8
771 0
771 1
771 2
771 4
771 5
771 6
771 7
771 8
772 0
772 1
772 2
772 3
772 4
772 161
773 0
773 1
773 2
773 4
773 5
773 6
773 7
773 8
773 239
774 0
774 1
774 2
774 3
774 4
774 5
774 6
774 7
774 8
774 15
774 398
775 0
775 1
775 2
775 3
775 4
775 5
775 6
775 8
776 0
776 1
776 2
776 3
776 4
777 0
777 1
777 2
777 3
777 4
777 5
777 6
777 7
777 8
778 0
778 1
778 2
778 4
778 5
778 6
778 7
778 8
778 223
779 0
779 1
779 2
779 3
779 4
780 0
780 1
780 2
780 3
780 4
780 5
780 6
780 8
781 0
781 1
781 2
781 4
781 5
781 6
781 7
781 8
782 0
782 1
782 2
782 3
782 4
782 6
782 7
783 0
783 1
783 2
783 3
783 4
783 5
783 6
783 7
783 8
783 15
784 0
784 1
784 3
784 4
784 5
784 6
784 7
784 8
785 0
785 1
785 3
785 4
785 5
785 6
785 7
785 8
786 0
786 1
786 2
786 3
786 4
786 5
786 7
786 8
787 0
787 1
787 2
787 4
787 5
787 6
787 7
787 8
788 1
788 2
788 3
788 4
788 5
788 6
788 7
788 8
788 243
789 0
789 1
789 2
789 3
789 4
790 0
790 1
790 2
790 3
790 4
790 5
790 6
790 7
790 8
791 0
791 1
791 2
791 3
791 4
791 5
791 6
791 8
792 0
792 1
792 2
792 3
792 4
792 5
792 6
792 7
792 8
792 15
792 32
793 0
793 1
793 2
793 3
793 4
793 6
793 7
793 8
793 15
794 0
794 1
794 2
794 3
794 4
794 6
794 7
794 8
795 0
795 1
795 2
795 3
795 4
796 0
796 1
796 2
796 3
796 4
796 5
796 6
796 7
796 8
797 0
797 1
797 4
797 5
797 6
797 7
797 8
797 15
798 0
798 1
798 3
798 4
798 5
798 6
798 7
798 8
799 0
799 1
799 2
799 3
799 4
799 5
799 6
799 7
799 8
800 0
800 1
800 2
800 3
800 4
800 5
800 6
800 7
800 8
801 0
801 1
801 2
801 3
801 4
801 5
801 6
801 7
801 8
801 80
802 0
802 2
802 3
802 4
802 5
802 6
802 8
803 0
803 1
803 2
803 3
803 4
803 5
803 6
804 0
804 1
804 2
804 3
804 4
804 5
804 6
804 7
804 8
804 43
805 0
805 1
805 2
805 3
805 4
806 1
806 2
806 4
806 5
806 6
806 7
806 8
807 0
807 1
807 3
807 4
807 5
807 6
807 7
807 8
808 0
808 1
808 2
808 3
808 4
808 5
808 6
808 7
808 8
809 0
809 1
809 2
809 3
809 4
809 6
809 8
810 0
810 1
810 2
810 3
810 4
810 5
810 6
810 7
810 8
810 15
810 32
811 0
811 1
811 2
811 3
811 4
811 5
811 6
811 7
811 8
812 0
812 1
812 3
812 4
812 5
812 6
812 7
812 8
812 211
813 0
813 1
813 3
813 4
813 5
813 7
813 8
813 44
814 0
814 1
814 2
814 3
814 4
814 5
814 6
814 7
814 8
814 15
814 32
815 0
815 2
815 3
815 4
815 5
815 6
815 7
815 8
815 193
816 0
816 1
816 2
816 3
816 4
816 5
816 6
816 7
816 8
817 0
817 1
817 3
817 4
818 1
818 2
818 5
818 6
818 8
818 15
818 61
819 0
819 1
819 2
819 3
819 4
819 5
819 6
819 7
819 8
819 15
819 32
820 0
820 1
820 2
820 3
820 4
821 0
821 1
821 2
821 4
821 5
821 6
821 7
821 8
822 0
822 2
822 3
822 4
822 5
822 6
822 7
822 15
822 32
823 0
823 1
823 2
823 3
823 4
823 5
823 6
823 7
823 8
823 100
824 2
824 4
824 5
824 6
824 7
824 8
824 15
824 61
825 0
825 1
825 2
825 3
825 4
825 5
825 6
825 7
825 8
826 0
826 2
826 3
826 4
826 5
826 6
826 7
827 0
827 1
827 2
827 3
827 5
827 6
827 7
827 8
828 0
828 1
828 4
828 5
828 6
828 7
828 8
829 0
829 1
829 4
829 5
829 6
829 7
829 8
830 0
830 1
830 2
830 4
830 5
830 6
830 7
830 8
831 0
831 1
831 2
831 3
831 4
831 5
831 6
831 7
831 8
831 100
832 0
832 1
832 2
832 3
832 4
832 5
832 6
832 7
832 8
832 15
832 32
833 0
833 1
833 2
833 3
833 5
833 7
833 8
834 0
834 3
834 4
834 5
834 6
834 7
835 0
835 1
835 2
835 3
835 4
835 420
836 0
836 1
836 2
836 3
836 4
836 6
836 7
837 0
837 1
837 2
837 3
837 4
837 5
837 6
837 7
837 8
837 15
837 32
838 0
838 1
838 2
838 3
838 4
838 7
839 0
839 1
839 2
839 4
839 5
839 7
839 8
840 0
840 2
840 3
840 4
840 5
840 6
840 7
840 8
840 193
841 1
841 2
841 4
841 5
841 7
841 8
841 61
842 0
842 1
842 3
842 4
842 5
842 6
842 8
843 0
843 1
843 2
843 3
843 4
843 5
843 6
843 7
843 8
844 0
844 1
844 2
844 3
844 4
845 0
845 1
845 2
845 3
845 4
845 5
845 6
845 8
846 0
846 1
846 2
846 4
846 5
846 6
846 7
846 8
847 0
847 1
847 2
847 3
847 4
847 5
847 6
847 7
847 8
847 12
848 0
848 1
848 3
848 4
848 5
848 6
848 7
848 8
849 0
849 1
849 2
849 4
849 5
849 6
849 7
849 8
850 0
850 1
850 2
850 3
850 4
850 5
850 8
851 0
851 1
851 2
851 3
851 4
851 5
851 6
851 7
852 0
852 1
852 2
852 3
852 4
852 5
852 6
852 7
852 8
853 0
853 1
853 2
853 3
853 4
853 5
853 6
853 7
853 8
854 0
854 1
854 3
854 4
854 5
854 6
854 8
855 0
855 1
855 2
855 3
855 4
855 5
855 6
855 7
855 8
855 15
855 32
856 0
856 1
856 2
856 3
856 4
856 5
856 6
856 7
856 8
857 0
857 1
857 3
857 4
857 5
857 6
857 7
857 8
858 0
858 1
858 2
858 3
858 4
858 5
858 6
858 7
858 100
859 1
859 2
859 3
859 4
859 5
859 6
859 55
860 0
860 1
860 2
860 4
860 6
860 7
860 8
861 0
861 1
861 2
861 3
861 4
861 5
861 6
861 7
861 8
861 15
861 32
862 0
862 1
862 2
862 3
862 4
862 5
862 6
862 7
862 8
862 80
863 0
863 1
863 3
863 4
863 5
863 6
863 7
863 8
864 0
864 2
864 3
864 4
864 5
864 6
864 7
865 0
865 1
865 2
865 3
865 4
865 6
865 7
865 8
865 15
865 32
866 0
866 1
866 2
866 3
866 4
866 5
866 6
866 7
867 0
867 1
867 2
867 3
867 4
867 5
867 7
867 8
868 0
868 1
868 2
868 4
868 5
868 6
868 7
868 8
868 15
868 32
868 197
869 0
869 1
869 2
869 3
869 5
869 6
869 7
869 8
869 287
870 0
870 1
870 2
870 3
870 4
870 5
870 6
870 7
870 8
871 0
871 1
871 2
871 3
871 4
871 5
871 6
871 7
871 8
872 0
872 1
872 2
872 3
872 4
872 5
873 0
873 1
873 2
873 3
873 4
873 5
873 7
874 0
874 1
874 2
874 3
874 4
874 5
874 6
874 7
874 93
875 0
875 1
875 2
875 3
875 4
876 0
876 1
876 2
876 3
876 4
876 5
876 6
876 7
876 8
877 0
877 1
877 2
877 5
877 6
877 7
878 0
878 1
878 3
878 4
878 6
878 7
878 8
879 0
879 1
879 2
879 4
879 5
879 6
879 7
879 8
879 15
879 32
880 0
880 1
880 2
880 3
880 4
880 5
880 6
880 7
880 8
881 0
881 1
881 2
881 3
881 4
881 5
881 6
881 7
881 8
881 27
882 0
882 1
882 2
882 3
882 4
882 5
882 6
882 7
882 8
883 0
883 1
883 3
883 5
883 6
883 7
883 8
884 0
884 1
884 2
884 3
884 4
884 5
884 6
884 7
884 8
884 12
885 0
885 1
885 2
885 3
886 0
886 1
886 2
886 3
886 4
886 5
886 6
886 7
886 8
887 0
887 1
887 2
887 4
887 6
887 7
887 8
888 0
888 1
888 3
888 4
888 5
888 6
888 7
889 0
889 1
889 3
889 4
889 5
889 6
889 7
889 8
890 0
890 1
890 2
890 3
890 4
890 5
890 6
890 7
891 0
891 1
891 2
891 3
891 4
891 5
891 6
891 7
891 8
891 15
891 32
891 413
892 0
892 1
892 2
892 3
892 4
892 5
892 6
892 7
892 8
892 15
893 0
893 1
893 2
893 3
893 4
893 5
893 6
893 7
893 8
893 80
894 0
894 1
894 2
894 3
894 4
894 5
894 6
894 7
894 8
894 15
894 32
895 0
895 1
895 3
895 4
895 5
895 6
895 7
895 8
895 39
896 0
896 1
896 2
896 4
896 5
896 6
896 7
896 8
897 0
897 1
897 2
897 3
897 4
897 5
897 6
897 7
897 8
897 12
898 0
898 1
898 2
898 3
898 4
898 5
898 8
899 0
899 1
899 2
899 3
899 4
899 5
899 6
899 8
900 0
900 1
900 2
900 3
900 4
900 5
900 6
900 7
900 8
901 0
901 1
901 2
901 3
901 4
901 5
901 6
901 7
901 8
901 15
901 32
902 0
902 1
902 2
902 3
902 4
902 5
903 0
903 1
903 2
903 4
903 5
903 6
903 7
903 8
904 0
904 1
904 2
904 3
904 4
904 5
904 6
904 7
904 8
904 15
904 206
905 1
905 2
905 3
905 4
905 5
905 6
905 7
905 8
906 0
906 1
906 2
906 5
906 6
906 7
906 8
907 0
907 1
907 2
907 3
907 5
907 6
907 7
907 8
907 75
908 0
908 1
908 3
908 4
908 5
908 6
908 7
908 8
908 15
908 32
909 0
909 1
909 2
909 3
909 4
910 0
910 1
910 4
910 5
910 6
910 7
910 8
911 0
911 1
911 3
911 4
911 5
911 6
911 7
911 8
912 0
912 1
912 2
912 3
912 4
913 0
913 1
913 2
913 3
913 4
913 5
913 6
913 7
913 8
914 1
914 2
914 3
914 4
914 31
915 0
915 1
915 2
915 4
915 5
915 6
915 7
915 8
916 0
916 1
916 2
916 4
916 5
916 6
916 7
916 8
916 15
917 0
917 1
917 2
917 3
917 5
917 6
917 7
917 8
918 0
918 1
918 2
918 4
918 5
918 6
918 7
918 8
919 0
919 1
919 2
919 3
919 4
919 5
919 6
919 7
919 8
920 0
920 1
920 2
920 3
920 4
920 5
920 6
920 7
920 8
921 1
921 2
921 3
921 4
921 5
921 6
921 7
921 8
922 0
922 1
922 2
922 3
922 4
922 5
922 7
922 8
922 240
923 0
923 1
923 2
923 3
923 4
923 5
923 6
923 7
923 8
924 0
924 1
924 2
925 0
925 1
925 2
925 3
925 4
925 5
925 6
925 7
925 8
925 27
926 0
926 1
926 2
926 3
926 5
926 6
926 7
926 8
927 0
927 1
927 2
927 3
927 4
928 0
928 1
928 2
928 3
928 4
928 5
928 6
928 7
929 0
929 1
929 2
929 3
929 4
929 5
929 6
929 7
929 8
929 27
930 0
930 1
930 2
930 3
930 4
930 5
930 6
930 7
930 8
931 0
931 1
931 2
931 4
931 5
931 6
931 7
931 8
931 27
932 0
932 1
932 2
932 4
932 5
932 6
932 7
932 8
933 0
933 1
933 2
933 3
933 4
933 6
933 7
933 8
933 15
934 0
934 1
934 2
934 3
934 4
934 5
934 6
934 7
934 8
934 15
935 0
935 2
935 3
935 4
935 5
935 6
935 7
935 8
936 0
936 1
936 2
936 3
936 4
936 6
936 8
937 0
937 1
937 2
937 3
937 4
937 5
937 6
937 7
938 0
938 1
938 2
938 3
938 4
938 5
938 6
938 7
938 8
938 15
938 32
939 0
939 1
939 3
939 4
939 5
939 6
939 7
939 8
940 0
940 1
940 2
940 3
940 4
940 5
940 7
940 8
940 12
940 847
941 0
941 1
941 2
941 3
941 4
941 5
941 7
941 8
941 12
941 847
942 0
942 1
942 2
942 3
942 4
942 5
942 6
942 8
942 349
943 0
943 1
943 2
943 3
943 4
943 5
943 6
943 7
943 8
944 0
944 1
944 2
944 3
944 4
944 6
944 7
944 8
945 1
945 2
945 3
945 4
945 5
945 6
945 7
945 8
946 0
946 1
946 2
946 3
946 4
946 5
946 6
946 7
946 8
947 0
947 1
947 3
947 4
947 5
947 6
947 7
947 15
947 32
947 153
948 0
948 1
948 2
948 3
948 4
948 5
948 6
948 7
948 8
949 0
949 1
949 2
949 4
950 1
950 2
950 4
950 5
950 6
950 7
950 8
950 15
950 61
951 0
951 1
951 2
951 3
951 4
951 5
951 6
951 7
951 8
952 0
952 1
952 3
952 4
952 5
952 6
952 7
952 8
952 58
953 0
953 1
953 2
953 3
953 4
953 31
954 0
954 2
954 4
954 5
954 6
954 7
954 8
955 0
955 1
955 2
955 3
955 4
955 5
955 6
955 7
955 8
955 15
956 0
956 1
956 2
956 3
956 4
956 5
956 6
956 7
956 8
956 417
957 0
957 1
957 2
957 3
957 4
957 5
957 6
957 7
957 8
958 0
958 1
958 2
958 3
958 4
958 5
958 6
958 7
958 8
958 267
959 0
959 1
959 2
959 3
959 5
959 6
959 7
959 8
960 0
960 1
960 2
960 3
960 4
960 5
960 6
960 7
960 8
961 0
961 1
961 2
961 3
961 4
961 5
961 7
961 8
962 0
962 1
962 2
962 3
962 4
962 5
962 6
962 7
962 8
963 0
963 1
963 2
963 3
963 4
963 6
963 7
963 8
964 0
964 1
964 3
964 4
964 5
964 6
964 7
964 8
965 0
965 1
965 2
965 3
965 4
965 5
965 6
965 7
965 8
965 15
965 32
966 0
966 1
966 2
966 3
966 4
966 5
966 6
966 7
967 0
967 1
967 2
967 4
967 5
967 6
967 7
967 8
967 223
967 778
968 0
968 3
968 4
968 5
968 6
968 7
969 1
969 2
969 3
969 4
969 5
969 6
969 7
969 8
969 445
970 0
970 1
970 2
970 4
970 5
970 6
970 7
970 8
971 1
971 2
971 4
971 5
971 6
971 7
971 8
971 15
971 61
972 0
972 1
972 2
972 4
972 5
972 6
972 7
972 8
973 0
973 1
973 3
973 4
973 5
973 6
973 7
973 8
974 0
974 1
974 2
974 3
974 4
974 5
974 6
974 7
974 8
975 0
975 1
975 2
975 3
975 4
975 5
975 6
975 7
976 0
976 2
976 3
976 4
976 5
976 6
976 8
977 0
977 1
977 2
977 3
977 4
977 5
977 6
977 7
977 8
978 0
978 1
978 3
978 4
978 5
978 6
978 7
979 0
979 1
979 2
979 3
979 4
979 5
979 6
979 7
980 0
980 1
980 2
980 3
980 4
980 5
980 6
980 8
981 0
981 1
981 2
981 3
981 4
981 5
981 7
981 8
982 0
982 1
982 2
982 3
982 4
982 5
982 6
982 7
982 8
983 0
983 1
983 2
983 3
983 4
983 5
983 6
983 7
983 8
984 1
984 2
984 3
984 4
984 506
985 0
985 3
985 4
985 5
985 6
985 7
985 8
986 0
986 1
986 2
986 3
986 4
986 5
986 6
986 7
986 8
986 15
987 0
987 1
987 2
987 3
987 4
987 5
987 6
987 7
987 8
987 15
987 32
987 210
988 0
988 1
988 2
988 3
988 4
988 5
988 6
988 7
988 8
988 32
988 413
989 0
989 1
989 2
989 3
989 4
989 5
989 6
989 7
989 8
990 0
990 1
990 2
990 3
990 4
990 5
990 6
990 8
991 1
991 2
991 3
991 4
991 5
991 6
991 7
992 0
992 1
992 3
992 4
992 5
992 6
992 7
992 8
992 612
993 0
993 1
993 2
993 3
993 4
993 5
993 6
993 7
993 8
993 267
993 958
994 0
994 1
994 2
994 3
994 4
994 5
994 6
994 7
994 8
995 0
995 1
995 2
995 3
995 5
995 6
995 7
995 8
996 0
996 1
996 3
996 4
996 5
996 6
996 7
996 8
997 0
997 1
997 2
997 3
997 4
997 5
997 6
997 7
997 155
998 0
998 1
998 2
998 3
998 4
998 5
998 6
998 7
998 8
998 15
998 32
999 0
999 1
999 3
999 4
999 5
999 6
999 7
999 8
