1 0
2 0
2 1
3 0
3 1
3 2
4 0
4 1
4 2
4 3
5 0
5 1
5 2
5 3
5 4
6 0
6 1
6 2
6 3
6 4
6 5
7 0
7 1
7 2
7 3
7 4
7 5
7 6
8 0
8 1
8 2
8 3
8 4
8 5
8 6
8 7
9 0
9 1
9 2
9 3
9 4
9 5
9 6
9 7
9 8
10 2
10 5
10 6
10 8
10 9
11 0
11 1
11 2
11 3
11 5
12 0
12 3
12 5
13 0
13 1
13 5
14 1
14 2
14 5
14 6
14 8
14 9
15 1
15 4
16 2
16 5
16 10
17 5
17 6
17 7
18 0
18 1
18 2
19 1
19 2
19 6
19 14
20 2
20 5
20 8
21 5
21 16
22 1
22 2
22 4
22 5
23 2
23 16
24 1
24 4
24 8
25 4
26 1
26 3
27 4
27 7
27 8
28 8
28 20
29 3
29 4
29 5
30 5
30 6
30 10
31 1
31 5
31 11
32 3
32 4
33 0
33 3
33 4
34 2
34 5
34 11
35 6
35 9
35 14
36 3
36 4
36 6
37 6
37 35
38 1
38 2
39 10
39 16
40 2
40 34
41 4
41 25
42 2
42 3
43 1
43 31
44 1
44 15
45 5
46 5
46 11
46 31
47 0
47 2
47 3
48 3
48 4
48 33
49 2
49 34
49 40
50 1
50 2
50 3
50 5
51 33
52 0
52 1
52 4
52 5
53 0
53 1
54 7
54 27
55 1
55 2
55 22
56 1
56 2
56 4
56 5
56 9
57 4
57 48
58 0
58 2
59 6
60 1
61 0
61 5
62 1
62 2
62 5
62 6
63 6
64 3
64 4
64 36
65 2
65 50
66 0
66 11
68 3
68 6
68 36
69 6
70 4
70 7
70 8
71 6
71 14
71 19
72 1
72 38
73 9
73 14
73 35
74 5
74 7
74 8
75 1
75 53
76 1
77 0
77 1
77 2
78 19
78 71
79 38
79 72
80 2
80 58
81 10
81 39
82 2
82 42
83 2
83 6
84 0
84 3
84 4
84 33
85 2
85 5
85 20
86 0
86 5
86 61
87 1
87 4
87 6
87 7
88 72
88 79
89 1
89 4
89 6
89 7
90 19
90 71
91 0
91 4
91 6
92 1
92 6
92 89
93 2
93 5
94 0
94 2
94 3
95 4
96 0
96 84
97 3
97 33
97 48
98 1
98 4
98 56
99 1
99 2
99 3
99 7
100 6
100 63
101 2
101 42
102 5
102 30
103 1
103 2
103 5
103 8
103 14
104 0
104 2
104 3
104 9
105 3
105 47
106 40
106 49
107 5
107 85
108 1
108 6
108 62
109 14
109 35
110 2
110 3
110 6
111 18
112 2
113 6
113 69
114 0
114 2
115 31
116 0
116 3
116 4
116 5
116 6
116 7
116 8
117 2
117 93
118 39
118 81
119 2
119 101
120 8
120 28
121 11
121 66
122 2
122 3
122 50
123 15
123 44
124 3
124 5
124 7
124 116
125 1
125 60
126 25
126 41
127 4
127 6
127 89
128 5
128 6
129 0
129 5
129 61
130 4
130 32
131 2
131 23
132 3
132 4
132 29
133 38
133 72
134 34
134 40
134 49
135 6
135 127
136 0
136 1
136 4
136 5
137 119
138 4
139 2
139 80
140 6
140 68
141 0
142 6
142 36
142 68
143 79
143 88
144 2
144 4
144 8
145 79
145 143
146 6
146 100
147 2
147 8
147 20
148 0
148 2
149 4
149 7
149 8
149 70
150 4
150 36
150 64
151 0
151 2
151 11
152 2
152 23
152 131
153 25
153 126
154 4
154 7
154 8
154 149
155 8
156 2
156 62
157 5
158 3
158 42
159 6
159 92
160 58
160 80
161 2
161 3
161 110
162 2
162 50
163 0
163 6
164 4
164 25
165 79
165 143
165 145
166 2
166 5
166 50
167 3
167 116
168 25
168 126
169 5
169 103
170 19
170 90
171 6
171 37
172 6
172 100
172 146
173 6
173 37
173 171
174 5
174 124
175 15
175 123
176 5
176 85
177 0
177 4
177 7
177 9
178 3
178 48
179 49
179 106
180 5
180 124
181 5
181 29
182 5
182 93
183 116
183 124
184 3
184 7
184 8
184 116
185 4
186 0
186 3
186 84
187 66
187 121
188 4
188 185
189 1
189 5
190 61
191 2
191 16
192 1
193 2
193 147
194 1
194 6
194 7
194 89
195 6
195 89
195 92
196 3
197 56
197 98
198 79
198 143
199 72
199 133
200 3
200 29
200 132
201 2
201 22
202 2
202 6
202 83
203 5
203 7
203 124
204 4
204 8
204 27
205 3
205 6
205 7
205 9
206 132
206 200
207 1
207 136
208 37
208 173
209 4
209 5
209 8
209 9
210 2
210 23
211 25
211 153
212 29
212 132
212 200
213 3
213 4
213 33
214 3
214 200
215 0
215 5
215 6
215 7
215 9
216 5
216 13
217 0
217 11
218 1
219 0
219 5
219 86
220 112
221 6
221 108
222 92
222 159
223 0
223 1
224 0
224 1
224 4
224 5
224 6
224 7
225 5
225 216
226 147
226 193
227 3
227 8
227 116
227 184
228 6
228 37
228 171
229 1
229 3
229 5
230 2
230 3
230 9
230 104
231 6
231 19
232 1
232 22
232 55
233 5
233 7
233 224
234 15
235 4
235 177
236 27
236 54
237 110
237 161
238 3
238 64
239 22
240 116
240 167
241 6
241 83
242 3
242 4
242 32
243 14
243 35
244 5
244 176
245 2
245 3
246 2
247 5
247 189
248 7
248 194
249 5
250 2
250 8
250 20
250 147
251 83
251 202
252 2
252 83
253 8
253 147
254 6
254 221
255 2
255 42
255 82
256 3
256 5
256 6
256 116
257 1
257 56
258 36
258 64
258 150
259 0
259 1
259 4
259 5
259 224
260 4
260 70
260 149
261 15
261 123
262 98
262 197
263 4
263 70
263 260
264 0
264 2
264 3
264 47
265 80
265 139
266 1
266 108
267 2
268 53
268 75
269 1
269 136
269 207
270 0
271 116
271 183
272 70
272 149
272 260
273 28
274 2
274 62
274 156
275 43
276 2
276 5
276 8
276 14
277 27
277 204
278 2
279 0
279 4
279 52
280 4
280 7
281 1
281 2
281 3
281 6
282 156
282 274
283 4
283 6
283 89
283 127
284 7
284 8
284 27
285 1
285 2
286 2
286 5
287 6
287 35
288 8
289 123
290 8
290 14
291 3
291 12
292 4
292 15
293 159
293 222
294 1
294 4
294 136
295 235
296 1
296 6
296 92
297 61
297 190
298 27
298 204
299 2
299 42
299 82
299 255
300 3
300 4
300 116
301 0
301 5
301 136
302 4
302 24
303 80
303 139
304 66
304 187
305 31
305 115
306 4
306 33
306 48
307 27
307 204
307 277
308 8
308 250
309 83
309 202
310 6
310 37
311 1
311 136
311 207
312 2
312 117
313 0
313 5
314 0
314 7
314 8
315 2
315 3
315 4
315 6
315 8
315 9
316 3
316 50
316 122
317 5
317 46
318 4
319 1
319 5
319 11
319 31
320 27
320 54
321 0
321 4
321 279
322 8
322 147
323 5
323 12
324 6
324 205
325 32
325 242
326 4
326 25
326 41
327 70
328 28
328 120
329 40
330 0
331 62
331 274
332 116
333 4
333 7
334 0
334 1
334 136
335 123
336 2
336 114
337 122
337 316
338 176
338 244
339 4
339 6
339 91
340 171
341 14
341 109
342 7
342 99
343 3
343 4
343 6
344 1
344 76
345 2
345 34
345 40
346 22
347 0
347 9
347 215
348 171
348 228
349 11
349 34
350 3
350 42
351 8
351 70
351 149
352 28
352 328
353 0
353 3
353 6
353 8
353 9
354 5
354 12
355 279
355 321
356 7
356 248
357 4
357 6
357 7
357 224
358 0
358 177
359 2
359 42
360 3
360 178
361 147
361 193
362 15
362 44
363 1
363 2
363 5
363 6
363 62
364 1
364 294
365 182
366 9
366 215
367 5
367 189
368 0
368 1
368 4
368 5
368 52
369 5
369 12
370 11
370 34
371 1
371 207
371 269
372 4
372 209
373 27
373 204
374 1
374 125
375 5
375 6
375 14
376 182
376 365
377 4
377 294
378 4
378 84
379 1
379 6
379 296
380 176
381 1
381 218
382 3
382 4
383 8
383 276
384 8
384 351
385 1
385 6
385 281
386 8
386 155
387 112
388 4
388 9
388 177
389 1
389 3
389 50
390 31
390 115
390 305
391 2
391 23
392 16
392 23
393 6
393 100
394 108
394 266
395 143
396 4
397 2
397 14
397 276
398 2
398 4
398 22
399 4
399 9
400 1
400 381
401 8
401 149
401 154
402 2
402 83
402 252
403 1
403 31
403 43
404 396
405 136
405 311
406 16
406 23
406 392
407 1
407 207
407 371
408 70
408 351
409 5
409 50
410 0
410 5
410 61
411 2
411 50
411 65
412 3
412 5
412 229
413 2
414 2
414 20
414 250
415 36
415 142
417 6
417 9
417 353
418 6
418 205
419 1
419 381
420 56
420 98
421 1
421 285
422 0
422 4
422 177
423 5
423 56
424 8
424 351
425 5
425 124
425 203
426 70
426 149
427 1
427 6
427 7
427 194
428 112
428 220
429 5
429 157
430 40
430 49
430 134
431 109
431 341
432 109
432 341
433 3
433 6
433 353
434 0
434 1
434 5
434 8
435 38
435 72
435 133
436 2
436 246
437 190
437 297
438 4
438 318
439 64
439 150
440 4
440 164
441 2
441 285
442 150
442 439
443 4
443 188
444 0
444 1
444 5
444 6
444 7
445 6
445 379
446 38
446 435
447 1
447 334
448 1
448 53
448 75
449 4
449 64
450 1
450 364
451 9
451 14
452 6
452 357
453 1
453 374
454 328
454 352
455 1
455 15
455 44
456 27
456 204
457 6
457 91
458 6
458 7
458 444
459 25
459 153
459 211
460 116
460 300
461 8
461 384
462 79
462 88
463 274
463 331
464 5
464 11
464 46
465 33
465 213
466 1
466 371
466 407
467 5
467 74
468 70
468 351
469 70
469 426
470 1
470 374
470 453
471 56
472 4
472 144
473 31
473 115
473 305
474 1
474 5
474 13
475 205
476 1
476 5
477 4
477 5
477 29
478 2
478 23
478 210
479 3
479 26
480 98
480 197
481 0
481 3
481 4
481 5
481 7
481 8
482 20
483 14
483 103
484 0
484 47
485 205
485 418
486 5
486 9
487 6
487 7
488 1
488 218
489 276
489 397
490 0
490 3
490 47
490 264
491 70
491 149
492 6
492 71
493 1
493 60
494 109
494 341
494 432
495 53
495 75
495 268
496 56
496 257
497 32
497 242
497 325
498 4
498 398
499 6
499 9
499 215
500 11
500 46
500 464
501 153
501 459
502 2
502 94
503 7
503 87
504 3
504 7
504 8
505 3
505 7
506 80
506 265
507 43
507 275
508 1
508 5
508 434
509 8
509 28
510 1
511 79
511 143
511 145
512 1
512 3
513 5
513 225
514 2
514 363
515 190
515 437
516 4
516 22
516 398
517 8
517 74
518 5
518 157
519 23
519 478
520 3
520 94
521 1
521 4
521 5
521 8
521 9
522 0
522 47
523 27
523 298
524 23
524 152
525 0
525 96
526 0
526 1
526 2
526 77
527 56
527 257
527 496
528 4
528 300
529 101
529 119
530 7
530 333
531 437
531 515
532 83
532 202
533 8
533 27
534 8
534 276
534 383
535 3
535 110
536 4
536 150
537 1
537 22
537 55
538 109
539 98
539 262
540 40
540 49
541 1
541 218
542 5
542 14
542 276
543 35
543 37
544 11
544 500
545 5
545 157
546 0
546 5
546 86
547 4
547 25
547 326
548 5
548 12
548 323
549 7
549 333
550 7
550 8
550 70
551 0
551 6
551 91
552 8
552 434
553 5
554 6
554 457
555 124
555 203
556 89
556 127
557 1
557 56
557 98
558 23
558 210
559 112
559 220
560 71
560 492
561 6
561 418
562 4
563 7
563 224
564 193
564 226
565 6
565 63
566 2
567 1
568 8
568 308
569 188
569 443
570 1
570 56
570 98
570 557
571 25
572 3
572 4
572 32
572 242
573 15
573 234
574 3
574 42
574 350
575 25
576 6
576 492
577 2
577 281
578 0
578 1
578 52
578 368
579 8
579 461
580 79
580 462
581 3
581 245
582 2
582 147
582 193
583 171
583 348
584 2
584 5
584 62
585 5
585 8
585 103
586 4
586 398
586 516
587 27
587 236
588 204
588 277
588 307
589 122
589 337
590 33
590 306
591 0
591 3
591 353
592 1
592 56
592 257
593 132
593 206
594 24
594 302
595 7
595 27
595 284
596 7
596 203
597 0
598 89
599 0
599 6
599 551
600 2
601 276
601 383
602 371
602 407
603 204
603 277
603 307
603 588
604 1
604 56
604 557
605 8
605 70
605 149
606 368
607 122
608 5
608 116
608 124
609 5
609 16
610 42
610 255
611 5
611 103
611 169
612 4
612 95
613 1
613 294
614 4
614 8
614 70
615 8
615 322
616 6
616 100
616 146
616 172
617 76
618 19
618 231
619 64
619 150
620 79
620 88
620 462
621 0
621 224
622 5
622 29
622 477
623 7
623 27
623 284
624 418
624 485
625 27
625 204
625 277
626 115
626 473
627 49
627 106
628 206
628 593
629 9
629 388
630 83
630 202
631 0
631 6
631 215
632 224
633 3
633 94
634 145
634 511
635 268
635 495
636 33
636 590
637 2
637 6
637 202
638 46
639 1
639 2
639 3
639 4
639 7
640 1
640 453
641 6
641 127
641 135
642 14
642 451
643 4
643 185
644 14
644 341
645 6
645 91
646 7
646 595
647 2
647 285
647 441
648 426
649 0
649 1
649 4
649 368
650 0
650 104
651 28
652 6
652 551
652 599
653 5
653 62
653 363
654 16
654 23
654 392
655 0
655 53
656 147
656 226
657 188
657 443
658 116
658 271
659 6
659 7
659 116
660 123
660 261
661 22
661 239
662 3
662 196
663 2
663 82
663 255
664 0
664 1
664 368
664 578
665 7
665 203
665 596
666 35
667 4
667 443
668 3
668 6
668 353
668 433
669 9
669 177
670 1
670 419
671 6
671 353
671 417
672 4
672 25
672 326
673 4
673 7
674 6
674 631
675 1
675 5
675 224
676 7
677 60
677 493
678 2
678 5
678 276
679 6
679 89
679 92
680 4
680 64
681 70
681 408
682 206
682 593
683 124
684 143
684 395
685 0
685 1
686 8
686 351
686 424
687 4
687 396
688 116
688 271
689 3
689 245
690 0
690 148
691 18
691 111
692 260
693 22
693 516
694 6
694 36
695 68
695 142
696 0
696 1
696 334
697 70
697 614
698 6
698 100
698 393
699 0
699 7
699 215
700 35
701 98
701 197
701 480
702 1
702 567
703 83
703 252
704 0
704 86
705 75
705 448
706 0
706 2
706 77
706 526
707 124
707 203
707 555
708 276
709 92
709 222
710 1
710 419
711 0
711 1
711 2
711 18
712 2
712 62
712 274
713 37
714 5
714 224
714 675
715 5
715 124
715 174
716 5
716 545
717 0
717 217
718 0
718 1
718 2
718 711
719 5
719 17
720 124
720 183
721 14
721 375
722 4
722 5
723 27
723 284
723 623
724 3
724 94
725 136
725 405
726 33
726 590
726 636
727 5
728 0
728 1
728 5
728 8
729 4
729 9
729 177
730 20
730 482
731 5
731 12
731 548
732 34
732 349
733 36
734 4
734 5
734 6
735 98
735 480
736 62
736 108
737 146
737 172
738 2
738 99
739 188
739 657
740 1
740 419
740 710
741 4
741 9
742 35
743 2
743 566
744 473
744 626
745 0
745 1
745 3
746 136
747 396
747 404
748 75
748 268
748 495
749 123
749 289
750 200
750 214
751 1
751 55
752 2
752 345
753 5
753 716
754 5
754 10
754 16
755 1
756 147
756 253
757 2
757 5
757 34
758 6
758 7
758 194
758 427
759 465
760 71
760 560
761 40
761 134
762 1
762 5
762 6
762 9
762 14
763 4
763 6
763 36
764 3
764 633
765 1
765 56
765 592
766 7
766 70
767 34
767 40
767 49
767 134
768 2
768 50
768 122
769 6
769 89
769 92
770 40
770 49
771 1
771 2
771 38
772 9
772 353
772 417
773 5
773 209
774 5
774 11
775 79
775 145
776 0
776 368
777 4
778 5
778 224
778 675
778 714
779 3
779 6
779 68
780 1
780 371
780 407
781 14
782 56
782 557
783 75
783 705
784 5
784 6
784 17
785 4
785 177
786 5
786 16
786 754
787 2
787 299
788 207
788 371
789 5
789 8
789 9
789 209
790 11
790 66
790 121
791 80
791 139
792 3
793 28
793 328
793 352
794 1
794 76
795 294
795 377
796 157
796 429
797 1
797 2
797 4
797 639
798 6
798 769
799 3
799 8
799 116
799 184
799 227
800 147
800 226
800 656
801 596
802 4
802 326
802 547
803 2
803 5
803 10
804 159
804 222
805 351
806 626
807 124
807 683
808 1
808 38
809 14
809 451
810 1
810 218
811 11
811 349
812 0
812 224
812 259
813 5
813 753
814 215
814 366
815 2
815 62
815 363
816 23
817 46
818 49
818 106
818 179
819 174
819 715
820 4
820 91
820 339
821 62
821 363
821 815
822 4
822 95
823 83
823 252
824 815
824 821
825 6
825 108
825 221
826 596
827 2
827 82
827 255
828 2
828 83
829 4
830 1
830 3
831 3
831 42
831 574
832 0
832 422
833 551
833 599
834 3
834 110
834 535
835 281
835 385
836 4
836 521
837 3
837 433
838 115
838 626
839 560
839 760
840 705
840 783
841 4
842 6
842 798
843 92
843 296
844 0
844 61
845 66
845 187
846 3
846 574
847 351
847 805
848 4
848 8
848 149
849 99
849 342
850 80
850 265
851 6
851 458
852 8
852 384
853 148
854 136
855 2
855 85
856 14
856 35
856 109
857 2
857 286
858 2
858 147
859 4
859 15
860 149
860 491
861 14
861 243
862 5
862 31
863 1
863 728
864 284
864 595
865 5
865 719
866 29
867 5
867 225
868 6
868 89
868 769
869 0
869 5
869 61
869 410
870 2
870 441
871 116
871 183
872 4
872 149
872 154
873 15
873 292
874 1
874 53
874 75
875 434
875 552
876 7
876 248
877 116
877 658
878 23
878 391
879 19
879 90
880 1
880 334
880 447
881 4
881 29
882 281
882 835
883 19
883 90
883 170
884 477
884 622
885 23
885 524
886 0
886 655
887 4
887 536
888 0
888 224
888 259
888 812
889 248
889 356
890 15
890 234
890 573
891 6
891 798
892 5
892 215
893 11
893 46
894 116
894 877
895 1
895 476
896 4
896 8
896 149
896 154
897 6
897 9
897 10
898 6
898 69
899 62
899 363
899 815
900 7
900 333
900 549
901 82
901 255
902 1
902 4
902 8
902 9
902 521
903 5
903 225
904 89
904 92
905 674
906 5
906 429
907 2
907 40
908 5
908 789
909 6
909 146
910 397
910 489
911 27
911 54
912 6
912 17
912 784
913 719
913 865
914 86
914 704
915 7
915 563
916 182
916 365
916 376
917 6
917 7
917 427
918 1
918 4
918 224
918 259
919 74
919 517
920 351
920 408
921 238
922 61
922 844
923 35
923 543
924 5
924 203
925 20
926 98
926 197
927 48
927 306
928 153
928 211
929 439
929 442
930 124
930 807
931 0
931 4
931 5
932 2
932 252
933 8
933 852
934 1
934 75
935 8
935 14
935 290
936 0
936 5
936 61
936 410
937 224
937 675
937 714
938 418
938 485
938 624
939 91
940 35
940 37
940 543
941 4
941 887
942 248
942 876
943 119
943 529
944 3
944 47
944 264
945 8
945 27
945 204
946 109
946 341
946 431
947 202
947 637
948 5
948 6
948 7
949 15
949 234
950 656
950 800
951 5
951 409
952 8
952 154
952 896
953 349
953 732
954 7
954 284
954 595
955 61
955 86
956 0
956 18
957 0
957 77
958 228
958 348
959 800
959 950
960 0
960 330
961 4
961 185
962 25
962 126
963 0
963 812
964 719
964 865
964 913
965 0
965 484
966 5
966 29
966 181
967 419
967 670
968 5
968 169
969 2
969 122
970 231
970 618
971 1
971 419
971 670
972 0
972 844
973 6
973 100
973 146
974 171
974 173
975 6
975 339
976 14
976 451
977 6
977 668
978 149
979 226
979 564
980 2
980 42
980 359
981 5
981 429
982 9
982 73
983 11
983 811
984 116
984 658
985 9
985 388
986 6
986 458
986 851
987 0
987 61
988 6
988 140
989 1
989 400
990 6
990 8
991 20
991 28
992 0
992 5
992 728
993 196
993 662
994 224
994 233
995 4
995 32
995 130
996 6
996 9
996 499
997 2
997 147
998 3
998 229
999 91
999 939
