1 0
2 0
2 1
3 0
3 1
3 2
4 0
4 1
4 2
4 3
5 0
5 1
5 2
5 3
5 4
6 0
6 1
6 2
6 3
6 4
6 5
7 0
7 1
7 2
7 3
7 4
7 5
7 6
8 0
8 1
8 2
8 3
8 4
8 5
8 6
8 7
9 0
9 1
9 2
9 3
9 4
9 5
9 6
9 7
9 8
10 7
10 8
11 2
11 6
12 1
12 3
12 4
13 2
13 4
14 1
14 7
15 5
16 2
16 6
16 11
17 2
17 11
18 4
19 3
20 3
20 4
21 1
21 2
21 3
21 8
22 4
23 1
23 5
24 2
24 3
24 21
25 3
25 4
26 0
26 5
26 6
26 8
27 3
27 21
28 0
28 1
28 3
28 4
28 5
29 0
29 1
29 7
30 1
30 4
31 5
32 8
32 10
33 3
34 3
34 20
35 5
35 28
36 2
36 3
37 21
38 5
39 5
39 35
40 0
40 5
41 1
42 3
43 1
44 5
44 7
44 8
45 4
45 25
46 35
47 6
47 11
47 16
48 1
48 4
48 6
49 7
49 8
49 10
50 4
51 0
51 2
52 4
52 48
53 1
53 30
54 2
55 7
55 8
55 10
55 49
56 1
56 5
57 1
57 9
58 3
58 6
59 7
59 55
60 11
61 1
62 3
63 1
63 2
63 7
64 1
64 3
64 6
65 3
65 62
66 7
66 63
67 9
68 10
68 32
69 6
69 11
70 8
70 9
71 7
72 63
72 66
73 0
73 2
74 1
74 2
74 63
75 6
75 7
76 5
76 8
76 26
77 0
77 8
78 5
78 26
79 0
80 7
80 10
80 49
81 3
81 21
81 24
82 5
82 56
83 1
84 63
84 74
85 5
85 35
85 39
86 1
86 2
86 3
86 8
87 0
87 2
88 1
88 83
89 1
90 1
90 56
91 2
91 3
92 8
93 1
93 23
94 8
94 10
94 49
95 8
95 32
96 28
96 35
97 48
98 4
98 18
99 7
99 10
99 49
100 7
100 10
101 56
102 0
102 29
103 35
103 85
104 3
105 0
105 3
106 7
106 63
107 1
107 2
108 0
108 77
110 4
110 98
111 2
111 3
111 9
112 3
112 8
112 21
113 5
113 44
114 3
115 3
115 91
116 5
116 6
117 4
117 5
117 8
118 2
118 4
118 5
119 5
120 1
120 48
121 26
121 76
122 7
123 0
123 105
124 2
124 7
125 6
126 5
126 117
127 2
128 10
128 68
129 8
129 70
130 0
130 3
131 7
132 105
132 123
133 8
134 49
134 80
135 26
135 78
136 6
136 64
137 63
137 74
138 3
139 0
140 21
140 27
141 63
141 84
142 4
143 0
144 77
144 108
145 2
145 13
146 6
146 9
147 13
147 145
148 2
148 54
149 1
149 4
150 6
150 47
151 5
152 25
152 45
153 2
153 11
154 49
154 55
155 1
155 23
156 35
156 103
157 5
158 6
158 7
159 18
159 98
160 5
160 39
161 16
161 47
162 3
162 24
163 5
163 117
164 1
164 12
165 8
166 0
167 1
168 5
168 157
169 5
170 7
170 63
171 25
171 152
172 5
172 78
173 49
174 3
174 25
175 0
175 40
176 5
176 119
177 0
178 3
179 1
180 48
181 3
181 33
182 3
183 1
184 4
184 18
185 3
185 4
185 7
186 5
186 78
186 172
187 80
188 5
188 163
189 1
189 155
190 23
190 155
191 48
191 97
192 3
192 104
193 68
193 128
194 0
194 26
195 5
196 1
196 120
197 5
197 163
198 6
199 2
199 86
200 128
200 193
201 2
201 5
202 63
203 63
203 202
204 49
204 80
205 2
205 145
206 4
206 5
207 5
207 197
208 5
209 1
210 5
210 117
211 5
211 85
212 6
212 198
213 16
213 47
214 0
214 1
214 6
215 6
215 198
216 25
217 3
217 192
218 2
219 1
219 12
220 24
220 162
221 102
222 49
222 80
222 134
223 2
223 11
224 4
224 184
225 105
225 132
226 7
227 49
228 2
228 6
228 7
229 4
229 6
229 8
230 3
230 178
231 8
232 8
233 2
233 3
234 1
234 28
235 3
235 233
236 63
237 63
237 72
238 63
238 236
239 5
239 8
240 1
240 88
241 2
241 111
242 48
243 3
243 174
244 5
244 210
245 55
245 154
246 7
246 49
246 99
247 155
247 190
248 49
248 134
249 2
249 73
250 26
250 78
251 2
252 3
252 33
253 1
253 183
254 48
254 242
255 48
255 242
256 5
256 163
257 2
258 2
259 21
259 24
259 81
260 3
260 105
261 2
261 21
262 33
263 2
264 3
264 105
265 2
266 4
266 142
267 10
267 94
268 105
268 225
269 8
269 44
270 35
270 85
271 10
271 55
272 1
273 0
273 105
274 6
275 2
275 17
276 78
276 186
277 3
278 18
278 184
279 78
279 250
280 5
280 117
281 3
281 111
282 7
282 66
283 6
284 6
284 116
285 3
285 6
285 64
286 8
286 76
287 10
287 49
287 94
288 6
288 7
289 2
289 3
289 4
290 1
290 3
290 12
291 80
291 134
292 2
292 91
293 1
293 29
294 7
294 80
295 0
295 2
295 5
296 1
296 48
297 1
297 53
298 26
298 121
299 6
299 215
300 5
301 5
302 6
302 69
303 63
303 72
304 3
304 8
304 86
305 1
305 89
306 104
306 192
307 73
307 249
308 128
309 9
310 21
311 1
311 61
312 7
313 68
314 1
314 179
315 10
315 32
316 39
316 85
317 2
318 26
318 121
318 298
319 2
320 7
320 170
321 20
322 49
322 173
323 89
323 305
324 83
324 88
325 215
325 299
326 3
326 8
326 86
327 7
327 8
328 3
329 72
329 237
330 179
331 3
332 68
333 69
334 10
334 315
335 21
335 81
336 9
336 70
337 6
337 283
338 0
338 214
339 35
339 46
340 105
340 123
341 121
342 12
343 1
344 25
344 171
345 2
345 5
345 201
346 214
346 338
347 105
347 225
348 105
348 260
349 0
349 3
350 105
350 348
351 20
351 321
352 3
352 8
352 304
353 85
354 6
354 150
355 3
355 6
356 69
356 302
357 305
358 68
358 332
359 63
359 203
360 1
361 5
361 31
362 2
362 3
362 111
363 63
363 236
364 338
364 346
365 3
365 4
366 1
367 3
367 6
367 355
368 260
369 1
369 5
370 1
370 23
371 7
371 288
372 48
372 191
373 2
373 16
374 80
375 0
375 273
376 8
377 2
377 111
378 7
379 3
379 91
380 53
380 297
381 7
382 10
383 8
384 3
384 365
385 1
386 105
386 132
387 12
388 86
388 304
389 6
389 355
390 7
390 8
390 44
391 2
392 63
393 132
393 225
394 8
394 9
394 70
395 2
395 16
395 373
396 7
396 63
397 184
397 278
398 63
398 238
399 3
399 264
400 214
400 346
401 7
401 327
402 9
402 336
403 18
403 159
404 4
404 266
405 5
405 186
406 8
406 77
407 0
407 1
407 6
408 225
408 268
409 1
409 48
410 1
411 6
411 26
412 6
412 355
413 111
413 362
414 238
414 398
415 78
415 276
416 4
417 7
417 44
418 288
418 371
419 305
419 323
420 72
421 5
421 117
422 63
422 236
423 10
423 49
423 99
424 8
424 26
425 4
425 404
426 6
426 11
427 117
427 280
428 3
429 63
429 72
429 237
430 0
430 175
431 2
431 153
432 5
432 163
433 1
433 2
434 88
434 324
435 3
436 8
436 92
437 6
437 11
438 8
438 165
439 242
439 254
440 3
440 34
441 0
441 177
442 171
442 344
443 7
444 10
445 5
445 256
446 48
447 260
447 348
448 5
448 9
449 171
450 1
450 6
450 407
451 5
452 73
452 307
453 9
453 70
454 9
455 2
455 251
456 4
457 121
457 298
458 3
458 86
459 5
459 445
460 6
460 48
461 68
461 332
462 5
463 49
463 248
464 1
464 63
465 6
465 288
466 18
466 403
467 121
467 341
468 2
469 10
469 32
470 5
470 39
470 85
471 4
471 224
472 264
473 21
473 310
474 5
474 432
475 2
475 16
476 4
477 105
478 297
478 380
479 2
479 201
480 5
480 280
481 7
482 0
482 1
482 2
482 5
483 2
483 13
484 2
484 36
485 190
485 247
486 1
486 53
487 1
487 53
488 0
488 8
488 9
489 214
490 3
490 62
491 1
491 293
492 5
492 39
492 470
493 76
494 260
494 348
494 447
495 4
495 206
496 8
496 390
497 10
497 128
498 1
498 311
499 179
500 2
501 2
501 6
502 24
502 162
503 68
504 4
504 25
505 5
506 35
506 85
507 8
507 286
508 2
508 6
508 7
509 6
509 460
510 70
510 129
511 5
511 56
512 8
512 117
513 197
513 207
514 0
514 194
515 5
516 49
516 246
517 2
517 11
517 17
518 78
519 74
520 49
520 134
521 49
522 6
522 215
523 26
524 63
525 89
526 184
526 278
527 346
528 8
528 129
529 3
529 33
529 252
530 3
530 4
531 10
531 68
532 1
532 183
533 6
533 522
534 348
535 83
536 49
536 222
537 10
537 382
538 13
538 145
539 21
539 310
540 184
540 526
541 16
542 6
542 283
543 6
543 288
544 48
544 97
545 105
545 123
546 5
547 260
547 447
548 5
548 201
549 105
549 340
550 278
551 7
551 228
552 62
552 490
553 63
553 66
553 72
554 4
555 1
555 57
556 1
556 107
557 2
557 3
557 233
558 88
559 324
560 21
560 261
561 256
562 177
562 441
563 5
564 7
564 551
565 129
566 0
566 4
566 6
566 7
566 9
567 9
568 2
568 5
569 5
569 505
570 86
570 199
571 2
572 30
572 53
573 68
574 78
574 250
574 279
575 8
575 304
576 5
577 16
578 0
578 40
578 175
579 254
580 7
580 417
581 1
582 3
582 138
583 4
584 3
584 5
584 6
585 336
586 3
586 277
587 3
587 27
588 111
588 413
589 4
589 184
590 18
590 98
590 159
591 63
592 2
592 319
593 98
594 11
595 5
596 1
596 293
597 78
597 574
598 53
598 486
599 63
599 422
600 8
600 86
600 326
601 214
601 400
602 1
603 9
604 5
604 445
604 459
605 9
606 5
606 546
607 0
607 2
607 4
607 8
608 3
608 352
609 30
609 572
610 81
610 259
611 24
611 220
612 6
612 284
613 319
614 0
614 214
615 190
615 247
616 526
616 540
617 25
618 4
618 266
618 404
619 25
619 152
620 6
620 212
621 18
621 278
622 0
622 4
623 197
624 154
625 98
625 110
626 1
626 64
627 8
627 95
628 2
628 218
629 2
629 6
629 501
630 49
630 463
631 8
631 95
632 206
632 495
633 78
633 574
634 248
634 463
635 23
636 7
636 170
637 2
638 2
638 111
639 2
639 7
640 48
640 242
641 1
641 89
642 1
642 43
643 1
643 532
644 105
644 273
645 8
645 438
646 63
646 74
647 98
647 110
648 5
649 97
650 80
650 134
650 291
651 3
651 111
652 177
652 562
653 163
654 123
654 132
655 6
655 150
655 354
656 4
657 121
658 8
658 600
659 177
659 652
660 39
661 5
661 186
661 405
662 8
662 10
663 48
663 640
664 2
664 205
665 206
666 153
666 431
667 228
667 551
668 338
668 346
669 3
670 1
670 3
670 6
670 8
671 291
671 650
672 1
672 385
673 4
673 589
674 8
674 390
675 48
675 242
676 23
676 370
677 2
677 557
678 398
679 8
679 607
680 438
680 645
681 3
682 2
682 17
682 517
683 110
683 625
684 4
685 8
686 6
686 198
686 212
687 291
687 671
688 27
688 140
689 44
689 113
690 11
690 426
691 49
692 405
692 661
693 173
693 322
694 8
695 319
696 68
696 358
697 123
697 340
698 7
698 44
699 0
699 1
699 3
699 5
700 1
700 53
700 487
701 5
701 239
702 236
702 363
703 48
704 1
705 6
705 501
706 186
706 661
707 0
707 699
708 33
709 8
710 8
710 76
711 49
711 463
712 2
712 17
713 346
714 4
714 684
715 574
716 7
716 10
716 99
717 16
717 47
718 264
718 399
719 5
720 540
720 616
721 76
722 0
722 130
723 145
724 1
724 63
724 74
725 4
725 5
725 7
726 4
726 5
727 1
728 1
728 2
728 8
729 16
729 161
730 1
731 8
731 575
732 4
733 8
733 528
734 1
734 48
735 11
735 517
736 365
736 384
737 1
737 2
738 10
738 287
739 111
739 413
740 4
740 684
741 1
741 272
742 4
742 656
743 305
743 357
744 3
745 63
745 359
746 0
746 87
747 236
747 363
748 640
749 332
749 461
750 0
750 5
750 699
751 4
751 5
752 5
752 8
752 26
753 17
754 8
754 26
755 17
755 275
756 98
756 590
757 260
757 494
758 242
758 675
759 7
760 0
761 0
761 2
762 5
762 563
763 56
764 8
765 1
765 3
765 699
766 117
766 126
767 222
767 536
768 87
768 746
769 6
769 11
769 69
770 25
770 617
771 179
771 499
772 344
772 442
773 155
773 189
774 352
775 21
775 24
776 238
776 398
777 1
778 3
778 355
779 3
779 4
779 7
779 185
780 431
780 666
781 355
781 778
782 5
782 56
782 82
783 1
784 2
785 5
786 250
787 288
787 465
788 1
788 89
789 104
789 306
790 5
791 2
791 571
792 21
792 27
793 55
793 154
794 179
794 330
795 121
796 242
796 675
797 260
797 447
798 81
798 335
799 1
800 117
800 512
801 62
802 3
803 571
804 1
805 354
806 8
806 286
807 202
808 18
808 184
809 346
810 117
810 427
811 346
811 527
812 44
812 113
813 70
813 510
814 7
815 273
815 375
816 48
817 78
818 7
819 63
819 359
820 70
820 510
821 10
822 49
822 248
823 2
823 74
824 9
824 336
824 402
825 501
826 10
827 3
828 283
829 78
829 135
830 134
830 248
831 48
831 296
832 56
832 101
833 3
833 582
834 73
835 174
835 243
836 113
836 812
837 0
837 566
838 63
838 141
839 178
840 6
840 274
841 3
842 297
843 48
844 2
844 7
845 39
846 432
846 474
847 402
847 824
848 607
848 679
849 63
849 236
849 422
850 53
851 26
851 121
852 24
852 220
853 7
853 99
853 716
854 2
854 823
855 348
856 1
856 788
857 4
857 48
858 10
858 444
859 5
859 256
860 4
860 185
861 68
861 531
862 78
863 111
863 377
864 24
865 6
865 48
866 53
866 700
867 190
868 4
868 13
869 13
869 538
870 6
870 285
871 174
871 243
872 8
872 528
873 2
873 127
874 63
874 202
875 4
876 44
876 689
877 53
877 850
878 18
879 6
879 7
880 21
880 112
881 661
881 706
882 8
882 383
883 0
883 837
884 5
884 6
885 7
885 170
886 247
887 121
887 298
888 141
888 838
889 0
889 2
889 482
890 74
890 519
891 0
891 7
892 291
893 4
894 81
894 798
895 2
896 21
896 27
897 4
897 224
898 48
898 734
899 4
899 7
900 431
900 666
901 413
901 588
902 6
903 2
903 508
904 12
904 342
905 3
905 7
906 21
906 81
907 304
907 352
908 510
908 813
909 4
909 206
910 88
910 434
911 0
911 214
912 2
912 3
913 5
913 563
914 432
914 474
915 348
915 534
916 198
916 686
917 562
918 74
919 7
919 9
920 132
920 386
921 8
921 575
921 731
922 487
922 700
923 13
923 147
924 2
924 36
925 63
925 363
926 80
926 291
927 23
927 190
928 5
928 462
929 4
930 5
931 4
931 28
932 21
933 5
933 474
934 0
934 407
935 61
936 0
937 413
937 588
938 700
938 922
939 256
939 859
940 30
941 64
941 285
942 203
942 359
943 10
944 0
944 214
945 77
945 144
946 88
946 240
947 0
947 6
948 62
948 65
949 10
949 821
950 248
950 830
951 12
951 342
952 7
952 99
952 716
953 1
953 6
953 64
954 4
954 110
955 2
955 455
956 346
956 527
957 190
957 615
958 6
958 686
959 68
960 7
960 49
961 6
962 91
962 292
963 3
964 5
964 35
965 1
966 12
966 904
967 7
967 919
968 426
969 4
969 206
970 16
970 373
970 395
971 526
972 83
972 535
973 104
974 1
974 369
975 8
975 600
976 49
976 94
976 287
977 9
978 4
978 554
979 0
979 175
979 578
980 33
980 529
981 78
982 3
982 34
983 8
983 49
983 94
984 49
985 0
985 2
985 5
985 6
985 8
986 0
986 6
987 18
987 278
987 621
988 3
989 526
989 540
990 18
991 5
992 121
992 341
993 3
993 42
994 0
994 441
995 6
996 10
997 130
997 722
998 6
998 47
999 686
999 958
