1 0
2 0
2 1
3 0
3 1
3 2
4 0
4 1
4 2
4 3
5 0
5 1
5 2
5 3
5 4
6 0
6 1
6 2
6 3
6 4
6 5
7 0
7 1
7 2
7 3
7 4
7 5
7 6
8 0
8 1
8 2
8 3
8 4
8 5
8 6
8 7
9 0
9 1
9 2
9 3
9 4
9 5
9 6
9 7
9 8
10 0
10 1
10 2
10 3
10 4
10 5
10 6
11 1
11 2
11 3
11 4
11 5
11 6
11 7
11 8
11 9
12 0
12 1
12 2
12 3
12 4
12 5
12 6
12 7
13 0
13 2
13 3
13 4
13 5
13 6
14 0
14 1
14 4
14 5
15 0
15 1
15 2
15 3
15 4
15 7
15 8
16 3
16 4
16 5
16 6
17 4
17 5
17 6
17 16
18 0
18 2
18 3
18 5
19 0
19 1
19 2
19 3
19 4
19 5
19 7
20 0
20 3
20 4
20 5
20 6
20 13
21 0
21 2
21 7
22 0
22 1
22 2
22 3
22 4
23 0
23 1
23 2
23 3
23 4
23 5
23 6
24 0
24 1
24 2
24 3
24 5
24 6
24 12
25 0
25 1
25 2
25 3
25 10
26 0
26 1
26 2
26 3
26 5
27 0
27 1
27 3
27 6
27 10
28 0
28 1
28 3
28 10
28 27
29 0
29 1
29 2
29 3
29 4
29 5
29 6
29 7
29 12
30 0
30 1
30 2
30 3
30 4
30 6
30 7
30 12
31 0
31 1
31 2
31 3
31 5
31 6
31 12
32 0
32 2
32 3
32 5
32 6
32 12
32 24
33 0
33 2
33 3
33 4
33 5
33 7
34 0
34 1
34 2
34 3
35 0
35 1
35 2
36 0
36 1
36 2
36 4
36 5
36 6
36 8
36 9
37 0
37 1
37 2
37 3
37 4
37 5
37 6
38 0
38 1
38 2
38 4
38 5
38 6
38 9
39 0
39 1
39 2
40 0
40 1
40 2
40 3
40 5
40 6
40 12
40 31
41 0
41 1
41 2
41 3
41 4
41 5
41 6
41 7
42 0
42 1
42 2
42 3
42 4
42 5
42 7
43 1
43 3
43 4
43 5
43 7
43 8
43 9
43 11
44 0
44 1
44 2
44 3
44 5
44 6
44 12
44 31
45 0
45 2
45 3
45 5
45 6
46 0
46 2
46 3
46 4
46 5
46 6
46 13
47 0
47 2
47 3
47 5
47 6
47 45
48 3
48 4
48 5
48 7
48 8
48 9
48 11
49 2
49 3
49 4
49 6
49 7
49 8
49 9
49 11
50 0
50 1
50 2
50 4
50 5
50 6
50 8
51 1
51 2
51 3
51 4
51 5
51 37
52 0
52 2
52 3
52 4
52 6
52 7
52 12
53 0
53 1
53 2
53 3
53 5
53 6
53 12
54 0
54 1
54 2
54 3
54 4
54 6
54 7
54 12
54 30
55 0
55 1
55 2
55 4
55 5
55 8
55 9
56 0
56 1
56 2
56 3
56 5
57 1
57 2
57 3
57 5
57 6
57 7
57 8
57 9
58 1
58 2
58 3
58 5
58 6
58 12
58 31
58 44
59 0
59 2
59 3
59 4
59 5
59 6
59 13
60 1
60 3
60 4
60 5
60 7
60 8
60 9
60 11
60 43
61 0
61 1
61 2
61 3
61 4
61 5
61 6
61 12
62 0
62 1
62 2
62 3
62 4
62 5
62 6
62 10
63 0
63 1
63 3
63 10
63 27
63 28
64 0
64 1
64 2
64 3
64 4
64 5
64 6
64 7
65 3
65 4
65 5
65 6
65 16
66 0
66 1
66 2
66 3
66 4
66 5
67 3
67 4
67 5
67 6
67 16
68 1
68 2
68 3
68 4
68 5
68 6
68 7
68 8
68 11
69 0
69 2
69 4
69 5
69 6
69 8
70 0
70 1
70 35
71 1
71 3
71 5
71 7
71 9
72 2
72 3
72 4
72 6
72 7
72 8
72 9
72 11
73 0
73 1
73 2
73 3
73 4
73 6
73 7
73 8
74 0
74 1
74 2
75 1
75 3
75 4
75 6
75 7
75 8
75 9
75 11
76 0
76 2
76 3
76 4
76 5
76 6
76 13
76 59
77 0
77 2
77 3
77 4
77 5
77 6
77 13
78 1
78 3
78 4
78 5
78 8
78 9
78 11
78 43
79 0
79 2
79 3
79 5
79 7
80 0
80 1
80 2
80 3
80 6
80 7
80 12
80 30
80 54
81 0
81 1
81 2
81 4
81 5
81 6
81 7
82 1
82 4
82 5
82 7
82 8
82 11
82 43
82 60
83 3
83 4
83 5
83 7
83 8
83 9
83 11
83 48
84 0
84 1
84 3
84 6
84 7
84 12
84 30
84 54
84 80
85 1
85 2
85 3
85 5
85 7
85 8
85 9
86 0
86 1
86 2
86 35
87 0
87 1
87 2
87 3
87 10
87 25
88 0
88 2
88 3
88 26
89 3
89 4
89 8
89 9
89 11
89 43
90 3
90 4
90 5
90 7
90 8
90 9
90 11
90 48
91 1
91 4
91 6
91 7
91 8
91 11
91 75
92 0
92 1
92 2
92 3
92 10
92 25
92 87
93 1
93 3
93 4
93 5
93 7
93 8
93 9
93 43
94 1
94 4
94 5
94 7
94 8
94 11
94 82
95 0
95 2
95 5
95 6
95 12
95 31
95 40
96 0
96 1
96 2
96 3
96 4
96 5
96 6
96 10
96 62
97 0
97 1
97 4
97 5
97 6
97 7
97 8
97 9
98 0
98 1
98 2
98 3
98 5
98 6
98 37
99 0
99 1
99 2
99 5
100 0
100 1
100 3
100 4
100 5
100 6
100 7
100 8
100 9
101 2
101 4
101 6
101 7
101 8
101 9
101 11
101 72
102 0
102 1
102 3
102 6
102 10
102 27
103 0
103 1
103 2
103 6
103 7
104 1
104 3
104 5
104 8
104 9
104 11
104 43
104 60
105 3
105 6
105 12
106 0
106 3
106 4
106 6
106 13
107 1
107 4
107 7
107 8
107 43
107 82
108 4
108 8
108 43
108 60
109 0
109 2
109 6
109 12
109 44
110 0
110 2
110 4
110 5
110 6
110 8
111 0
111 1
111 2
111 3
111 5
111 6
111 10
111 62
111 96
112 1
112 4
112 7
112 8
112 11
112 75
112 91
113 0
113 1
113 2
113 3
113 4
113 5
113 6
113 7
113 41
114 1
114 2
114 3
114 4
114 6
114 7
114 12
114 30
114 54
115 3
115 4
115 6
115 8
115 9
115 11
116 0
116 1
116 2
116 3
116 4
116 7
116 8
117 0
117 1
117 2
117 3
117 4
117 5
117 6
117 10
118 0
118 3
118 5
118 6
118 12
118 32
119 0
119 1
119 2
119 3
119 4
119 5
119 6
119 12
120 0
120 2
120 3
120 5
120 7
120 79
121 0
121 2
121 3
121 5
121 6
121 12
121 24
122 0
122 2
122 4
122 5
122 6
122 13
123 3
123 4
123 5
123 7
123 8
123 9
124 0
124 1
124 2
124 3
124 4
124 10
124 117
125 2
125 3
125 4
125 6
125 7
125 8
125 9
125 11
125 72
126 0
126 2
126 4
126 5
126 6
126 8
127 0
127 1
127 2
127 3
127 5
127 6
127 12
127 24
128 0
128 1
128 2
128 4
128 7
128 15
129 2
129 3
129 4
129 5
129 6
129 7
129 8
129 11
130 1
130 5
130 7
130 8
130 43
130 60
130 82
131 0
131 2
131 3
131 4
131 5
131 6
131 10
131 62
131 96
132 0
132 2
132 3
132 6
132 7
132 12
133 0
133 1
133 2
133 4
133 5
133 8
133 9
133 55
134 0
134 1
134 4
134 5
134 6
134 7
134 8
135 0
135 3
135 6
135 12
135 132
136 3
136 6
136 12
137 0
137 1
137 2
137 3
137 4
137 22
138 0
138 1
138 2
138 3
138 10
138 25
138 87
138 92
139 3
139 4
139 6
139 8
139 9
139 11
139 49
140 0
140 1
140 2
140 3
140 5
140 7
140 42
141 0
141 2
141 3
141 5
141 6
141 45
142 0
143 0
143 1
143 2
143 3
143 4
143 42
144 0
144 2
144 3
144 4
144 22
145 0
145 1
145 2
145 3
145 5
145 7
145 42
145 140
146 0
146 4
146 10
146 117
147 0
147 5
147 6
147 12
147 118
148 1
148 2
148 3
148 5
148 7
148 8
148 9
149 2
149 3
149 4
149 6
149 8
150 1
150 3
150 4
150 42
150 143
151 1
151 2
151 3
151 5
151 8
152 0
152 1
152 2
152 3
152 5
152 6
152 12
153 2
153 3
153 4
153 6
153 7
153 11
153 125
154 3
154 4
154 5
154 7
154 8
154 9
155 2
155 3
155 4
155 6
155 7
155 8
155 9
155 11
155 72
156 0
156 1
156 2
156 74
157 0
157 2
157 5
157 6
157 13
158 2
158 3
158 4
158 6
158 7
158 9
158 11
158 72
158 125
159 0
159 1
159 5
159 6
159 7
159 8
159 134
160 2
160 3
160 7
160 8
160 15
161 1
161 2
161 3
161 6
161 7
161 8
161 57
162 4
162 5
162 7
162 8
162 9
162 11
162 48
163 0
163 1
163 2
163 3
163 5
163 6
164 3
164 4
164 7
164 8
164 9
164 154
165 0
165 2
165 6
165 44
165 109
166 1
166 2
167 0
167 1
167 4
167 5
167 6
167 7
167 8
167 97
168 0
168 1
168 2
168 4
168 5
168 6
168 8
168 9
168 36
169 2
169 3
169 4
169 6
169 7
169 8
169 9
169 11
170 0
170 2
170 5
170 6
170 12
170 24
170 121
171 4
171 5
171 6
171 16
172 0
172 1
172 2
172 3
172 5
172 6
172 37
172 98
173 0
173 1
173 2
173 10
173 25
173 92
173 138
174 0
174 1
174 2
174 3
174 4
174 22
175 0
175 2
175 3
175 4
175 5
175 6
175 13
175 76
176 0
176 2
176 4
176 5
176 6
176 69
177 0
177 1
177 2
177 3
177 5
177 7
177 42
178 0
178 2
178 3
178 4
178 5
178 13
179 0
179 5
179 12
179 118
180 2
180 10
180 25
180 92
180 138
181 2
181 3
181 5
181 7
181 33
182 0
182 1
182 2
182 3
182 4
182 42
182 143
183 0
183 1
183 2
183 3
183 4
183 5
183 6
183 7
183 8
184 0
184 2
184 3
184 4
184 5
184 6
184 10
184 62
184 96
184 131
185 0
185 1
185 2
185 3
185 5
185 6
185 12
186 0
186 1
186 2
186 4
186 5
186 8
186 9
187 0
187 2
187 4
187 5
187 6
187 8
187 110
188 2
188 3
188 5
188 6
188 45
189 0
189 1
189 2
189 5
189 6
189 12
189 31
189 40
190 0
190 2
190 4
190 5
190 8
190 9
190 55
191 0
191 1
191 2
191 5
191 6
191 8
191 36
192 2
192 3
192 4
192 5
192 6
192 13
193 0
193 2
193 4
193 5
193 6
193 13
194 3
194 4
194 5
194 6
194 16
195 1
195 5
195 7
195 43
195 60
195 82
195 130
196 0
196 1
196 2
196 3
196 5
196 12
196 24
197 0
197 2
197 3
197 5
197 18
198 2
198 3
198 4
198 5
198 13
199 0
199 1
199 2
199 3
199 4
199 6
199 12
199 30
200 3
200 5
200 6
200 13
200 46
201 0
201 1
201 2
201 3
201 5
201 6
201 10
201 62
201 96
202 0
202 1
202 2
202 3
202 10
202 25
202 87
203 0
203 4
203 10
203 117
204 3
204 4
204 5
204 8
204 9
204 11
205 0
205 2
205 3
205 4
205 6
205 10
205 62
205 96
205 131
206 1
206 4
206 7
206 8
206 11
206 91
206 112
207 1
207 2
207 3
207 5
207 7
207 8
207 9
208 4
208 5
208 7
208 8
208 9
208 11
208 48
208 162
209 3
209 4
209 10
209 62
209 96
209 131
210 1
210 2
210 5
210 7
210 8
210 9
210 85
211 0
211 1
211 2
211 3
212 3
212 5
212 8
212 9
212 11
212 204
213 2
213 3
213 5
213 8
214 0
214 1
214 2
214 3
214 6
214 12
215 2
215 3
215 4
215 5
215 6
215 13
215 46
216 1
216 6
216 7
217 0
217 3
217 4
217 5
217 6
218 1
218 2
218 3
218 4
218 6
218 7
218 12
218 30
218 54
219 1
219 3
219 5
219 9
219 71
220 0
220 1
220 2
220 3
220 6
220 7
220 12
220 30
220 54
221 0
221 1
221 3
221 6
221 10
221 27
222 0
222 1
222 3
222 4
222 5
222 6
222 7
222 8
222 9
223 0
223 2
223 3
223 5
223 6
223 45
224 4
224 6
224 8
224 9
224 11
224 72
224 125
225 2
225 3
225 4
225 5
225 13
226 0
226 1
226 4
226 5
226 9
226 186
227 0
227 3
227 4
227 5
227 6
227 13
227 20
228 0
228 1
228 2
228 3
228 5
228 6
228 12
229 0
229 2
229 6
229 45
229 223
230 0
230 3
230 6
230 12
230 132
230 135
231 0
231 1
231 4
231 5
231 6
231 7
231 8
231 167
232 1
232 3
232 4
232 6
232 12
232 54
232 114
233 0
233 3
233 6
233 10
234 0
234 2
234 3
234 4
234 5
234 7
235 1
235 2
235 3
235 4
235 5
235 37
235 51
236 1
236 2
236 4
236 6
236 12
236 30
237 0
237 1
237 35
237 70
238 0
238 1
238 2
238 10
238 25
239 0
239 3
239 6
239 10
239 233
240 0
240 1
240 2
240 5
240 56
241 0
241 2
241 4
241 5
241 8
241 9
241 55
241 190
242 2
242 3
242 4
242 7
242 8
242 9
242 11
242 72
242 155
243 0
243 1
243 2
243 3
243 4
243 5
243 6
243 8
243 183
244 0
244 1
244 3
244 4
244 6
244 8
244 73
245 0
245 2
245 3
245 6
245 7
245 30
245 54
245 220
246 3
246 6
246 10
246 233
247 0
247 2
247 6
247 13
247 157
248 0
248 1
248 2
248 3
248 4
248 5
249 1
249 2
249 3
249 4
249 5
249 248
250 0
250 2
250 3
250 4
250 5
250 13
250 178
251 0
251 2
251 4
251 5
251 6
251 8
251 126
252 1
252 2
252 3
252 6
252 8
252 57
253 2
253 3
253 4
253 8
253 9
253 11
253 72
253 242
254 0
254 2
254 3
254 5
254 6
254 45
254 47
255 0
255 1
256 1
256 2
256 3
256 4
256 6
256 7
256 12
256 30
256 54
257 0
257 1
257 2
257 3
257 10
258 0
258 1
258 2
258 3
258 5
258 6
258 24
259 0
259 2
259 5
259 6
259 13
259 157
260 1
260 2
260 3
260 25
260 87
260 92
260 138
261 3
261 4
261 6
261 7
261 8
261 9
261 11
262 0
262 1
262 3
262 5
262 6
262 7
262 12
263 0
263 2
263 4
263 5
263 6
263 13
264 0
264 4
264 6
264 8
264 110
265 0
265 1
265 5
265 6
265 7
265 167
266 0
266 2
266 10
266 257
267 3
267 4
267 6
267 8
267 9
267 11
267 75
268 3
268 4
268 5
268 8
268 9
268 11
269 0
269 1
269 2
269 74
270 0
270 2
270 3
270 5
270 6
270 12
270 24
271 1
271 3
271 5
271 8
271 9
271 11
271 43
271 60
272 0
272 2
272 5
272 6
272 13
272 157
273 0
273 2
273 3
273 4
273 5
273 6
273 13
273 59
274 0
274 1
274 2
274 3
274 10
274 25
274 87
275 0
275 2
275 4
275 5
275 6
275 7
275 8
275 9
276 1
276 2
276 3
276 6
276 31
276 44
277 0
277 1
277 2
277 4
277 5
277 6
277 9
277 38
278 0
278 1
278 2
278 74
278 156
279 1
279 3
279 5
279 6
279 7
279 12
279 262
280 1
280 2
280 3
280 5
280 6
280 31
280 44
281 0
281 1
281 2
281 3
281 4
281 22
282 1
282 3
282 4
282 5
282 7
282 8
282 9
282 43
282 93
283 0
283 2
283 3
283 4
283 5
283 6
283 13
284 4
284 8
284 9
284 11
284 72
284 125
285 0
285 3
285 6
285 10
285 233
285 239
286 0
286 2
286 4
286 5
286 6
286 13
287 0
287 1
287 2
287 3
287 10
287 25
287 87
287 202
288 1
288 2
288 3
288 4
288 6
288 7
288 12
288 30
288 54
288 256
289 2
289 3
289 4
289 6
289 7
289 8
289 9
289 11
289 169
290 1
290 2
290 4
290 5
290 8
290 9
290 133
291 0
291 2
291 3
291 4
291 5
291 13
291 76
292 0
292 1
292 2
292 3
292 5
292 6
292 12
293 0
293 2
293 35
294 1
294 3
294 5
294 7
294 8
294 9
294 43
294 282
295 0
295 1
295 2
295 3
295 4
296 1
296 2
296 3
296 5
296 6
296 53
297 0
297 1
297 3
297 10
297 27
297 28
298 1
298 3
298 5
298 7
298 8
298 9
298 207
299 1
299 2
299 3
299 8
299 57
299 252
300 1
300 7
300 11
300 43
300 60
301 1
301 2
301 3
301 5
301 7
301 42
302 3
302 6
302 10
302 233
303 0
303 1
303 2
303 3
303 10
303 117
304 1
304 3
304 5
304 7
304 8
304 9
304 43
304 282
304 294
305 0
305 1
305 2
305 5
305 56
306 0
306 1
306 2
306 3
306 5
306 6
306 12
306 292
307 0
307 6
307 7
307 8
307 159
308 0
308 1
308 2
308 3
308 211
309 0
309 1
309 2
309 3
309 4
309 5
309 6
309 12
309 119
310 2
310 3
310 4
310 5
310 248
310 249
311 0
311 3
311 6
311 10
311 233
312 0
312 3
312 4
312 6
312 13
313 0
313 1
313 2
313 3
313 4
313 5
313 6
313 62
313 96
314 4
314 5
314 6
314 16
314 67
315 1
315 4
315 7
315 8
315 43
315 82
315 107
316 0
316 2
316 5
316 6
316 13
317 1
317 6
318 0
318 1
318 2
318 5
318 6
318 12
318 31
318 40
318 189
319 0
319 2
319 3
319 6
319 7
319 30
319 54
319 220
319 245
320 0
320 1
320 27
320 28
321 1
321 3
321 5
321 8
321 9
321 207
321 298
322 1
322 3
322 4
322 5
322 7
322 9
322 11
323 1
323 3
323 5
323 7
323 9
323 71
324 0
324 2
324 3
324 10
324 25
324 87
324 92
325 1
325 2
325 3
325 5
325 6
325 12
325 185
326 1
326 2
326 4
326 5
326 6
326 7
326 8
326 9
326 11
327 0
327 2
327 3
327 4
327 5
327 6
327 8
327 183
328 4
328 5
328 7
328 8
328 9
328 11
328 60
329 0
329 2
329 3
329 4
329 8
329 116
330 0
330 2
330 3
330 4
330 5
330 7
330 234
331 0
331 1
331 2
331 5
332 0
332 1
332 2
332 3
332 10
332 87
332 202
333 0
333 2
333 3
333 5
333 6
333 12
333 24
333 270
334 4
334 5
334 16
334 67
335 0
335 1
335 2
335 3
335 25
335 87
335 138
336 2
336 3
336 4
336 6
336 7
336 11
336 72
336 125
337 0
337 3
337 4
337 5
337 6
337 217
338 0
338 1
338 2
338 4
338 5
338 6
338 8
338 50
339 4
339 8
339 9
339 72
339 125
340 0
340 3
340 4
340 6
340 13
340 312
341 2
341 3
341 4
341 5
341 6
341 7
341 8
341 11
342 0
342 3
342 4
342 5
342 6
342 13
342 227
343 2
343 3
343 4
343 7
343 8
343 11
344 0
344 1
344 2
344 3
344 5
344 6
345 1
345 2
345 3
345 211
345 308
346 0
346 1
346 3
346 4
346 5
346 6
347 0
347 3
347 10
347 117
348 0
348 2
348 4
348 5
348 8
348 9
348 55
348 190
349 1
349 4
349 6
349 12
349 30
350 1
350 4
350 5
350 6
350 7
350 8
351 2
351 5
351 6
351 12
351 292
352 0
352 2
352 3
352 5
352 6
352 13
352 59
353 0
353 1
353 2
353 3
353 10
353 25
353 92
354 3
354 4
354 6
354 8
354 9
354 11
354 75
354 267
355 0
355 2
355 3
355 6
355 7
355 12
355 30
355 80
356 3
356 6
356 12
357 1
357 3
357 4
357 5
357 248
357 249
358 3
358 4
358 5
358 6
358 16
359 0
359 3
359 6
359 12
359 132
359 135
359 230
360 1
360 4
360 5
360 7
360 8
360 9
360 43
361 1
361 4
361 8
361 43
361 82
362 0
362 1
362 2
362 3
362 5
362 6
362 12
363 2
363 3
363 4
363 5
363 6
363 13
364 3
364 4
364 5
364 6
364 16
364 65
365 2
365 3
365 5
365 13
365 46
365 215
366 2
366 3
366 4
366 5
366 6
366 7
366 8
366 9
366 11
367 0
367 2
367 3
367 6
367 7
367 64
368 0
368 1
368 3
368 5
368 6
368 24
369 0
369 1
369 4
369 5
369 6
369 10
369 117
370 0
370 4
370 10
370 117
370 146
371 0
371 1
371 2
371 3
371 5
371 6
371 10
371 62
372 0
372 2
372 5
372 6
372 157
372 259
373 0
373 2
373 3
373 7
373 12
374 0
374 2
374 3
374 4
374 5
374 6
374 13
374 59
374 76
375 0
375 3
375 6
375 13
375 312
375 340
376 0
376 1
376 2
376 56
377 2
377 10
377 25
377 92
377 138
377 180
378 0
378 2
378 5
378 6
378 8
378 36
379 0
379 2
379 3
379 4
379 5
379 6
379 7
379 8
380 1
380 2
380 3
380 6
380 8
380 57
380 252
381 0
381 2
381 3
381 7
381 12
382 0
382 1
382 2
382 3
382 10
382 25
383 1
383 2
383 3
383 4
383 5
383 7
383 19
384 0
384 3
384 217
385 2
385 7
385 160
386 0
386 2
386 3
386 5
386 6
386 45
386 47
387 1
387 3
387 4
387 5
387 249
387 357
388 1
388 2
388 3
388 8
388 57
388 252
388 299
389 1
389 2
389 3
389 211
390 0
390 3
390 4
390 5
390 6
390 183
391 4
391 8
391 43
391 82
392 0
392 1
392 3
392 6
392 7
392 30
392 54
393 0
393 1
393 2
393 5
393 6
393 12
393 189
393 318
394 0
394 1
394 3
394 4
394 5
394 6
394 8
394 9
395 0
395 3
395 4
395 5
395 6
395 13
395 227
395 342
396 2
396 3
396 4
396 5
396 7
396 19
396 383
397 1
397 3
397 6
397 7
397 9
397 11
398 0
398 1
398 2
398 3
398 4
398 5
399 3
399 4
399 5
399 8
399 9
399 11
399 43
400 0
400 2
400 3
400 5
400 6
400 12
400 24
400 270
401 0
401 1
401 74
401 269
402 4
402 5
402 6
402 8
402 126
403 0
403 1
403 2
403 3
403 4
403 5
403 6
403 183
404 0
404 2
404 3
404 5
404 6
404 45
404 223
405 0
405 1
405 3
405 4
405 5
405 6
405 7
405 8
405 9
406 3
406 5
406 6
406 16
407 0
407 1
407 2
407 4
407 42
407 143
408 3
408 4
408 6
408 8
408 9
408 11
408 169
408 289
409 2
409 3
409 4
409 5
409 6
409 13
409 46
409 215
410 1
410 2
410 3
410 5
410 6
410 31
410 44
411 3
411 4
411 5
411 9
411 43
411 399
412 0
412 1
412 2
412 3
412 5
412 42
413 0
413 1
413 3
413 6
413 10
413 27
413 102
414 1
414 3
414 4
414 5
414 7
414 8
414 9
414 43
415 1
415 3
415 6
415 7
415 8
415 9
415 11
415 75
416 0
416 2
416 5
416 13
416 157
417 2
417 3
417 4
417 9
417 11
417 72
417 242
417 253
418 1
418 2
418 3
418 4
418 5
418 6
418 7
418 8
418 9
418 11
419 2
419 5
419 6
419 45
419 188
420 0
420 1
420 2
420 3
420 4
420 5
420 6
420 10
420 62
421 0
421 1
421 5
421 6
421 7
421 8
421 134
422 0
422 6
422 13
422 316
423 0
423 2
423 5
423 6
424 1
424 2
424 3
424 5
424 12
425 0
425 2
425 3
425 4
425 5
425 6
426 3
426 4
426 5
426 9
426 399
426 411
427 1
427 2
427 3
427 211
427 389
428 4
428 13
428 20
429 0
429 1
429 3
429 5
429 7
429 42
429 177
430 0
430 6
430 7
430 159
431 0
431 1
431 4
431 7
431 15
431 128
432 0
432 3
432 4
432 5
432 6
432 13
432 227
432 342
433 0
433 1
433 2
433 3
433 4
433 295
434 2
434 4
434 6
434 12
434 30
434 236
435 1
435 4
435 5
435 7
435 8
435 9
435 43
435 360
436 0
436 1
436 2
436 3
436 211
437 0
437 2
437 3
437 5
437 6
437 47
438 1
438 2
438 3
438 5
438 6
438 31
438 44
438 280
439 1
439 10
439 25
439 87
439 92
439 138
440 0
440 2
440 4
440 5
440 6
440 13
440 193
441 1
441 2
441 3
441 4
441 6
441 7
441 12
441 30
441 54
442 0
442 6
442 13
442 316
442 422
443 0
443 1
443 2
443 39
444 0
444 1
444 2
444 3
444 4
444 10
444 117
445 0
445 2
445 3
445 4
445 5
445 6
445 13
445 59
445 76
446 0
446 1
446 2
446 3
446 6
446 96
446 313
447 0
447 1
447 2
447 3
447 4
447 6
447 7
447 8
448 0
448 1
448 2
448 3
448 5
448 6
448 7
448 41
449 0
449 3
449 4
449 6
449 13
449 106
450 0
450 1
450 2
450 4
450 5
450 7
451 0
451 54
451 80
451 84
452 1
452 3
452 5
452 7
452 8
452 207
453 0
453 1
453 2
453 3
453 5
453 6
453 10
453 62
453 96
454 0
454 1
454 2
454 5
454 7
454 140
454 145
455 0
455 2
455 4
455 5
455 6
455 10
455 62
455 96
455 131
456 0
456 3
456 6
456 10
456 233
457 1
457 3
457 6
457 57
457 252
458 2
458 5
458 6
458 45
459 0
459 3
459 12
459 132
460 1
460 2
460 3
460 6
460 31
461 0
461 3
461 12
461 132
461 459
462 1
462 2
462 3
462 4
462 6
462 30
462 54
462 441
463 0
463 1
463 2
463 3
463 10
464 0
464 1
464 2
464 3
464 10
464 25
465 0
465 2
465 4
465 5
465 176
466 1
466 2
466 3
466 4
466 5
466 6
466 7
466 11
466 68
467 0
467 1
467 2
467 10
467 25
468 3
468 4
468 8
468 9
468 11
468 75
468 267
469 1
469 2
469 3
469 4
469 5
469 6
469 7
469 8
470 0
470 1
470 2
470 269
471 0
471 1
471 2
471 10
471 238
472 0
472 2
472 4
472 5
472 8
473 0
473 1
473 2
473 3
473 211
473 436
474 3
474 6
474 7
474 9
474 397
475 0
475 1
475 2
475 3
475 4
475 22
475 137
476 4
476 6
476 8
476 11
476 224
477 2
477 3
477 7
477 12
477 381
478 0
478 1
478 3
478 4
478 5
478 6
479 4
479 6
479 11
479 224
479 476
480 4
480 8
480 9
480 55
481 0
481 2
481 3
481 4
481 5
481 6
481 10
481 62
481 131
482 1
482 2
482 3
482 5
482 7
482 42
482 301
483 0
483 4
483 10
483 117
484 0
484 1
484 2
484 6
485 2
485 3
485 4
485 5
485 6
485 7
485 8
486 2
486 10
486 25
486 92
486 138
486 180
487 1
487 2
487 3
487 5
487 7
487 42
487 301
488 1
488 2
488 3
488 8
488 57
488 252
489 0
489 1
489 2
489 3
489 4
489 5
489 398
490 2
490 3
490 4
490 5
490 6
490 7
490 8
491 6
491 13
491 316
491 422
491 442
492 0
492 2
492 35
492 293
493 2
493 4
493 5
493 13
493 178
493 250
494 0
494 1
494 3
494 6
494 10
495 0
495 1
495 2
495 3
495 5
495 37
495 98
495 172
496 3
496 8
496 11
496 75
496 267
497 2
497 3
497 4
497 6
497 7
497 8
497 9
497 11
497 169
498 1
498 2
498 3
498 6
498 7
498 12
498 30
498 54
499 1
499 2
499 3
499 7
499 8
499 57
499 161
500 0
500 1
500 2
500 3
500 10
500 25
500 87
500 92
500 138
501 0
501 1
501 3
501 4
501 42
501 143
502 0
502 3
502 4
502 5
502 13
502 227
502 342
503 0
503 2
503 3
503 4
503 7
504 0
504 2
504 3
504 7
504 30
504 54
504 220
504 245
505 0
505 1
505 2
505 74
505 269
506 4
506 5
506 6
506 8
506 126
506 402
507 1
507 3
507 6
507 7
507 30
507 256
508 3
508 4
508 8
508 9
508 11
509 0
509 1
509 2
509 3
509 6
509 10
509 62
509 96
510 0
510 1
510 3
510 5
510 6
510 12
511 5
511 6
511 8
511 402
511 506
512 0
512 1
512 2
512 3
512 4
512 22
513 1
513 5
513 6
513 31
513 44
513 280
514 0
514 1
514 2
514 42
514 143
515 1
515 2
515 3
515 4
515 6
515 7
515 54
516 0
516 2
516 4
516 5
516 6
516 62
516 96
516 131
517 0
517 3
517 4
517 22
517 144
518 1
518 2
518 3
518 5
518 6
518 31
519 3
519 4
519 7
519 8
519 9
519 164
520 2
520 3
520 4
520 6
520 7
520 8
521 0
521 3
521 6
521 7
521 12
521 132
522 0
522 1
522 3
522 10
522 27
522 102
523 0
523 1
523 2
524 0
524 10
524 233
525 0
525 1
525 2
525 5
525 6
525 12
525 318
525 393
526 3
526 4
526 5
526 9
526 43
526 399
526 411
527 2
527 3
527 5
527 6
527 31
527 44
528 0
528 3
528 4
528 5
528 6
528 13
528 342
528 432
529 1
529 4
529 5
529 8
529 11
529 82
529 94
530 1
530 6
530 7
530 8
530 134
531 4
531 5
531 7
531 8
531 9
531 43
531 360
531 435
532 2
532 3
532 4
532 5
532 13
532 46
532 215
532 409
533 0
533 1
533 2
533 3
533 4
534 2
534 10
534 92
534 180
535 4
535 5
535 6
535 13
535 46
535 215
536 1
536 6
536 216
537 0
537 1
537 2
537 5
537 6
537 12
537 40
537 318
538 0
538 1
538 2
538 3
538 6
538 37
538 98
539 0
539 1
539 4
539 5
539 6
539 10
539 117
539 369
540 3
540 4
540 6
540 7
540 8
540 9
540 11
540 261
541 2
541 3
541 5
541 7
541 8
542 0
542 2
542 5
542 6
542 24
542 270
543 1
543 2
543 3
543 5
543 7
543 8
544 2
544 5
544 6
544 12
544 40
544 318
545 0
545 2
545 3
545 4
545 7
545 12
545 52
546 0
546 1
546 2
546 3
546 5
546 6
546 12
546 31
547 0
547 5
547 6
548 0
548 1
548 2
548 6
548 12
548 31
548 40
549 1
549 5
549 7
549 43
549 60
549 130
549 195
550 0
550 1
550 3
550 4
550 42
551 1
551 2
551 3
551 6
551 8
551 57
551 252
552 0
552 4
552 7
552 128
552 431
553 3
553 4
553 5
553 8
553 9
553 11
553 43
553 399
554 1
554 3
554 6
554 7
554 12
554 30
554 54
554 498
555 0
555 2
555 3
555 5
555 6
555 10
555 62
555 96
556 2
556 3
556 4
556 5
556 6
556 46
557 0
557 2
557 3
557 5
557 12
557 24
557 270
558 2
558 3
558 4
558 6
558 8
558 520
559 1
559 2
559 211
559 389
559 427
560 1
560 5
560 6
560 44
560 280
561 0
561 2
561 3
561 6
561 10
561 62
561 96
561 509
562 2
562 3
562 4
562 7
562 8
562 9
562 11
563 0
563 5
563 6
563 7
563 8
563 134
563 159
564 0
564 3
564 4
564 5
564 7
564 234
565 0
565 1
565 4
565 5
565 9
565 186
565 226
566 1
566 2
566 389
566 427
567 0
567 1
567 2
567 3
567 4
567 5
567 42
568 0
568 2
568 3
568 4
568 5
568 6
568 183
569 1
569 2
569 4
569 6
569 30
569 236
570 0
570 1
570 2
570 3
570 4
570 6
570 7
570 8
570 447
571 2
571 3
571 4
571 9
571 11
571 72
571 242
571 253
571 417
572 5
572 16
572 67
572 334
573 0
573 6
573 13
574 0
574 2
574 3
574 4
574 5
574 6
574 8
574 183
575 0
575 1
575 3
575 4
575 5
575 6
575 62
575 96
576 0
576 2
576 3
576 6
576 98
577 0
577 1
577 4
577 5
577 6
577 7
577 167
577 231
578 0
578 2
578 3
578 4
578 5
578 6
578 7
578 12
579 1
579 6
579 54
579 441
579 462
580 0
580 2
580 4
580 5
580 6
580 62
580 96
580 131
580 516
581 0
581 1
581 3
581 4
581 5
581 478
582 0
582 2
582 5
582 6
583 0
583 1
583 3
583 5
583 7
583 42
583 429
584 0
584 2
584 35
584 293
585 4
585 5
585 6
585 16
585 358
586 1
586 2
586 3
586 4
586 5
586 6
586 7
586 9
587 0
587 1
587 5
587 6
587 7
587 8
587 167
588 1
588 2
588 3
588 4
588 6
588 7
588 12
588 30
588 54
588 256
589 0
589 1
589 2
589 5
589 6
589 12
589 40
589 189
589 318
590 3
590 4
590 6
590 8
590 9
590 11
590 75
590 267
590 354
591 0
591 3
591 4
591 5
591 6
591 13
591 20
592 0
592 1
592 4
592 5
592 6
592 7
592 8
593 0
593 2
593 5
593 6
593 12
593 24
593 32
594 2
594 3
594 4
594 6
594 8
594 149
595 2
595 3
595 4
595 5
595 12
595 119
596 1
596 4
596 5
596 7
596 8
596 9
596 43
596 93
597 0
597 1
597 4
597 5
597 6
597 7
597 8
597 97
598 0
598 1
598 2
598 3
598 5
598 6
598 12
598 119
599 2
599 5
599 24
600 0
600 1
600 2
600 3
600 4
600 6
600 41
601 3
601 4
601 5
601 248
601 249
601 357
602 0
602 1
602 3
602 10
602 27
602 28
602 63
603 4
603 6
603 8
603 9
603 72
604 1
604 3
604 4
604 5
604 6
604 7
604 8
605 2
605 3
605 4
605 5
605 6
605 13
605 192
606 1
606 4
606 7
606 8
606 9
606 93
606 596
607 0
607 2
607 3
607 4
607 5
607 6
607 8
607 183
608 1
608 2
608 5
608 7
608 8
608 543
609 2
609 3
609 4
609 5
609 6
609 13
610 0
610 2
610 5
610 6
610 69
610 176
611 0
611 3
611 6
611 132
611 135
612 6
612 13
612 316
612 422
613 0
613 1
613 2
613 3
613 10
613 25
613 92
613 353
614 6
614 7
614 9
614 397
615 0
615 1
615 5
615 6
615 167
616 0
616 1
616 5
616 6
616 12
616 510
617 1
617 2
617 4
617 5
617 8
617 9
617 133
617 290
618 2
618 3
618 4
618 6
618 7
618 11
618 72
618 125
619 0
619 3
619 4
619 5
619 6
619 13
619 59
619 76
619 445
620 0
620 1
620 2
620 5
620 99
621 0
621 3
621 5
621 6
621 12
622 1
622 2
622 3
622 4
622 5
622 6
622 7
622 8
622 68
623 0
623 1
623 2
623 3
623 4
623 6
623 10
623 62
624 1
624 3
624 5
624 8
624 9
624 11
624 43
624 60
624 271
625 4
625 6
625 8
625 9
625 11
625 169
625 289
625 408
626 3
626 4
626 5
626 7
626 8
626 9
626 48
626 83
627 2
627 3
627 4
627 5
627 10
627 131
627 481
628 0
628 2
628 5
628 6
628 13
628 157
629 2
629 3
629 6
629 8
629 183
629 327
630 0
630 1
630 3
630 6
630 10
630 27
631 3
631 6
631 10
631 233
631 302
632 0
632 1
632 2
632 4
632 398
633 1
633 4
633 6
633 12
633 349
634 3
634 4
634 7
634 8
634 9
634 72
634 155
635 3
635 6
635 10
635 233
635 311
636 1
636 3
636 5
636 7
636 8
636 9
636 294
637 1
637 3
637 5
637 6
637 7
637 12
637 262
637 279
638 0
638 1
638 4
638 7
638 15
638 128
639 0
639 1
640 0
640 2
640 4
640 6
640 193
641 0
641 1
641 2
641 3
641 4
641 5
641 7
642 1
642 3
642 4
642 5
642 6
642 12
642 119
643 0
643 2
643 4
643 6
643 7
643 12
643 52
644 1
644 2
644 3
644 57
644 161
644 499
645 4
645 9
645 72
645 125
646 0
646 1
646 2
646 3
646 211
646 436
646 473
647 0
647 2
647 3
647 4
647 5
647 6
647 62
647 96
648 0
648 3
648 6
648 12
648 132
648 135
649 1
649 3
649 4
649 6
649 7
649 9
649 11
649 75
650 0
650 1
650 7
650 167
650 265
651 0
651 1
651 2
651 3
651 6
651 10
651 62
651 96
651 509
652 2
652 3
652 4
652 5
652 6
652 46
653 0
653 6
653 10
653 239
653 285
654 0
654 2
654 3
654 5
654 7
654 12
654 578
655 2
655 3
655 4
655 6
655 7
655 8
655 11
655 169
655 289
656 5
656 6
657 1
657 2
657 4
657 5
657 6
657 7
658 0
658 1
658 2
658 3
658 4
659 0
659 1
659 3
659 4
659 6
659 8
659 73
659 244
660 0
660 2
660 5
660 6
660 423
661 2
661 3
661 5
661 6
661 12
661 24
661 270
662 2
662 3
662 4
662 6
662 7
662 12
662 30
662 441
663 0
663 1
663 5
663 99
664 0
664 4
664 5
664 6
665 1
665 3
665 4
665 5
665 6
665 346
666 1
666 2
666 3
666 4
666 6
666 7
666 12
666 30
666 54
666 256
667 1
667 3
667 4
667 6
667 12
667 30
667 54
668 0
668 3
668 6
668 12
668 132
668 230
669 1
669 3
669 5
669 8
669 9
669 43
669 282
669 294
669 304
670 3
670 5
670 12
670 32
670 118
671 0
671 1
671 2
671 3
671 5
671 37
671 172
671 495
672 4
672 5
672 8
672 9
672 48
673 0
673 2
673 3
673 5
673 6
673 45
673 254
674 0
674 2
674 5
674 7
674 140
674 145
674 454
675 2
675 3
675 4
675 5
675 6
675 7
675 8
676 3
676 5
676 8
676 9
676 11
677 1
677 3
677 5
677 7
677 8
677 9
677 207
678 4
678 6
678 8
678 11
678 476
679 3
679 4
679 5
679 13
679 20
679 591
680 0
680 2
680 3
680 5
680 6
680 45
680 223
681 0
681 1
681 2
681 3
682 0
682 6
682 10
682 233
682 239
683 0
683 1
683 3
683 6
683 10
683 27
683 102
684 1
684 4
684 5
684 7
684 8
684 9
684 43
684 360
684 435
685 3
685 4
685 6
685 8
685 9
685 11
685 49
685 139
686 0
686 3
686 4
686 5
686 6
686 7
686 9
686 405
687 2
687 3
687 5
688 1
688 3
688 5
688 6
688 7
688 12
688 262
689 2
689 30
689 434
690 0
690 1
690 5
690 6
690 36
691 2
691 3
691 5
691 10
692 2
692 3
692 4
692 6
692 7
692 9
692 11
692 72
692 125
693 2
693 3
693 7
693 301
694 0
694 4
694 5
694 6
694 13
694 59
694 445
694 619
695 1
695 2
695 6
695 7
695 12
695 30
695 54
695 498
696 4
696 5
696 6
697 3
697 4
697 6
697 7
697 8
697 9
697 11
697 261
697 540
698 3
698 4
698 5
698 9
698 399
698 411
698 426
699 0
699 1
699 5
699 6
699 12
699 616
700 4
700 8
700 43
700 82
701 0
701 1
701 2
701 3
701 5
701 6
701 344
702 0
702 1
702 3
702 5
702 6
702 12
702 292
703 0
703 2
703 6
703 13
703 157
703 247
704 0
704 3
704 4
704 5
704 6
704 478
705 0
705 1
705 2
705 3
705 4
705 5
705 6
705 7
706 1
706 2
706 92
706 138
706 173
707 1
707 3
707 7
707 8
707 161
708 0
708 1
708 3
708 4
708 6
708 12
708 119
709 0
709 1
709 2
709 74
709 269
710 2
710 4
710 5
710 8
710 9
710 133
710 290
711 5
711 6
711 12
711 118
711 147
712 0
712 2
712 3
712 5
712 45
712 223
713 0
713 3
713 6
713 7
713 30
713 220
713 245
713 319
714 0
714 3
714 6
714 10
714 62
714 96
714 509
714 561
715 2
715 5
715 7
715 8
715 543
715 608
716 0
716 2
716 3
716 4
716 5
716 6
716 46
717 0
717 1
717 3
717 10
717 27
717 28
717 297
718 3
718 4
718 5
718 7
718 8
718 11
718 43
719 0
719 1
719 2
719 4
719 6
719 8
719 9
719 36
719 168
720 2
720 3
720 4
720 6
720 7
720 8
720 9
720 11
720 72
721 5
721 6
721 12
721 118
721 147
722 1
722 7
722 8
722 82
722 315
723 4
723 5
723 7
723 9
723 43
723 360
723 435
723 531
724 0
724 4
724 5
724 6
724 227
724 342
725 0
725 1
725 2
725 3
725 6
725 24
725 258
726 0
726 2
726 5
726 6
726 12
727 0
727 1
727 35
727 70
727 237
728 0
728 2
728 10
728 25
728 92
728 138
728 173
729 3
729 5
729 687
730 0
730 2
730 3
730 6
730 12
730 30
731 0
731 54
731 80
732 0
732 3
732 4
732 6
732 13
732 227
732 342
732 395
733 1
733 3
733 5
733 8
733 11
733 43
734 0
734 2
734 3
734 4
734 5
734 6
735 0
735 1
735 3
735 4
735 7
735 8
735 15
736 0
736 2
736 10
736 25
737 6
737 316
737 422
737 442
738 1
738 2
738 92
738 138
738 173
738 706
739 1
739 3
739 5
739 6
739 7
740 0
740 3
740 6
740 13
740 106
741 3
741 4
741 7
741 11
741 75
742 0
742 2
742 3
742 4
742 5
742 234
743 0
743 1
743 4
743 5
743 6
743 7
743 8
743 167
744 0
744 2
744 4
744 5
744 8
744 9
744 55
745 0
745 1
745 2
745 6
745 8
745 36
745 191
746 2
746 4
746 7
746 8
746 9
746 11
746 72
747 1
747 2
747 4
747 5
747 8
747 9
747 133
748 0
748 2
748 3
748 6
748 10
748 62
748 96
748 555
749 0
749 1
749 2
749 4
749 6
749 8
750 0
750 1
750 2
750 3
750 4
750 6
750 7
750 41
751 0
751 2
751 5
751 12
751 24
751 270
751 557
752 3
752 5
752 6
752 65
753 0
753 2
753 3
753 4
753 5
753 6
753 13
753 59
754 2
754 4
754 5
754 6
754 8
754 126
754 251
755 0
755 1
755 3
755 5
755 6
756 3
756 4
756 6
756 8
756 9
756 11
756 49
756 685
757 0
757 2
757 3
757 5
757 6
757 12
757 24
758 4
758 8
758 9
758 11
758 72
758 125
758 284
759 1
759 3
759 5
759 7
759 452
760 0
760 1
760 2
760 3
760 37
760 172
760 495
761 1
761 2
761 3
761 4
761 6
761 7
761 12
761 30
761 54
761 588
762 0
762 1
762 27
762 28
762 320
763 0
763 1
763 3
763 10
763 27
763 28
763 63
764 0
764 1
764 2
764 3
765 0
765 1
765 6
765 8
765 36
765 191
766 0
766 1
766 5
766 6
766 8
766 36
766 191
767 0
767 1
767 2
767 3
767 5
767 6
767 12
768 3
768 4
768 5
768 6
768 16
768 67
769 3
769 4
769 7
769 8
769 9
769 164
769 519
770 1
770 3
770 5
770 9
770 71
771 0
771 3
771 6
771 12
771 648
772 3
772 4
772 5
772 7
772 43
772 282
773 0
773 1
773 2
773 4
773 7
773 12
773 30
774 1
774 2
774 3
774 4
774 5
774 6
774 7
774 11
774 68
774 466
775 0
775 1
775 4
775 5
775 8
775 9
775 55
775 133
776 0
776 1
776 4
776 5
776 478
776 581
777 1
777 2
777 3
777 5
777 7
777 9
777 85
778 3
778 5
778 687
778 729
779 2
779 3
779 4
779 5
779 13
779 76
780 0
780 1
780 4
780 5
780 6
780 7
780 8
780 97
780 597
781 1
781 2
781 3
781 4
781 5
781 7
781 8
781 68
782 0
782 2
782 6
782 44
782 109
783 3
783 4
783 7
783 9
783 11
783 72
783 125
783 692
784 3
784 5
784 12
784 32
784 118
785 1
785 2
785 3
785 5
785 6
785 12
785 185
785 325
786 1
786 3
786 4
786 6
786 7
786 12
786 30
786 54
787 0
787 1
787 2
787 3
787 10
787 25
787 87
787 92
788 0
788 1
788 2
788 3
788 6
788 12
788 31
788 546
789 2
789 3
789 5
789 6
789 7
789 11
789 341
790 2
790 3
790 5
790 6
790 24
791 0
791 6
791 7
791 8
791 159
791 307
792 0
792 1
792 2
792 4
792 7
792 15
792 128
793 0
793 1
793 2
793 3
793 5
793 7
793 42
793 177
794 3
794 4
794 5
794 8
794 9
794 11
795 2
795 3
795 4
795 9
795 11
795 242
795 253
796 1
796 4
796 6
796 7
796 12
796 30
796 256
797 1
797 2
797 3
797 6
797 7
797 8
797 469
798 2
798 3
798 4
798 7
798 8
798 9
798 11
798 72
798 155
799 13
799 20
800 1
800 2
800 3
800 5
800 6
800 7
800 8
800 9
800 57
801 1
801 4
801 5
801 6
801 7
801 8
801 97
801 167
802 1
802 3
802 4
802 6
802 12
802 119
802 642
803 1
803 2
803 5
803 7
803 8
803 781
804 0
804 5
804 6
804 157
804 259
805 1
805 2
805 5
805 42
805 301
805 487
806 0
806 6
806 13
806 316
806 422
807 1
807 2
807 3
807 4
807 5
807 6
808 0
808 1
808 2
808 3
808 4
808 5
808 6
809 0
809 1
809 3
809 4
809 5
809 6
809 7
809 705
810 1
810 3
810 7
810 9
810 777
811 0
811 1
811 3
811 211
811 436
811 473
812 0
812 3
812 6
812 12
812 648
812 771
813 1
813 2
813 3
813 4
813 6
813 8
813 447
813 570
814 0
814 1
814 2
814 3
815 1
815 5
815 7
815 8
815 43
815 60
815 82
815 130
816 0
816 1
816 2
816 5
816 56
817 1
817 2
817 6
817 31
817 460
818 3
818 4
818 5
818 6
819 2
819 3
819 4
819 11
819 72
819 242
819 253
820 0
820 2
820 8
820 55
820 190
820 241
821 1
821 2
821 3
821 4
821 6
821 7
821 11
821 68
821 466
821 774
822 1
822 2
822 3
822 6
822 7
822 12
822 30
823 0
823 1
823 5
823 8
823 9
823 55
823 133
824 2
824 3
824 4
824 6
824 7
824 520
825 2
825 3
825 4
825 5
825 13
826 0
826 1
826 3
826 4
826 6
826 7
826 8
827 1
827 2
827 389
827 427
827 566
828 0
828 2
828 6
828 24
829 2
829 3
829 4
829 5
829 6
829 13
829 605
830 0
830 1
830 2
830 3
830 4
830 6
830 7
831 4
831 9
831 11
831 267
831 354
832 0
832 2
832 3
832 4
832 6
832 7
832 12
832 30
833 0
833 1
833 2
833 4
833 8
834 0
834 1
834 2
834 4
834 5
834 6
834 8
834 9
834 168
835 0
835 1
835 2
835 42
835 143
835 514
836 0
836 2
836 3
836 5
836 6
836 8
836 183
836 607
837 3
837 5
837 6
837 13
837 46
838 0
838 1
838 2
838 3
838 4
838 5
838 7
838 19
839 0
839 2
839 4
839 5
839 7
839 8
839 9
839 275
840 1
840 2
840 3
840 4
840 5
840 6
840 7
840 11
840 68
840 466
841 0
841 2
841 4
841 5
841 6
841 13
841 76
841 175
842 0
842 1
842 3
842 5
842 6
842 62
842 96
843 2
843 10
843 25
843 87
843 92
843 500
844 0
844 1
844 2
844 3
844 4
844 6
844 10
844 62
844 623
845 4
845 7
845 8
845 9
845 11
845 60
845 328
846 1
846 3
846 5
846 8
846 9
846 11
846 60
846 271
847 0
847 1
847 2
847 3
847 10
847 25
847 87
847 92
847 787
848 0
848 1
848 5
848 8
848 9
848 55
848 133
849 3
849 8
849 11
849 676
850 4
850 9
850 55
850 190
851 0
851 1
851 4
851 5
851 6
851 7
851 8
851 167
851 743
852 1
852 2
852 3
852 6
852 7
852 30
852 498
853 2
853 3
853 7
853 8
853 11
853 169
854 1
854 2
854 3
854 4
854 5
854 6
854 7
854 11
854 68
854 466
855 1
855 2
855 3
855 4
855 5
855 567
856 2
856 5
856 6
856 24
856 790
857 0
857 1
857 2
857 3
857 7
857 12
857 54
857 80
858 1
858 3
858 4
858 5
858 8
858 9
858 11
858 43
859 0
859 1
859 2
859 3
859 25
860 0
860 1
860 2
860 3
860 4
860 6
860 808
861 0
861 1
861 8
861 9
861 55
861 133
862 1
862 4
862 5
862 6
862 10
862 117
862 369
862 539
863 0
863 1
863 2
863 3
863 5
863 6
863 163
864 4
864 8
864 9
864 72
864 125
864 339
865 0
865 2
865 3
865 5
865 6
865 45
865 47
866 0
866 4
866 5
866 6
866 227
866 342
866 432
867 1
867 2
867 3
867 5
867 6
867 31
867 44
867 410
868 1
868 2
868 3
868 5
868 6
868 7
868 11
868 68
868 466
869 0
869 1
869 4
869 5
869 6
869 7
869 167
869 231
870 0
870 2
870 4
870 5
870 6
870 13
871 0
871 2
871 3
871 5
871 6
871 223
871 680
872 0
872 1
872 2
872 3
872 10
872 62
872 96
872 509
873 3
873 5
873 8
873 11
873 43
874 2
874 3
874 4
874 6
874 7
874 8
874 9
874 72
874 155
875 0
875 2
875 6
875 223
876 0
876 1
876 2
876 3
876 5
876 7
876 140
877 1
877 2
877 4
877 5
877 6
877 7
877 8
877 11
878 1
878 2
878 3
878 8
878 252
879 0
879 1
879 3
879 4
879 5
879 6
879 62
879 96
879 575
880 2
880 3
880 4
880 5
880 6
880 46
880 652
881 6
881 8
881 126
881 402
882 0
882 1
882 5
882 6
882 12
882 510
882 616
883 1
883 6
883 8
883 134
883 530
884 1
884 4
884 5
884 6
884 7
884 8
884 97
885 0
885 1
885 74
885 269
885 401
886 1
886 6
886 57
886 252
887 0
887 2
887 4
887 5
887 6
887 7
887 81
888 0
888 1
888 3
888 5
888 6
888 37
889 0
889 13
889 157
889 247
889 703
890 1
890 5
890 7
890 9
890 71
890 323
891 6
891 8
891 126
891 402
892 0
892 3
892 6
892 10
892 233
893 6
893 8
893 134
893 530
893 883
894 3
894 5
894 7
894 8
894 9
894 207
894 298
895 0
895 1
895 5
895 6
895 615
896 0
896 2
896 3
896 5
896 183
897 2
897 3
897 4
897 6
897 7
897 11
897 72
897 618
898 1
898 5
898 7
898 8
898 43
898 60
898 82
898 130
898 815
899 0
899 2
899 3
899 5
899 13
899 178
900 0
900 1
900 2
900 5
900 6
900 12
900 40
900 589
901 1
901 2
901 5
901 56
901 816
902 0
902 1
902 35
902 70
902 237
902 727
903 1
903 3
903 5
903 8
903 9
903 11
903 43
903 60
904 2
904 5
904 6
904 24
904 790
904 856
905 0
905 2
905 4
905 8
905 9
905 55
905 744
906 3
906 4
906 6
906 7
906 8
906 9
906 11
906 540
907 0
907 1
907 2
907 6
907 8
907 36
908 3
908 7
908 11
908 618
908 897
909 0
909 2
909 3
909 4
909 5
909 6
909 8
909 379
910 0
910 2
910 4
910 5
910 6
910 8
910 110
911 0
911 1
911 2
911 3
911 4
911 6
911 7
911 8
912 1
912 2
912 5
912 6
912 7
912 11
913 0
913 3
913 4
913 5
913 6
913 217
914 3
914 8
914 11
914 676
915 0
915 1
915 3
915 5
915 7
915 42
915 177
916 3
916 4
916 6
917 1
917 3
917 5
917 6
917 31
917 410
918 3
918 4
918 6
918 7
918 8
918 9
918 11
918 261
918 697
919 1
919 2
919 3
919 5
919 7
919 42
920 2
920 3
920 7
920 8
920 11
921 0
921 1
921 2
921 10
921 467
922 0
922 1
922 2
922 463
923 0
923 1
923 4
923 6
923 62
923 623
923 844
924 0
924 1
924 5
924 510
924 616
925 0
925 2
925 3
925 5
925 6
925 45
925 47
925 254
926 1
926 2
926 3
926 5
926 6
926 31
927 4
927 6
927 8
927 11
927 169
927 289
928 0
928 1
928 2
928 3
928 4
928 22
928 174
929 2
929 4
929 8
929 9
929 11
929 72
929 242
929 253
930 0
930 1
930 3
930 5
930 177
930 793
931 2
931 3
931 4
931 6
931 8
931 169
931 289
931 655
932 0
932 2
932 3
932 4
932 5
932 6
932 13
932 59
932 76
933 1
933 3
933 4
933 5
933 7
933 8
933 9
933 414
934 1
934 2
934 3
934 10
934 25
934 87
935 0
935 2
935 5
935 24
935 121
935 170
936 0
936 1
936 2
936 3
936 6
936 7
936 12
936 30
936 54
937 3
937 5
937 8
937 9
937 48
937 83
938 0
938 1
938 3
938 25
938 87
938 138
938 335
939 0
939 2
939 3
939 5
939 13
939 178
940 0
940 1
940 2
940 3
940 5
940 7
940 140
940 876
941 0
941 13
941 316
941 422
941 442
942 2
942 3
942 4
942 9
942 11
942 72
942 242
942 253
943 0
943 1
943 3
943 4
943 8
943 15
943 735
944 0
944 1
944 2
944 3
944 7
944 42
944 177
945 2
945 3
945 5
945 10
945 691
946 0
946 6
946 13
946 263
947 3
947 4
947 6
947 8
947 9
947 11
947 49
948 1
948 2
948 3
948 10
948 87
948 92
948 500
949 0
949 1
949 2
949 3
949 5
949 6
949 12
949 185
950 2
950 5
950 6
950 12
950 24
950 170
951 0
951 1
951 2
951 4
951 6
951 8
951 36
951 168
952 1
952 3
952 6
952 7
952 9
952 11
952 397
953 1
953 6
953 216
954 1
954 3
954 4
954 42
954 143
954 150
955 5
955 7
955 8
955 9
955 43
955 360
956 0
956 3
956 6
956 10
956 233
956 239
956 285
957 1
957 4
957 5
957 7
957 8
957 9
957 43
957 360
957 435
957 684
958 1
958 3
958 5
958 7
958 9
958 207
959 0
959 1
959 3
959 10
959 27
959 28
960 1
960 31
960 280
960 513
961 3
961 4
961 13
961 20
961 591
962 1
962 4
962 5
962 7
962 8
962 9
962 43
962 360
962 435
962 684
962 957
963 0
963 4
963 6
963 13
963 59
963 445
963 619
964 0
964 1
964 5
964 6
964 8
964 231
965 0
965 2
965 3
965 7
965 12
966 0
966 1
966 4
966 6
966 62
966 623
966 844
967 0
967 1
967 2
967 3
967 4
967 7
967 8
968 0
968 4
968 5
968 6
968 10
968 62
968 96
968 131
968 184
969 0
969 2
969 10
969 25
969 92
969 787
970 0
970 2
970 3
970 5
971 4
971 5
971 9
971 48
971 672
972 0
972 1
972 3
972 6
972 7
972 30
972 392
973 1
973 2
973 6
973 8
973 57
973 252
975 1
975 2
975 5
975 7
975 42
975 301
975 487
976 3
976 4
976 6
976 7
976 8
976 9
976 49
977 0
977 1
977 2
977 3
977 4
977 7
977 8
977 447
977 570
978 1
978 2
978 3
978 4
978 6
978 8
978 447
979 0
979 1
979 2
979 5
980 2
980 434
980 689
981 4
981 8
981 43
981 60
982 3
982 4
982 9
982 72
982 242
982 253
983 2
983 3
983 4
983 5
983 6
983 13
983 605
983 829
984 0
984 3
984 6
984 12
984 132
985 0
985 3
985 4
985 5
985 7
985 12
986 2
986 3
986 4
986 8
986 9
986 11
986 562
987 0
987 1
987 3
987 6
987 10
987 27
987 630
988 2
988 3
988 6
988 7
989 5
989 24
990 0
990 1
990 2
990 3
990 8
991 0
991 2
991 3
991 5
991 13
991 178
991 899
992 1
992 3
992 6
992 7
992 8
992 9
992 11
992 75
993 1
993 2
993 3
993 57
993 252
993 551
994 0
994 3
994 4
994 5
994 6
994 20
994 591
995 27
996 0
996 1
996 2
996 3
996 5
996 26
997 0
997 1
997 2
997 3
997 4
997 6
997 7
997 8
997 447
997 570
998 2
998 3
998 4
998 5
998 578
999 0
999 1
999 2
999 5
999 37
999 172
999 495
999 671
