1 0
2 0
2 1
3 0
3 1
3 2
4 0
4 1
4 2
4 3
5 0
5 1
5 2
5 3
5 4
6 0
6 1
6 2
6 3
6 4
6 5
7 0
7 1
7 2
7 3
7 4
7 5
7 6
8 0
8 1
8 2
8 3
8 4
8 5
8 6
8 7
9 0
9 1
9 2
9 3
9 4
9 5
9 6
9 7
9 8
10 0
10 1
10 2
10 3
10 4
10 5
10 6
11 0
11 1
12 0
12 1
12 2
12 3
12 4
12 5
13 0
13 2
13 3
13 4
13 5
14 0
14 1
14 2
14 3
15 0
15 1
15 2
15 3
15 4
15 5
15 6
16 0
16 1
16 2
16 3
16 4
16 5
16 10
17 0
17 1
17 2
17 3
17 6
18 0
18 2
18 3
18 5
19 0
19 1
19 2
19 3
19 4
19 5
19 6
19 7
20 0
20 1
20 2
20 3
20 4
20 5
20 6
20 7
21 0
21 1
21 2
21 3
22 0
22 1
22 2
22 3
22 4
22 5
22 6
23 0
23 1
23 2
23 3
23 4
23 5
23 6
23 7
24 0
24 1
24 2
24 3
24 21
25 0
25 1
25 2
25 3
25 4
25 5
25 6
25 19
26 0
26 1
26 2
26 3
26 4
26 5
26 6
26 7
27 1
27 2
27 3
27 4
27 5
27 6
27 7
28 0
28 1
28 2
28 3
29 0
29 1
29 2
29 3
29 4
29 5
30 1
30 2
30 4
30 5
30 6
30 7
31 0
31 1
31 2
31 3
31 4
31 5
31 6
32 0
32 2
32 3
32 5
33 0
33 1
33 2
33 4
33 6
33 7
34 0
34 1
34 2
34 4
34 6
34 7
35 0
35 1
35 2
35 3
35 4
35 5
36 0
36 1
36 2
36 3
36 4
36 6
37 0
37 1
37 2
37 3
37 4
37 5
38 0
38 1
38 2
38 3
38 4
38 5
38 6
38 7
39 1
39 2
39 3
39 4
39 5
39 6
39 7
40 0
40 1
40 2
40 3
40 4
40 5
40 6
40 7
40 8
41 0
41 1
41 2
41 3
41 4
42 0
42 1
42 2
42 3
43 0
43 1
43 2
43 3
43 4
43 5
43 6
44 0
44 1
45 0
45 1
45 3
45 4
45 5
45 6
45 7
45 8
46 0
46 1
46 2
46 3
46 4
46 5
46 6
46 7
47 0
47 2
47 3
47 4
47 5
47 6
47 7
48 0
48 1
48 2
48 3
48 4
48 5
48 6
49 0
49 1
49 2
49 3
49 4
50 0
50 1
50 2
50 3
50 5
50 6
50 7
51 0
51 1
51 2
51 3
51 4
51 5
51 6
51 7
52 0
52 1
52 2
52 3
52 4
52 6
52 7
53 0
53 1
53 3
53 4
53 5
54 0
54 1
54 2
54 4
54 6
54 7
55 0
55 1
55 3
55 4
55 5
55 6
55 7
56 0
56 2
56 3
56 4
56 5
56 7
57 0
57 1
57 2
57 3
57 4
57 6
57 7
58 0
58 1
58 2
58 3
58 4
58 5
58 6
59 0
59 1
59 2
59 3
59 4
59 5
59 6
60 0
60 1
60 4
60 6
60 7
61 0
61 1
61 2
61 3
61 4
62 0
62 1
62 3
62 4
62 5
63 0
63 1
63 2
63 3
63 4
63 5
63 6
63 7
64 0
64 1
64 2
64 3
64 4
64 5
65 0
65 1
65 2
65 3
65 5
65 6
65 7
66 0
66 1
66 2
66 3
66 4
66 6
66 7
67 1
67 2
67 3
67 4
67 5
67 6
67 7
68 0
68 1
68 2
68 3
68 4
68 5
68 6
69 0
69 1
69 2
69 3
69 4
69 5
69 6
69 7
70 0
70 1
70 2
70 3
70 4
70 5
70 6
71 0
71 1
71 2
71 3
71 4
71 5
71 6
72 0
72 1
72 3
72 4
72 5
72 10
73 0
73 2
73 3
73 4
73 5
73 6
73 7
74 1
74 2
74 3
74 4
74 6
74 7
75 0
75 1
75 2
75 3
75 4
75 5
75 6
76 0
76 1
76 2
76 3
76 5
76 6
76 7
77 0
77 2
77 3
77 4
77 5
77 6
77 7
78 0
78 2
78 3
78 5
78 18
79 0
79 1
79 2
79 3
80 1
80 2
80 3
80 4
80 5
80 6
81 0
81 2
81 3
81 4
81 5
81 7
82 0
82 1
82 2
82 3
82 4
82 5
82 6
82 7
82 69
83 2
83 3
83 4
83 5
83 6
83 7
84 0
84 1
84 3
84 4
84 5
85 0
85 1
85 2
85 3
85 5
85 6
85 7
86 1
86 2
86 4
86 5
86 6
86 7
87 0
87 1
87 2
87 3
87 4
87 5
87 19
88 0
88 1
88 2
88 3
89 0
89 1
89 2
89 3
89 5
89 6
89 7
90 0
90 1
90 2
90 4
90 7
91 0
91 1
91 2
91 3
91 4
91 5
91 6
92 0
92 3
92 4
92 6
93 0
93 2
93 4
93 6
94 0
94 1
94 2
94 6
94 7
95 0
95 1
95 2
95 3
95 4
95 5
95 6
96 0
96 2
96 3
96 5
97 0
97 1
97 2
97 3
97 4
97 5
97 6
98 0
98 1
98 2
98 3
98 4
98 5
98 6
99 0
99 1
99 2
99 3
99 4
99 5
99 6
100 0
100 1
100 2
100 3
100 4
100 5
100 6
101 0
101 1
101 3
101 4
101 5
102 0
102 2
102 4
102 6
103 0
103 1
103 2
103 6
103 7
104 0
104 1
104 2
104 3
104 4
104 5
104 6
104 7
104 69
105 1
105 2
105 4
105 5
105 6
105 7
106 1
106 2
106 4
106 5
106 6
106 7
107 0
107 2
107 3
107 5
107 18
108 0
108 1
108 2
108 3
108 4
108 6
108 7
108 66
109 0
109 1
109 2
109 3
109 4
109 5
109 6
110 0
110 1
110 2
110 3
110 5
110 6
110 69
111 0
111 1
111 2
111 3
111 5
111 6
111 7
111 69
112 0
112 2
112 3
113 1
113 2
113 3
113 4
113 5
113 6
113 7
114 0
114 1
114 2
114 3
114 4
115 0
115 1
115 2
115 3
116 0
116 1
116 2
116 3
116 6
117 0
117 2
117 3
117 4
117 5
117 6
117 7
117 8
118 0
118 1
118 2
118 3
118 4
118 6
119 0
119 1
119 2
119 3
119 4
119 5
119 6
119 19
120 0
120 1
120 3
120 4
120 5
120 6
120 7
120 8
121 0
121 2
121 3
121 4
121 5
121 7
121 8
122 1
122 2
122 3
122 4
122 7
122 66
122 108
123 0
123 2
123 3
123 4
123 5
123 6
124 0
124 1
124 2
124 3
124 4
124 5
124 6
124 19
125 0
125 1
125 2
125 3
125 4
125 5
125 6
126 0
126 1
126 2
126 3
127 0
127 1
127 2
127 3
127 4
127 5
128 1
128 2
128 3
128 4
128 5
128 7
128 27
129 0
129 1
129 2
129 3
129 4
129 5
129 6
130 0
130 1
130 2
130 3
130 4
130 5
130 6
130 7
131 0
131 2
131 3
131 4
131 5
131 6
131 7
131 8
132 0
132 1
132 2
132 3
132 4
132 5
132 6
133 0
133 1
133 2
133 3
133 4
133 5
133 6
133 19
134 0
134 1
134 2
134 3
134 5
134 6
134 7
135 0
135 2
135 3
135 5
135 18
136 0
136 1
136 2
136 3
136 4
136 5
136 6
137 0
137 1
137 2
137 3
137 4
137 5
137 6
138 0
138 1
138 2
138 3
138 4
138 6
138 7
139 0
139 1
139 3
139 4
139 5
139 6
139 7
140 0
140 1
140 2
140 3
140 4
140 6
140 7
141 0
141 2
141 5
142 0
142 2
142 4
142 6
143 0
143 1
143 2
143 3
143 4
143 5
144 0
144 1
144 2
144 3
144 4
144 5
144 6
144 7
145 0
145 2
145 3
145 4
145 5
145 6
145 7
146 1
146 2
146 3
146 4
146 5
146 7
146 27
147 0
147 1
147 2
147 3
147 4
147 5
147 6
147 7
148 0
148 1
148 2
148 3
148 5
148 6
148 69
149 1
149 2
149 4
149 5
149 6
149 7
150 0
150 1
150 2
150 3
150 4
150 5
150 7
150 8
151 0
151 1
151 2
151 3
151 5
151 6
151 69
152 0
152 1
152 2
152 3
152 5
152 6
152 7
153 0
153 1
153 2
153 6
153 7
154 0
154 1
154 3
154 4
154 5
154 84
155 1
155 4
155 5
155 6
155 7
156 0
156 1
156 2
156 3
156 21
157 0
157 1
157 2
157 6
157 7
158 0
158 1
158 2
158 3
158 4
158 5
158 7
159 0
159 2
159 3
159 5
160 1
160 2
160 3
160 4
160 6
160 7
161 0
161 2
161 3
161 5
161 18
162 0
162 1
162 2
162 3
162 4
162 5
162 6
163 1
163 2
163 5
163 6
163 7
164 0
164 1
164 2
164 3
164 4
164 5
164 6
164 19
165 0
165 2
165 3
165 4
165 5
166 0
166 1
166 2
166 3
166 4
166 5
167 0
167 1
167 3
167 4
167 5
167 6
168 0
168 1
168 2
168 3
168 4
168 5
168 6
169 0
169 1
169 2
169 3
169 4
169 5
169 6
170 0
170 1
170 2
170 3
170 4
170 6
170 7
171 0
171 1
171 2
171 3
171 4
171 6
171 19
172 0
172 1
172 2
172 3
172 4
172 6
172 7
173 0
173 3
173 4
173 5
174 0
174 1
174 2
174 3
174 5
174 6
174 7
174 65
175 0
175 1
175 2
175 4
175 5
175 6
176 0
176 1
176 2
176 3
176 4
176 6
176 7
177 0
177 1
177 2
177 3
177 4
177 6
177 7
178 0
178 1
178 2
178 3
178 5
178 6
178 7
179 0
179 2
179 5
180 0
180 1
180 2
180 3
180 5
180 6
180 69
181 0
181 1
181 2
181 3
181 4
181 5
181 6
181 7
182 0
182 1
182 2
182 3
182 4
182 5
182 6
183 1
183 2
183 3
183 4
183 5
183 6
184 0
184 1
184 2
184 3
184 4
184 6
184 7
185 0
185 1
185 2
185 3
185 5
185 6
185 7
185 152
186 0
186 2
186 5
186 6
186 69
187 1
187 2
187 4
187 5
187 6
187 7
188 1
188 2
188 3
188 4
188 5
188 6
188 7
189 0
189 1
189 2
189 3
189 4
189 5
189 7
190 1
190 3
190 5
190 6
190 7
191 0
191 2
191 3
191 5
191 18
192 0
192 2
192 4
192 6
192 7
193 0
193 1
193 2
193 3
193 4
193 5
193 6
194 0
194 1
194 2
194 6
194 7
195 0
195 2
195 3
195 5
195 18
196 0
196 1
196 2
196 3
196 4
196 5
197 0
197 1
197 2
197 3
197 4
197 5
197 6
197 7
197 8
198 0
198 1
198 2
198 3
198 5
198 6
198 7
199 0
199 1
199 4
199 5
199 6
199 7
200 0
200 1
200 2
200 3
200 4
200 5
200 6
201 0
201 1
201 2
201 3
201 4
201 5
201 19
202 0
202 1
202 3
202 4
202 5
202 6
202 8
203 0
203 1
203 2
203 3
203 4
203 5
203 6
203 7
204 1
204 2
204 4
204 5
204 6
204 7
205 0
205 2
205 3
205 4
205 5
206 0
206 1
206 3
206 4
206 5
206 6
207 0
207 1
207 2
207 3
207 4
207 5
207 6
208 0
208 2
208 5
209 0
209 2
209 3
209 5
210 0
210 2
210 3
210 4
210 5
210 6
210 19
211 0
211 1
211 2
211 3
211 4
211 6
212 0
212 1
212 2
212 3
212 4
212 5
212 6
213 0
213 2
213 3
213 4
213 5
213 6
213 7
214 0
214 1
214 3
214 4
214 5
214 6
215 1
215 2
215 3
215 4
215 5
215 7
215 27
216 0
216 1
216 2
216 3
216 4
216 6
216 7
217 0
217 1
217 2
217 3
217 4
217 5
217 6
217 7
218 0
218 1
218 3
218 4
218 5
219 0
219 1
219 2
219 3
219 4
219 5
220 0
220 1
220 2
220 3
220 4
220 5
220 6
221 1
221 2
221 3
221 4
221 5
221 7
221 27
222 0
222 1
222 2
222 3
222 5
222 69
223 0
223 1
223 2
223 5
223 7
224 0
224 1
224 2
224 3
224 4
224 6
224 7
224 69
225 0
225 1
225 2
225 3
225 4
225 5
225 6
226 1
226 2
226 3
227 0
227 1
227 2
227 3
227 4
227 5
228 0
228 1
228 2
228 3
228 5
228 6
228 69
229 0
229 1
229 2
229 3
230 0
230 2
230 3
230 4
230 5
230 6
231 0
231 1
231 2
231 3
231 5
232 1
232 2
232 5
232 7
233 1
233 3
233 5
233 6
233 7
234 0
234 2
234 3
234 5
234 18
235 0
235 1
235 2
235 3
235 4
235 6
236 0
236 1
236 2
236 3
236 4
236 5
236 6
236 7
236 8
237 1
237 2
237 4
237 5
237 6
237 7
238 1
238 2
238 3
238 4
238 5
239 1
239 2
239 4
239 5
239 6
239 7
240 0
240 1
240 2
240 3
240 4
240 5
240 6
241 0
241 2
241 3
241 5
241 18
242 0
242 1
242 2
242 3
242 4
242 5
243 0
243 1
243 2
243 3
243 5
243 6
243 7
243 69
244 0
244 1
244 4
244 5
245 0
245 1
245 2
245 3
245 4
245 6
245 7
246 0
246 1
246 2
246 3
246 4
246 5
246 6
247 0
247 1
247 2
247 4
247 6
247 7
248 0
248 1
248 2
248 3
248 5
248 6
248 69
249 1
249 2
249 3
249 4
249 7
249 66
249 108
250 0
250 2
250 3
250 5
251 0
251 1
251 2
251 3
251 4
251 5
251 6
252 0
252 1
252 2
252 4
252 5
252 6
252 7
253 1
253 2
253 5
253 6
253 7
254 0
254 2
254 3
254 4
254 5
254 6
254 7
255 0
255 1
255 2
255 3
255 4
255 5
255 6
255 7
256 1
256 2
256 4
256 5
256 6
257 0
257 2
257 3
257 5
257 18
258 2
258 4
258 5
258 6
258 7
259 0
259 1
259 2
259 3
259 5
259 69
260 0
260 1
260 2
260 4
260 6
260 7
261 0
261 1
261 2
261 3
261 4
261 5
262 0
262 1
262 2
262 3
262 4
262 5
262 6
263 0
263 1
263 2
263 3
263 4
263 5
263 6
263 7
264 0
264 1
264 2
264 3
264 6
264 7
265 0
265 1
265 2
265 3
265 4
265 5
266 0
266 2
266 3
266 6
267 1
267 2
267 3
267 6
268 0
268 1
268 2
268 3
269 0
269 1
269 2
269 3
269 4
269 6
269 7
270 0
270 1
270 2
270 3
270 4
270 5
271 1
271 2
271 5
272 0
272 2
272 3
272 4
272 5
272 6
272 7
273 1
273 2
273 3
273 4
273 5
273 7
273 27
274 0
274 1
274 2
274 3
274 4
274 5
274 6
275 1
275 2
275 4
275 5
275 6
275 7
276 0
276 1
276 2
276 3
276 4
276 5
276 6
277 1
277 2
277 4
277 5
277 6
277 7
278 0
278 1
278 2
278 3
278 5
278 6
278 7
279 0
279 5
280 0
280 2
280 3
280 4
280 5
280 6
280 7
281 0
281 1
281 2
281 3
281 4
281 6
281 7
281 69
282 0
282 1
282 2
282 5
282 6
282 7
282 152
283 0
283 2
283 3
283 4
283 5
283 6
283 7
284 0
284 2
284 3
284 5
284 6
284 7
285 0
285 1
285 2
285 3
285 4
285 7
285 69
286 0
286 1
286 2
286 3
286 5
286 6
287 0
287 1
287 2
287 3
287 4
287 5
287 6
288 0
288 1
288 3
288 4
288 5
288 6
289 0
289 1
289 2
289 3
289 4
289 5
289 7
290 1
290 2
290 4
290 5
290 6
290 7
291 0
291 1
291 2
291 3
291 4
291 6
291 7
292 0
292 1
292 3
292 4
292 5
292 6
293 0
293 1
293 2
293 3
293 5
293 6
293 7
294 1
294 2
294 3
294 4
294 5
295 0
295 1
295 2
295 3
295 4
295 6
295 7
296 0
296 2
296 3
296 4
296 5
296 6
296 7
296 145
297 0
297 1
297 2
297 5
297 7
298 2
298 3
298 5
298 18
299 0
299 1
299 2
299 3
299 21
300 0
300 2
300 3
300 4
300 5
300 6
300 7
301 0
301 1
301 2
301 3
301 4
301 5
301 6
302 0
302 1
302 2
302 3
302 5
302 6
302 69
303 0
303 1
303 2
303 5
303 6
303 7
303 152
304 0
304 1
304 2
304 3
304 4
304 5
304 6
304 7
304 69
305 1
305 3
305 5
305 6
305 7
306 0
306 1
306 3
306 4
306 5
306 6
307 1
307 4
307 5
307 6
307 7
308 1
308 2
308 3
308 4
308 5
308 6
308 7
309 0
309 1
309 2
309 3
309 5
310 0
310 1
310 2
310 4
310 5
310 6
310 7
311 1
311 2
311 4
311 5
311 6
311 7
312 0
312 1
312 2
312 3
312 4
312 5
312 6
313 0
313 1
313 2
313 3
313 4
313 5
314 0
314 1
314 2
314 4
314 5
314 6
314 7
315 0
315 2
315 3
315 4
315 5
316 1
316 2
316 3
316 4
316 5
316 6
317 0
317 1
317 2
317 3
317 4
317 5
317 6
317 7
318 2
318 4
318 5
318 6
318 7
318 145
319 1
319 2
319 4
319 5
320 0
320 1
320 2
320 3
320 4
320 6
320 7
321 0
321 2
321 3
322 1
322 2
322 3
322 4
322 5
322 6
322 7
323 0
323 1
323 3
324 1
324 2
324 3
325 1
325 2
325 3
325 4
325 5
325 7
325 27
326 0
326 1
326 2
326 3
326 4
326 5
326 6
327 0
327 1
327 4
327 5
328 0
328 2
328 3
328 4
328 5
328 6
328 7
329 0
329 1
329 2
329 3
329 4
329 5
329 6
330 0
330 2
330 3
330 5
330 18
331 0
331 1
331 2
331 4
331 5
331 19
332 0
332 1
332 2
332 3
332 4
332 5
332 6
333 0
333 2
333 3
333 5
333 18
334 0
334 1
334 2
334 3
334 4
334 6
334 7
334 69
335 0
335 1
335 2
335 3
335 4
335 5
335 189
336 0
336 1
336 2
336 3
336 4
336 5
337 1
337 2
337 4
337 5
337 6
337 7
338 0
338 2
338 3
338 4
338 5
338 6
338 7
338 8
339 0
339 1
339 3
339 4
339 6
340 0
340 1
340 2
340 3
340 4
340 5
340 6
341 0
341 1
341 2
341 3
342 0
342 1
342 3
342 4
342 5
342 6
343 0
343 1
343 2
343 3
343 4
343 5
343 6
344 0
344 2
344 3
344 5
344 6
344 7
345 0
345 1
345 2
345 3
345 5
345 6
346 0
346 2
346 3
346 5
346 18
347 2
347 3
347 4
347 5
347 6
347 7
348 0
348 2
348 5
348 6
348 69
349 0
349 1
349 2
349 3
349 4
349 5
349 6
350 0
350 1
350 2
350 3
350 6
351 0
351 1
351 3
351 4
351 5
352 0
352 2
352 3
352 4
352 5
352 6
352 7
353 0
353 1
353 2
353 3
353 4
353 5
354 0
354 1
354 3
354 4
354 5
354 6
355 0
355 2
355 3
355 4
355 5
355 6
355 7
356 0
356 1
356 2
356 3
356 4
356 5
356 6
357 1
357 2
357 3
357 4
357 7
357 66
357 108
358 1
358 3
358 4
358 5
359 0
359 1
359 2
359 3
359 4
359 6
359 19
360 0
360 1
360 2
360 3
360 4
360 6
360 7
361 0
361 1
361 2
361 3
361 4
361 5
361 6
361 7
362 0
362 1
362 2
362 3
362 5
362 6
362 69
363 0
363 1
363 2
363 3
363 4
363 5
363 6
364 0
364 1
364 2
364 3
364 4
364 5
364 6
365 0
365 1
365 2
365 3
365 4
365 5
365 6
365 7
366 0
366 3
366 4
366 5
366 6
366 7
366 8
367 0
367 2
367 3
367 5
367 18
368 0
368 1
368 3
368 4
368 5
369 0
369 1
369 2
369 3
369 4
369 5
370 0
370 1
370 2
370 3
370 4
370 6
370 7
371 0
371 2
371 3
371 4
372 1
372 2
372 3
372 4
372 5
372 6
372 7
373 0
373 1
373 2
373 3
373 4
373 5
374 1
374 2
374 5
374 7
375 0
375 1
375 3
375 4
375 6
375 7
375 52
376 0
376 2
376 3
376 4
376 5
376 6
376 7
377 0
377 2
377 4
377 6
377 102
378 2
378 3
378 4
378 5
378 6
378 7
379 0
379 1
379 2
379 3
379 4
379 5
379 6
380 1
380 2
380 3
380 4
380 6
380 7
381 0
381 1
381 2
381 3
381 4
381 5
381 6
382 0
382 2
382 3
382 5
383 0
383 1
383 2
383 3
383 5
383 6
383 7
384 0
384 2
384 3
384 5
385 0
385 2
385 3
385 5
385 18
386 0
386 1
386 2
386 3
386 5
386 6
386 7
386 69
387 0
387 1
387 3
387 4
387 5
388 0
388 1
388 2
388 3
388 4
388 5
388 6
388 7
389 0
389 1
389 2
389 3
389 4
389 5
389 7
390 0
390 1
390 2
390 3
390 4
390 5
390 7
391 0
391 1
391 2
391 3
391 5
391 69
392 0
392 1
392 2
392 3
392 4
392 6
392 19
393 0
393 1
393 2
393 6
393 7
394 0
394 1
394 2
394 3
394 4
394 5
394 6
394 7
395 0
395 1
395 2
395 3
395 4
395 5
395 6
396 0
396 1
396 2
396 6
396 7
397 0
397 1
397 3
397 4
397 5
397 6
398 0
398 1
398 2
398 3
398 4
398 5
398 6
399 2
399 3
399 4
399 5
399 6
399 7
400 1
400 2
400 3
400 4
400 6
401 0
401 1
401 2
401 3
401 4
401 5
401 6
402 1
402 2
402 3
402 4
402 5
402 6
403 0
403 2
403 3
403 5
403 18
404 0
404 1
404 2
404 3
404 4
404 5
404 7
404 8
405 0
405 2
405 3
405 4
405 5
405 6
405 7
406 0
406 1
406 2
406 3
406 4
406 5
406 6
406 136
407 0
407 1
407 2
407 3
407 5
407 6
407 69
408 0
408 1
408 2
408 5
408 19
409 0
409 1
409 2
409 3
409 4
409 5
409 6
409 7
410 0
410 1
410 2
410 3
410 4
410 5
410 6
410 7
411 0
411 1
411 2
411 3
411 4
411 6
411 7
412 0
412 1
412 2
412 3
412 4
412 5
412 6
413 0
413 1
413 2
413 5
413 19
414 0
414 1
414 2
414 6
414 7
415 0
415 1
415 2
415 3
415 4
415 5
415 6
416 1
416 2
416 4
416 5
416 6
416 7
417 0
417 1
417 2
417 3
417 5
417 6
417 69
418 1
418 2
418 4
418 5
418 6
418 7
419 0
419 2
419 4
419 6
419 102
420 0
420 1
420 2
420 3
420 4
420 5
421 0
421 2
421 3
421 5
421 6
422 0
422 1
422 2
422 3
422 4
422 5
422 6
422 19
423 0
423 2
423 3
423 5
423 18
424 1
424 3
424 4
424 5
425 0
425 1
425 2
425 3
425 4
425 6
425 7
426 0
426 1
426 2
426 3
426 4
426 5
426 6
427 1
427 2
427 3
427 4
428 0
428 2
428 3
428 5
428 6
429 0
429 1
429 2
429 3
429 4
430 0
430 1
430 2
430 3
430 4
430 5
430 6
430 7
431 0
431 1
431 2
431 3
431 4
431 6
431 7
432 0
432 1
432 3
432 4
432 5
432 6
433 1
433 2
433 3
433 4
433 5
433 7
434 0
434 1
434 3
434 4
434 6
435 0
435 2
435 3
435 5
435 18
436 0
436 1
436 2
436 3
436 4
436 5
436 6
437 0
437 1
437 2
437 3
437 4
437 5
437 6
438 0
438 4
438 6
439 0
439 1
439 2
439 3
439 5
439 6
440 0
440 1
440 2
440 3
440 4
440 6
441 1
441 2
441 4
441 5
441 6
441 7
442 0
442 1
442 2
442 3
442 5
442 6
443 1
443 4
443 5
443 6
443 7
444 1
444 3
444 5
444 6
444 7
445 0
445 1
445 2
446 0
446 1
446 2
446 3
446 4
446 5
446 6
447 0
447 1
447 2
447 3
447 4
447 5
447 6
447 7
447 8
448 0
448 1
448 2
448 3
448 4
448 5
448 6
448 7
448 8
449 1
449 2
449 6
449 7
450 2
450 3
450 4
450 5
450 6
451 0
451 1
451 2
451 3
451 4
451 5
451 7
452 0
452 1
452 2
452 3
453 2
453 3
454 0
454 1
454 2
454 3
454 4
454 5
454 6
454 19
455 0
455 1
455 2
455 3
455 5
455 6
455 7
456 0
456 2
456 3
456 5
456 7
457 0
457 1
457 2
457 3
457 4
457 6
457 184
458 0
458 1
458 2
458 4
458 5
459 0
459 1
459 2
459 3
459 4
459 5
459 265
460 0
460 1
460 2
460 3
460 4
460 5
460 6
460 7
460 8
461 1
461 2
461 3
461 4
461 6
462 0
462 1
462 2
462 3
462 4
462 5
462 6
463 0
463 1
463 2
463 3
463 4
463 5
464 0
464 1
464 2
464 3
464 4
464 5
465 0
465 2
465 3
465 5
465 6
465 7
466 0
466 1
466 2
466 3
466 4
466 5
466 136
467 1
467 2
467 3
467 5
468 0
468 1
468 3
468 4
469 0
469 1
469 2
469 3
469 4
469 5
469 7
470 0
470 1
470 2
470 5
470 7
471 0
471 1
471 2
471 3
471 4
471 6
472 1
472 3
472 5
472 6
472 7
472 190
473 0
473 2
473 3
473 4
473 5
473 7
474 1
474 2
474 4
474 5
474 6
474 7
475 0
475 1
475 2
475 3
475 4
475 5
475 6
476 0
476 1
476 2
476 3
476 4
476 5
477 0
477 1
477 2
477 4
477 5
477 6
477 7
478 0
478 2
478 3
478 4
478 5
478 7
479 0
479 1
479 3
479 4
479 6
479 7
480 0
480 1
480 4
480 5
480 6
481 1
481 4
481 5
481 6
481 7
482 0
482 1
482 2
482 3
482 79
483 0
483 1
483 2
483 4
483 6
483 7
484 0
484 1
484 2
484 3
484 4
484 5
484 6
484 7
484 69
485 0
485 1
485 2
485 3
485 5
485 6
485 7
486 0
486 1
486 2
486 3
486 4
486 5
486 6
486 136
487 0
487 1
487 2
487 4
487 5
487 6
487 7
488 0
488 1
488 2
488 3
489 1
489 2
489 3
489 5
489 6
489 7
490 1
490 2
490 4
490 5
490 6
490 7
491 0
491 1
491 4
491 5
491 6
492 0
492 1
492 3
492 4
492 6
492 7
492 52
493 1
493 2
493 4
494 0
494 1
494 2
494 3
494 4
494 5
494 6
494 7
495 0
495 2
495 3
495 5
495 18
496 0
496 1
496 2
496 3
496 4
496 5
496 6
497 0
497 1
497 3
497 4
498 0
498 1
498 2
498 3
498 5
498 6
498 7
498 69
499 0
499 1
499 3
499 4
499 5
499 6
500 0
500 1
500 2
500 3
500 4
500 6
500 7
501 0
501 1
501 2
501 4
501 6
501 7
501 69
502 0
502 1
502 2
502 3
502 5
502 6
503 0
503 1
503 4
503 5
504 0
504 1
504 2
504 4
504 5
504 6
504 7
505 0
505 1
505 4
505 5
505 10
506 0
506 1
506 4
507 0
507 1
507 3
507 4
507 5
508 0
508 1
508 2
508 3
508 4
508 5
508 6
509 0
509 1
509 3
509 4
509 6
509 7
510 0
510 2
510 3
510 4
510 5
510 6
510 7
511 0
511 1
511 2
511 3
511 4
511 5
511 6
511 7
512 0
512 1
512 2
512 3
512 4
512 5
512 6
512 7
513 0
513 1
513 2
513 3
513 5
513 6
513 7
513 69
514 0
514 2
514 3
514 4
514 5
514 6
514 7
515 0
515 2
515 3
515 4
515 5
515 6
515 7
515 8
516 0
516 1
516 2
516 3
516 4
516 5
517 0
517 1
517 2
517 3
517 5
517 6
517 7
518 0
518 2
518 3
519 0
519 1
519 2
519 3
519 4
519 6
519 7
520 0
520 1
520 2
520 4
520 5
520 6
520 7
520 8
521 1
521 2
521 3
522 0
522 1
522 2
522 3
522 4
522 5
522 6
522 7
523 1
523 2
523 4
523 5
523 6
524 0
524 1
524 2
524 3
524 4
524 5
524 7
524 8
525 0
525 1
525 2
525 3
525 4
525 5
525 6
526 0
526 3
526 5
526 7
527 3
527 4
527 5
527 6
528 0
528 1
528 2
528 3
528 4
528 5
528 6
528 8
529 2
529 3
529 4
529 5
529 6
529 7
530 0
530 1
530 2
530 3
530 7
531 0
531 1
531 4
531 5
531 6
531 7
532 0
532 2
532 3
532 5
532 18
533 0
533 1
533 2
533 3
533 4
533 5
533 6
533 7
533 8
534 0
534 1
534 2
534 3
534 4
534 5
535 0
535 2
535 4
535 5
535 6
535 19
536 0
536 1
536 2
536 3
536 4
536 5
536 7
536 8
537 0
537 1
537 2
537 3
537 4
537 5
537 6
538 0
538 2
538 3
538 4
539 0
539 3
539 4
539 5
540 0
540 1
540 2
540 3
540 4
540 5
541 0
541 1
541 2
541 3
541 4
541 6
541 7
542 0
542 1
542 2
542 3
542 4
542 5
542 261
543 1
543 2
543 3
543 4
544 1
544 2
544 3
544 4
544 6
544 7
545 1
545 2
545 3
545 4
545 6
546 0
546 1
546 2
546 3
546 5
546 6
546 7
546 152
547 0
547 1
547 2
547 3
547 4
547 5
547 6
548 0
548 1
548 2
548 3
548 4
549 0
549 1
549 2
549 3
550 0
550 1
550 2
550 3
550 4
550 6
550 19
551 0
551 1
551 2
551 3
551 4
551 6
551 7
551 69
552 1
552 2
552 4
552 5
552 6
553 0
553 1
553 2
553 3
554 0
554 1
554 2
554 3
554 4
554 6
554 7
555 0
555 4
555 5
556 0
556 2
556 5
557 0
557 1
557 2
557 4
557 7
558 3
558 5
558 6
558 7
558 444
559 1
559 2
559 4
559 5
559 6
559 7
560 2
560 3
560 4
560 5
561 0
561 1
561 2
561 3
561 4
561 6
561 7
562 1
562 2
562 4
562 5
562 6
562 7
563 0
563 1
563 3
563 4
563 5
563 6
563 7
564 0
564 1
564 2
564 3
564 4
564 5
565 1
565 2
565 3
565 4
565 6
565 7
566 0
566 1
566 2
566 3
566 5
566 6
567 0
567 3
567 4
567 5
568 0
568 1
568 2
568 3
568 4
568 6
568 7
568 8
569 0
569 1
569 2
569 3
569 4
570 1
570 2
570 4
570 5
571 1
571 2
571 3
571 4
571 5
572 0
572 1
572 2
572 4
572 5
572 6
573 0
573 5
574 1
574 2
574 3
574 4
574 5
574 7
574 27
575 0
575 2
575 3
575 4
575 6
575 7
576 0
576 2
576 3
576 5
576 18
577 0
577 1
577 3
577 5
577 6
578 0
578 1
578 2
578 3
578 6
579 0
579 2
579 3
579 4
579 5
579 6
579 7
580 2
580 3
581 1
581 2
581 3
581 4
581 6
581 7
581 69
582 0
582 1
582 2
582 3
582 5
583 0
583 1
583 2
584 0
584 1
584 2
584 4
584 5
584 6
584 7
585 0
585 1
585 2
585 6
585 7
586 0
586 1
586 2
586 3
586 5
586 7
587 0
587 1
587 2
587 3
587 4
587 5
587 6
588 0
588 1
588 2
588 3
588 5
588 6
588 69
589 0
589 1
589 2
589 3
589 4
589 6
589 7
589 66
590 1
590 2
590 3
590 4
590 5
590 7
590 27
591 0
591 1
591 2
591 3
591 4
591 5
591 6
592 1
592 4
592 5
592 6
592 7
593 0
593 1
593 3
593 4
593 5
594 0
594 3
594 7
595 0
595 1
595 2
595 3
595 4
595 6
595 7
596 2
596 3
596 5
596 18
597 0
597 1
597 2
597 3
597 4
597 6
597 7
598 0
598 1
598 3
598 4
598 5
598 84
599 0
599 1
599 2
599 3
599 4
599 6
600 0
600 1
600 2
600 3
600 4
600 6
600 7
601 0
601 1
601 2
601 3
601 4
601 6
601 7
602 0
602 2
602 3
602 4
602 5
602 6
603 2
603 3
603 4
603 5
603 19
604 1
604 2
604 3
604 4
604 5
604 6
604 7
604 372
605 0
605 1
605 2
605 3
605 5
605 6
605 69
606 1
606 2
606 3
606 4
606 5
606 6
607 0
607 1
607 2
607 4
607 6
607 19
608 0
608 1
608 2
608 3
608 4
608 5
608 6
609 0
609 4
609 5
610 0
610 1
610 2
610 3
610 5
610 69
611 0
611 2
611 3
611 5
611 18
612 0
612 1
612 2
612 3
612 4
612 5
612 6
612 8
613 0
613 1
613 3
613 4
613 6
613 7
613 52
614 1
614 2
614 3
614 5
614 6
614 7
615 1
615 2
615 3
615 4
615 5
615 7
615 27
616 0
616 1
616 2
616 3
616 4
616 5
616 6
616 7
617 0
617 2
617 3
617 5
617 18
618 0
618 1
618 2
618 3
618 4
618 5
618 6
618 7
618 8
618 236
619 0
619 2
619 3
620 0
620 1
620 2
620 3
621 0
621 1
621 2
621 4
621 5
621 6
621 7
622 0
622 1
622 2
622 3
622 4
622 6
622 7
623 0
623 1
623 3
623 4
623 6
623 7
623 52
624 0
624 1
624 3
624 4
624 5
624 6
625 0
625 1
625 2
625 3
625 5
625 6
625 69
625 151
626 0
626 2
626 3
626 5
626 96
627 1
627 2
627 3
627 4
627 5
627 6
627 7
627 372
628 0
628 2
628 3
628 5
628 6
629 1
629 2
629 3
629 5
629 6
629 7
630 0
630 1
630 2
630 3
630 4
630 6
630 7
631 1
631 2
631 3
631 4
631 6
631 287
632 0
632 2
632 3
632 6
633 1
633 2
633 4
633 5
633 6
633 7
634 1
634 2
634 4
634 5
634 7
634 27
635 1
635 2
635 3
635 4
635 5
635 7
635 27
636 0
636 1
636 2
636 6
636 7
637 0
637 1
637 2
637 3
637 4
637 5
637 6
638 1
638 2
638 3
638 4
638 5
638 7
638 27
639 1
639 2
639 5
639 7
640 0
640 2
640 3
640 4
640 5
640 6
640 7
641 0
641 1
641 2
641 3
641 5
641 6
641 7
641 152
642 0
642 1
642 2
642 3
642 4
642 5
642 7
643 1
643 2
643 3
643 4
643 5
643 6
643 80
644 0
644 1
644 2
644 3
644 4
644 6
644 7
644 66
645 2
645 3
645 5
645 18
645 596
646 2
646 3
646 4
646 5
646 7
647 0
647 1
647 2
647 3
647 4
647 6
647 7
648 0
648 1
648 2
648 3
648 5
648 6
649 0
649 1
649 2
649 3
649 4
649 6
650 1
650 3
650 4
650 5
650 6
651 0
651 1
651 2
651 3
651 6
652 0
652 1
652 2
652 3
652 4
652 5
652 6
653 2
653 4
653 5
653 19
654 0
654 1
654 2
654 3
654 5
654 6
655 0
655 1
655 2
655 3
655 4
655 5
655 6
655 7
655 8
656 0
656 1
656 2
656 3
656 4
656 6
656 7
657 1
657 2
657 4
657 5
657 6
657 7
658 1
658 2
658 4
658 5
658 6
658 7
659 1
659 2
659 3
659 4
659 5
659 7
659 27
660 0
660 1
660 2
660 3
660 21
661 0
661 1
661 2
661 4
661 6
661 7
662 0
662 1
662 2
662 4
662 6
662 7
663 0
663 2
663 3
664 0
664 2
664 3
664 5
665 0
665 1
665 2
665 3
665 5
666 0
666 1
666 2
666 3
666 4
666 5
666 6
666 7
667 0
667 1
667 2
667 3
667 4
667 5
667 6
668 0
668 1
668 2
668 3
668 5
668 69
669 0
669 1
669 2
669 3
669 4
669 5
669 6
670 1
670 2
670 3
670 5
670 7
671 0
671 1
671 2
671 3
671 4
671 5
671 6
671 7
671 69
672 2
672 3
672 4
672 5
673 0
673 1
673 2
673 5
673 7
674 0
674 1
674 2
674 3
674 5
675 0
675 1
675 2
675 3
675 4
675 5
675 6
676 0
676 1
676 2
676 3
676 4
676 5
677 0
677 1
677 2
677 3
677 5
678 1
678 2
678 4
678 5
678 6
678 7
679 1
679 3
679 5
679 6
680 0
680 2
680 3
680 4
680 5
680 6
680 7
680 328
681 2
681 3
681 4
681 5
681 6
681 7
681 328
682 0
682 1
682 2
682 3
682 4
682 5
682 7
682 8
683 0
683 1
683 2
683 3
683 4
684 0
684 1
684 2
684 3
684 5
684 6
684 69
685 1
685 2
685 4
685 5
685 6
685 7
686 0
686 1
686 2
686 3
686 4
686 5
686 6
686 7
687 0
687 1
687 3
687 4
687 5
688 0
688 1
688 2
688 3
688 4
689 0
689 2
689 3
689 4
689 19
690 1
690 2
690 3
690 4
690 5
690 27
691 1
691 2
691 3
691 4
691 6
692 0
692 2
692 3
692 4
692 5
692 7
692 8
693 0
693 1
693 2
693 3
694 0
694 1
694 2
694 3
694 5
694 6
695 0
695 1
695 2
695 4
695 5
695 331
696 0
696 1
696 3
696 5
696 6
696 7
697 0
697 1
697 2
697 3
697 4
697 6
697 19
698 0
698 1
698 2
699 0
699 1
699 2
699 3
699 4
699 5
699 6
699 7
700 0
700 1
700 2
700 3
700 5
700 6
700 7
701 0
701 1
701 2
701 4
701 7
702 0
702 1
702 2
702 3
702 5
702 6
702 69
703 0
703 1
703 3
703 4
703 5
703 6
704 0
704 1
704 2
704 3
705 0
705 1
705 2
705 3
705 4
705 5
705 6
705 19
706 1
706 2
706 3
706 4
706 6
706 7
707 0
707 2
707 3
707 5
707 6
707 7
708 1
708 2
708 3
708 4
708 6
709 1
709 2
709 3
709 4
709 5
709 7
709 27
710 0
710 1
710 2
710 3
710 4
710 5
710 6
710 7
711 0
711 2
711 3
711 4
711 5
711 6
712 0
712 1
712 3
712 4
712 6
712 7
712 66
713 0
713 1
713 2
713 4
713 5
713 19
714 0
714 1
714 2
714 3
714 5
714 6
714 7
714 69
715 0
715 1
715 2
715 3
715 4
715 5
715 6
716 0
716 1
716 2
716 3
716 5
716 6
716 69
717 0
717 2
717 3
717 4
717 5
717 6
717 7
717 8
718 0
718 2
718 3
718 5
718 6
718 7
719 0
719 1
719 2
719 3
719 4
719 6
719 7
720 0
720 2
720 5
720 6
720 69
721 2
721 4
721 5
721 6
721 7
722 0
722 2
722 3
722 4
722 5
722 6
722 7
722 145
723 0
723 1
723 2
723 3
723 4
723 5
723 7
724 0
724 2
724 3
724 4
725 0
725 1
725 2
725 3
725 4
725 6
725 7
726 0
726 2
726 3
726 5
726 18
727 0
727 1
727 2
727 4
727 6
727 7
727 247
728 0
728 2
728 3
728 4
728 6
728 7
729 1
729 2
729 4
729 5
729 6
729 7
730 0
730 4
730 5
731 0
731 2
731 3
731 5
731 18
732 0
732 1
732 2
732 3
732 4
732 6
732 7
732 295
733 0
733 1
733 2
733 3
733 4
733 5
733 6
734 0
734 1
734 2
734 3
734 4
734 5
734 6
734 19
735 0
735 1
735 2
735 3
735 4
735 5
735 6
735 19
736 0
736 1
736 2
736 6
736 7
737 2
737 3
737 6
737 7
738 0
738 1
738 4
738 5
738 6
738 7
739 0
739 1
739 3
739 4
739 6
739 7
740 1
740 2
740 3
740 4
740 5
741 1
741 4
741 5
741 6
741 7
742 0
742 1
742 3
742 4
742 5
743 0
743 1
743 3
743 4
743 6
743 7
744 0
744 1
744 2
744 4
744 6
744 7
745 0
745 1
745 2
745 3
745 4
745 6
745 7
746 1
746 2
746 3
746 6
747 0
747 1
747 4
747 6
748 0
748 1
748 2
748 3
748 4
748 5
748 261
749 0
749 2
749 3
749 4
749 5
749 6
749 7
749 8
750 0
750 1
750 3
750 4
750 5
750 6
751 0
751 2
751 3
752 0
752 1
752 2
752 3
752 5
752 6
752 69
753 0
753 3
753 4
753 5
753 6
753 7
753 8
754 1
754 2
754 3
754 4
754 5
754 6
755 0
755 1
755 2
755 3
755 4
755 5
755 6
755 7
755 69
756 0
756 1
756 2
756 3
757 1
757 2
757 3
757 4
757 5
757 7
757 27
758 0
758 2
758 3
758 4
758 5
758 6
758 7
759 0
759 1
759 2
759 3
759 4
759 5
759 6
760 0
760 1
760 2
760 3
760 5
760 6
761 1
761 3
761 4
761 6
761 7
762 0
762 3
762 4
762 5
763 0
763 1
763 2
763 3
763 4
763 6
763 19
764 0
764 1
764 2
764 6
764 7
765 1
765 2
765 4
765 5
765 6
765 7
766 1
766 2
766 4
766 5
766 6
766 7
767 0
767 2
767 3
767 5
767 6
767 7
768 1
768 2
768 3
768 4
768 5
768 7
768 27
769 1
769 2
769 4
769 5
769 6
769 7
770 0
770 1
770 2
770 4
770 19
771 0
771 1
771 2
771 3
771 4
771 5
771 6
772 1
772 2
772 4
772 5
772 6
773 0
773 1
773 3
773 5
773 6
773 7
774 0
774 1
774 2
774 4
774 7
775 0
775 1
775 2
775 3
775 4
775 5
775 6
775 7
775 8
776 0
776 1
776 2
776 4
776 5
776 6
777 0
777 1
777 2
777 3
777 5
777 6
777 7
778 0
778 2
778 3
778 4
778 6
778 7
779 0
779 1
779 2
779 3
779 4
779 6
779 7
779 177
780 0
780 1
780 2
780 3
780 4
780 5
780 6
780 7
781 0
781 3
781 7
782 1
782 2
782 4
782 5
782 6
783 0
783 1
783 2
783 4
783 6
783 19
784 2
784 4
784 5
784 6
784 7
785 0
785 1
785 2
785 3
785 4
785 5
786 0
786 1
786 2
786 3
786 4
786 6
787 1
787 2
787 5
787 6
788 0
788 1
788 2
788 3
788 4
788 5
788 19
789 0
789 1
789 2
789 3
789 4
789 6
789 19
790 0
790 1
790 2
790 3
790 4
790 6
790 7
791 0
791 1
791 2
791 3
791 4
791 5
791 6
792 0
792 2
792 3
792 5
792 18
793 2
793 4
793 5
793 6
793 7
794 1
794 2
794 3
794 4
794 6
794 7
794 69
795 0
795 1
795 2
795 3
795 4
795 5
795 6
795 7
795 8
795 236
796 0
796 1
796 2
796 3
796 4
796 5
796 6
797 2
797 3
797 4
797 6
797 7
798 1
798 2
798 3
798 4
799 0
799 1
799 2
799 3
799 5
799 6
799 7
800 0
800 1
800 2
800 3
800 4
800 5
800 6
801 0
801 1
801 2
801 3
801 5
801 6
801 69
802 0
802 1
802 2
802 3
802 4
802 5
802 6
802 7
803 0
803 2
803 3
803 5
804 0
804 1
804 2
804 3
804 4
804 5
804 7
805 0
805 2
805 3
805 4
805 5
805 6
805 7
805 69
806 0
806 2
806 3
806 4
806 5
806 6
806 7
807 0
807 1
807 2
807 3
807 4
807 6
807 7
808 0
808 1
808 2
808 3
808 4
808 5
808 6
808 7
809 0
809 1
809 3
809 4
809 5
810 0
810 1
810 2
810 3
810 4
811 0
811 2
811 3
812 0
812 1
812 2
812 3
812 4
812 6
812 7
813 0
813 1
813 2
813 3
813 7
814 0
814 2
814 3
814 5
814 96
815 0
815 1
815 3
815 4
815 6
815 7
815 8
816 0
816 1
816 3
816 4
816 5
816 19
817 0
817 1
817 2
817 3
817 79
818 1
818 3
818 7
819 0
819 2
819 4
819 5
819 6
819 19
820 0
820 2
820 3
820 4
820 5
820 6
820 7
820 213
821 0
821 2
821 3
821 4
821 6
821 7
822 0
822 1
822 4
822 6
822 7
823 0
823 1
823 2
823 3
823 4
823 6
823 7
824 1
824 2
824 3
824 4
824 6
824 461
825 1
825 2
825 5
825 7
826 0
826 2
826 3
826 4
826 5
826 6
826 7
827 0
827 2
827 3
827 5
827 7
827 473
828 0
828 1
828 2
828 5
828 6
828 7
828 152
829 0
829 2
829 3
829 5
829 18
830 0
830 3
830 5
830 7
830 473
831 0
831 1
831 3
831 4
831 5
832 0
832 2
832 3
832 4
832 5
832 6
832 7
832 145
833 0
833 1
833 3
833 4
833 5
833 6
833 19
833 422
834 0
834 1
834 2
834 3
835 0
835 2
835 3
835 4
835 5
835 6
835 7
836 0
836 1
836 2
836 3
836 4
836 5
836 6
837 0
837 2
837 3
837 4
837 6
837 7
838 0
838 1
838 2
838 3
838 4
838 6
838 800
839 0
839 2
839 3
839 5
839 6
840 0
840 2
840 3
840 4
840 6
840 7
840 8
841 0
841 2
841 3
841 5
842 0
842 1
842 2
842 4
842 5
842 6
842 7
843 0
843 1
843 2
843 3
843 4
843 6
844 1
844 2
844 3
844 5
844 6
844 7
845 0
845 1
845 2
845 3
845 4
845 5
845 6
846 0
846 1
846 3
846 5
846 6
847 0
847 1
847 2
847 3
847 4
847 6
847 7
848 0
848 1
848 2
848 3
848 4
848 5
848 6
849 0
849 1
849 2
849 3
849 4
849 5
849 6
850 0
850 2
850 3
850 5
850 6
851 0
851 1
851 3
851 4
851 6
851 7
852 1
852 2
852 3
852 4
852 5
852 6
852 80
853 3
853 4
853 5
853 6
854 0
854 2
854 3
854 5
854 6
854 7
855 0
855 2
855 3
855 4
855 5
855 6
855 7
856 0
856 1
856 2
856 6
856 7
857 0
857 1
857 2
857 3
857 4
857 5
857 7
858 0
858 1
858 2
858 5
858 7
859 0
859 2
859 3
859 4
859 5
859 6
859 7
860 0
860 2
860 3
860 5
860 18
861 0
861 2
861 3
861 4
861 5
862 0
862 2
862 3
862 5
863 2
863 3
863 6
863 7
864 1
864 2
864 4
865 0
865 1
865 2
865 4
865 6
866 0
866 1
866 2
866 4
866 6
867 0
867 2
867 3
867 4
867 5
867 6
868 0
868 1
868 2
868 3
868 4
868 6
868 7
868 69
869 0
869 1
869 4
869 5
869 6
870 0
870 1
870 2
870 3
870 4
870 6
871 0
871 1
871 2
871 3
871 4
871 5
871 7
872 0
872 2
872 3
872 4
872 5
872 6
872 7
873 0
873 1
873 2
873 3
873 4
873 5
873 6
873 7
874 1
874 2
874 3
874 5
874 6
874 7
875 0
875 1
875 2
875 3
875 4
875 5
875 6
875 7
876 0
876 2
876 3
876 5
876 18
877 0
877 1
877 2
877 6
877 800
877 838
878 0
878 1
878 2
878 3
878 4
878 5
879 0
879 1
879 3
879 4
879 5
879 6
879 7
880 0
880 1
880 2
880 6
880 7
881 0
881 1
881 2
881 3
881 4
881 5
881 6
881 100
882 0
882 1
882 2
882 3
882 4
882 5
882 6
883 0
883 1
883 2
883 3
883 4
883 6
883 7
884 1
884 2
884 5
884 6
885 1
885 2
885 3
885 4
886 0
886 2
886 3
886 4
886 6
886 7
887 1
887 2
887 3
887 4
887 5
888 1
888 3
888 4
888 6
888 7
888 69
889 0
889 1
889 2
889 3
889 4
889 5
889 6
890 0
890 1
890 2
890 3
890 4
890 5
890 6
890 7
891 2
891 3
891 6
891 7
892 0
892 1
892 2
892 4
892 6
892 7
893 1
893 2
893 3
893 4
893 7
893 27
894 0
894 1
894 2
894 3
894 5
894 6
894 68
895 0
895 1
895 2
895 5
895 19
896 0
896 1
896 2
896 3
896 4
896 5
896 6
897 0
897 1
897 2
897 3
897 4
897 5
897 6
897 7
898 1
898 2
898 3
898 4
898 5
898 6
898 7
899 0
899 1
899 2
899 3
899 5
899 6
899 7
899 69
900 0
900 1
900 2
900 3
900 4
900 5
900 6
900 715
901 0
901 1
901 2
901 3
901 4
901 5
902 0
902 1
902 2
902 3
902 4
902 5
902 6
902 19
903 1
903 3
903 4
903 6
903 7
903 69
904 0
904 1
904 2
904 3
904 6
904 7
905 0
905 1
905 2
905 3
905 4
905 5
905 6
906 0
906 1
906 2
906 6
906 7
907 0
907 1
907 4
907 5
907 6
907 8
907 202
908 0
908 1
908 2
908 3
908 4
908 5
909 0
909 1
909 2
909 3
909 5
909 6
909 69
910 0
910 1
910 2
910 3
910 4
910 5
910 6
911 0
911 2
911 3
911 5
911 6
911 7
912 0
912 1
912 2
912 6
913 0
913 1
913 3
913 4
913 6
913 7
913 52
914 0
914 1
914 2
914 3
914 4
914 6
915 0
915 1
915 2
915 3
915 5
915 6
915 69
916 0
916 1
916 2
916 3
916 4
916 5
916 6
917 0
917 1
917 2
917 3
917 5
917 6
918 0
918 1
918 3
918 4
918 5
919 0
919 1
919 2
919 3
919 4
920 3
920 5
920 6
921 1
921 2
921 4
921 5
921 6
921 7
922 0
922 2
922 3
922 4
922 5
922 7
923 0
923 2
923 3
923 4
923 5
923 6
923 7
924 0
924 1
924 2
924 3
924 4
924 6
924 7
925 1
925 2
925 3
925 4
925 5
925 6
925 80
926 0
926 2
926 3
926 4
926 6
926 7
926 300
927 1
927 2
927 3
927 4
927 5
927 7
927 27
928 0
928 1
928 2
928 3
928 5
928 6
928 7
929 0
929 2
929 4
929 5
929 6
929 7
929 8
930 0
930 1
930 2
930 3
930 4
930 5
930 6
930 7
930 8
931 0
931 1
931 2
931 3
931 4
931 5
931 6
932 1
932 2
932 4
932 5
932 6
933 0
933 1
933 2
933 3
933 4
933 5
933 6
933 19
934 0
934 2
934 3
934 4
935 2
935 4
935 5
935 6
935 7
936 0
936 1
936 3
936 4
936 5
936 6
936 342
937 0
937 1
937 2
937 3
937 4
937 5
938 0
938 1
938 2
938 3
938 4
938 6
938 7
939 0
939 1
939 2
939 4
939 6
939 7
939 69
940 0
940 1
940 2
940 3
940 4
940 6
940 19
941 0
941 1
941 2
941 3
941 4
941 5
941 6
942 0
942 2
942 3
942 4
942 5
942 7
942 8
943 0
943 1
943 2
943 3
943 4
943 6
943 7
944 0
944 1
944 2
944 3
944 5
944 6
944 7
945 0
945 1
945 3
945 4
945 5
945 6
946 0
946 1
946 2
946 3
946 4
946 5
946 6
947 0
947 2
947 3
947 4
947 5
947 6
947 711
948 1
948 2
948 3
948 5
948 7
949 0
949 1
949 2
949 3
949 5
949 6
949 7
950 1
950 2
950 5
950 6
950 7
950 69
951 0
951 1
951 2
951 3
951 4
951 5
951 6
951 7
952 1
952 2
952 3
952 5
952 6
952 7
953 0
953 2
953 3
953 5
953 18
954 0
954 1
954 2
954 3
954 4
954 6
954 19
955 1
955 3
955 5
955 6
955 7
956 1
956 2
956 3
956 4
956 5
956 6
956 7
956 322
957 0
957 2
957 3
957 5
957 6
958 1
958 2
958 3
958 4
958 5
958 6
958 7
958 372
959 0
959 1
959 2
959 3
959 4
959 6
960 0
960 1
960 2
960 3
960 21
961 0
961 1
961 2
961 3
961 4
961 5
961 6
962 0
962 1
962 3
962 4
962 5
962 84
963 0
963 1
963 2
963 3
963 4
963 6
963 800
964 0
964 1
964 2
964 3
964 4
964 5
964 6
965 0
965 1
965 2
965 3
965 4
965 5
965 6
965 7
966 1
966 2
966 3
966 4
966 6
966 7
966 69
967 0
967 1
967 2
967 3
967 5
967 6
967 7
967 152
968 0
968 2
968 3
969 0
969 1
969 4
969 5
969 6
969 7
970 2
970 3
970 4
970 5
970 6
971 0
971 2
971 3
971 4
971 5
971 6
971 7
972 0
972 1
972 2
972 3
972 5
972 6
972 760
973 0
973 2
973 3
973 4
973 5
973 6
973 7
974 0
974 1
974 2
974 3
974 4
974 6
974 7
975 1
975 2
975 3
975 4
975 5
975 6
975 39
976 0
976 1
976 2
976 3
976 4
976 6
977 0
977 1
977 2
977 3
977 5
978 0
978 1
978 2
978 3
978 5
978 6
978 69
979 0
979 1
979 2
979 3
979 4
979 5
979 6
979 946
980 0
980 1
980 2
980 3
980 5
980 6
980 7
980 69
981 2
981 3
981 4
981 5
981 6
981 7
982 0
982 1
982 2
982 3
982 5
982 6
982 7
982 50
983 0
983 1
983 2
983 4
983 5
983 6
984 0
984 1
984 2
984 3
984 5
984 6
985 0
985 2
985 3
985 5
985 6
986 0
986 1
986 2
986 3
986 4
986 6
986 19
987 0
987 1
987 2
987 3
987 4
987 5
987 6
987 7
987 8
988 0
988 1
988 2
988 3
988 4
988 5
988 6
989 0
989 1
989 3
989 4
989 6
989 7
989 52
990 0
990 5
990 6
990 7
991 0
991 1
991 2
991 3
991 5
991 6
992 0
992 1
992 2
992 3
992 5
992 6
992 7
993 1
993 2
993 3
993 287
994 0
994 1
994 2
995 0
995 1
995 2
995 3
995 4
995 5
995 6
995 7
996 0
996 1
996 2
996 3
996 4
996 5
996 7
997 0
997 1
997 2
997 3
997 4
997 5
997 7
998 0
998 1
998 2
998 3
998 4
998 5
998 6
998 7
999 0
999 1
999 2
999 3
999 4
999 5
999 6
