1 0
2 0
2 1
3 0
3 1
3 2
4 0
4 1
4 2
4 3
5 0
5 1
5 2
5 3
5 4
6 0
6 1
6 2
6 3
6 4
6 5
7 0
7 1
7 2
7 3
7 4
7 5
7 6
8 0
8 1
8 2
8 3
8 4
8 5
8 6
8 7
9 0
9 1
9 2
9 3
9 4
9 5
9 6
9 7
9 8
10 2
10 3
10 4
10 5
10 6
11 0
11 1
11 2
11 3
11 4
11 6
12 3
12 4
12 6
13 0
13 2
13 3
14 0
14 1
14 2
15 0
15 1
15 2
15 3
15 4
16 1
16 2
16 3
16 4
16 5
16 6
16 7
16 8
17 0
17 1
17 2
18 0
18 2
18 4
18 15
19 0
19 1
19 2
20 1
20 2
20 3
20 4
20 6
20 7
20 8
20 16
21 0
21 2
21 4
21 5
21 6
22 1
22 2
22 3
22 4
22 6
22 11
23 0
23 1
23 2
23 4
24 0
24 1
24 2
25 1
25 3
25 4
25 5
25 8
26 1
26 5
26 6
26 7
27 0
27 2
28 0
28 1
28 2
28 3
28 4
28 5
28 6
29 1
29 2
29 3
29 4
29 5
30 1
30 2
30 4
30 5
30 6
30 7
30 8
31 0
31 2
31 3
32 2
32 3
32 4
32 5
32 6
33 0
33 1
33 6
34 0
34 1
34 2
34 4
34 5
34 6
34 7
34 8
35 1
35 2
35 3
36 2
36 3
36 4
37 1
37 2
37 4
38 0
38 1
38 4
38 5
38 6
38 7
38 8
39 0
39 3
40 2
40 15
40 18
41 6
41 7
42 1
42 3
42 4
42 5
42 6
42 8
43 0
43 1
43 2
43 5
44 2
44 4
44 6
44 32
45 0
45 2
46 1
46 2
46 4
47 3
47 4
47 5
47 6
48 2
49 0
49 1
49 4
49 5
49 6
49 8
50 0
50 2
51 0
51 2
52 1
52 2
52 5
52 7
52 8
52 34
53 2
53 5
53 7
53 8
54 0
54 1
54 2
54 4
55 0
55 1
55 2
56 0
56 1
56 4
56 5
56 8
56 49
57 2
57 5
57 6
57 8
58 0
58 4
58 5
58 6
58 7
58 8
59 1
59 3
59 4
60 0
60 2
61 0
61 4
61 5
61 8
62 0
62 3
63 1
63 2
63 4
63 7
63 8
63 20
64 0
64 3
65 2
65 3
65 4
66 0
66 2
66 4
67 2
68 2
68 3
68 4
68 5
68 6
68 7
69 0
69 1
69 2
69 3
70 0
70 1
70 6
71 0
71 2
71 19
72 0
72 5
72 8
72 49
73 2
73 3
74 0
74 3
75 0
75 1
75 4
75 5
75 6
76 4
77 1
77 2
77 4
77 5
77 6
77 7
78 1
78 4
78 5
79 0
79 4
80 1
80 2
80 3
80 4
81 1
81 2
81 7
81 8
81 20
82 0
82 1
82 4
82 6
83 2
83 4
83 6
83 7
84 1
84 3
84 5
85 0
85 1
85 4
85 5
86 0
86 3
86 4
86 6
87 0
87 1
87 2
87 3
88 1
88 2
88 4
88 7
88 8
88 16
89 0
89 2
89 3
90 0
90 1
90 3
90 5
90 6
90 7
91 3
91 4
91 8
92 2
92 19
93 0
93 2
93 4
93 5
94 1
94 2
94 6
95 1
95 4
95 6
95 7
95 16
96 2
96 4
96 5
96 6
96 77
97 1
97 4
97 88
98 0
98 1
98 7
98 8
99 3
99 4
100 0
100 1
100 2
100 4
101 1
101 4
101 6
101 7
101 95
102 3
103 3
103 4
104 0
104 1
104 2
104 4
104 6
104 7
105 1
105 6
105 33
106 8
106 72
107 0
107 1
107 4
107 8
107 49
108 0
108 1
108 2
108 17
109 0
109 4
109 6
109 8
110 3
110 4
111 4
111 6
111 22
112 1
112 6
113 8
114 3
114 4
114 5
114 7
116 0
116 1
116 4
116 7
117 1
117 17
118 0
118 2
118 3
119 1
119 2
119 6
120 0
120 1
120 8
120 49
121 0
121 1
121 3
121 4
121 6
122 1
122 2
122 17
123 3
123 4
124 3
124 4
124 8
125 0
125 2
125 5
125 6
126 0
126 2
126 3
127 2
127 3
127 4
127 5
127 6
128 4
128 79
129 0
129 2
130 3
130 4
131 4
131 6
131 77
132 0
132 1
132 4
132 100
133 2
134 1
134 2
134 4
134 46
135 1
135 2
136 72
137 0
137 1
137 5
137 7
138 0
138 1
138 4
138 100
138 132
139 2
139 6
139 7
140 1
140 2
140 4
140 37
141 2
141 46
142 2
142 3
142 4
142 6
143 1
143 7
144 4
145 0
145 4
145 49
146 3
146 74
147 0
147 1
147 5
147 7
147 137
148 3
149 0
149 1
149 2
149 6
149 7
149 104
150 2
150 3
150 4
151 1
151 2
151 3
151 4
151 5
152 1
152 6
152 121
153 0
153 1
153 2
153 4
153 6
154 1
154 2
154 4
154 7
154 8
155 0
155 2
155 3
155 5
155 6
155 7
156 4
156 79
157 1
157 2
157 6
157 104
158 1
158 2
158 3
158 4
158 5
158 6
158 7
159 1
159 8
159 20
160 3
160 4
161 0
161 4
161 5
161 8
162 2
162 3
162 4
163 0
163 1
163 4
164 1
164 2
164 3
164 4
164 5
164 6
165 2
165 3
165 6
165 8
166 5
166 6
167 1
167 2
167 3
167 4
167 5
167 7
167 8
168 0
168 2
168 129
169 0
169 2
169 24
170 1
170 3
170 4
170 5
170 6
171 4
171 6
171 7
172 6
172 96
173 1
173 17
174 0
174 2
174 15
175 2
175 4
175 6
175 7
175 8
176 2
177 1
178 2
179 1
179 2
179 8
180 0
180 2
180 4
180 6
181 1
181 2
181 3
181 4
181 7
182 2
183 2
183 19
184 3
184 4
185 0
185 1
185 2
185 3
185 69
186 1
186 2
186 3
186 6
186 16
187 1
187 2
187 6
188 2
188 4
188 5
189 2
189 5
189 6
189 8
190 1
190 8
191 7
191 8
192 79
193 1
193 4
193 100
194 1
194 2
195 1
196 0
196 1
196 6
197 3
198 6
199 0
199 2
199 15
200 3
200 4
200 7
200 114
201 2
201 3
201 11
202 0
202 2
202 118
203 1
203 4
203 6
203 7
204 3
204 4
204 8
204 124
205 0
205 1
205 4
205 6
205 121
206 2
206 178
207 2
207 4
207 6
208 4
208 5
208 7
209 1
209 2
209 3
210 0
210 2
210 118
211 3
211 5
211 7
211 8
212 2
212 3
213 1
213 3
214 2
214 3
214 181
215 0
215 1
216 2
216 4
216 6
216 207
217 1
217 4
217 7
217 16
218 2
218 4
218 7
219 0
219 2
220 0
220 1
220 7
220 147
221 1
221 4
221 7
221 8
221 154
222 4
222 7
223 2
223 6
223 8
224 1
224 2
225 4
225 79
226 0
226 4
226 5
226 8
227 1
227 2
227 3
227 5
227 7
227 8
227 167
228 7
228 8
229 1
229 6
229 7
230 1
230 7
230 16
231 3
231 4
231 5
231 7
231 8
231 167
232 0
232 6
233 6
233 41
234 2
235 1
235 8
235 20
236 0
236 1
236 8
236 49
236 120
237 0
237 39
238 0
238 2
238 6
239 2
239 4
239 6
239 44
240 4
240 6
240 7
241 0
241 1
241 4
241 107
242 2
242 4
242 6
242 21
243 1
243 2
243 5
243 7
244 0
244 2
244 3
244 69
245 2
245 6
245 32
246 8
246 49
247 3
247 4
247 7
247 114
248 0
248 1
249 0
249 2
250 6
250 8
251 0
251 1
251 8
251 107
252 1
252 3
252 8
252 167
253 3
253 4
254 0
254 1
254 2
254 3
254 4
255 2
255 4
255 6
255 32
256 0
256 3
256 69
256 244
257 4
257 5
257 6
258 0
258 1
258 4
258 6
259 0
259 2
259 3
260 0
260 2
261 0
261 1
261 5
261 6
261 8
261 49
262 0
262 1
262 5
262 7
262 137
263 0
264 1
264 2
265 3
266 1
266 7
266 8
266 16
267 0
267 2
267 4
267 6
268 0
268 1
268 6
269 2
269 3
269 5
270 4
270 5
270 6
271 1
271 2
272 5
272 7
273 0
273 2
274 1
274 2
274 94
275 0
275 2
275 118
276 0
276 1
276 4
277 0
277 1
277 248
278 0
278 5
278 161
279 178
280 0
280 1
280 2
280 4
280 6
281 0
281 1
281 121
282 1
282 4
282 7
282 63
283 2
284 6
284 8
285 4
285 8
285 204
286 2
287 2
287 3
288 8
288 20
289 1
289 4
289 5
290 3
290 4
291 1
291 2
291 4
291 6
291 8
292 1
293 1
293 2
293 17
294 0
294 2
294 4
294 7
295 5
295 77
296 4
296 5
297 2
297 4
297 150
298 1
298 5
298 7
298 137
299 1
299 5
300 1
300 20
301 2
301 3
302 1
302 7
302 8
302 16
303 3
303 8
304 5
304 6
305 2
305 4
305 5
305 6
306 4
306 7
307 2
307 6
307 157
308 1
308 17
309 94
310 0
310 2
310 4
311 0
311 3
312 1
312 5
312 6
312 8
312 42
313 1
313 3
313 5
313 6
313 7
314 0
314 8
314 49
314 120
315 1
315 2
315 4
316 0
316 2
316 3
317 0
317 1
317 4
317 8
317 49
317 107
318 1
318 4
318 5
319 5
319 8
319 49
320 2
320 3
321 2
321 3
322 1
322 2
322 3
322 5
322 6
322 7
322 8
323 3
323 4
323 6
324 2
324 5
324 7
324 8
325 0
325 118
326 3
326 5
326 6
327 0
327 1
327 2
327 6
327 149
328 6
328 96
328 172
329 0
329 3
329 5
329 6
330 1
330 2
330 8
331 2
331 4
331 46
332 0
332 118
333 2
333 3
333 4
333 6
334 0
334 4
334 5
334 8
335 0
335 1
335 2
336 2
336 5
336 269
337 0
337 49
338 0
338 1
338 2
339 1
339 4
339 7
339 95
340 4
340 6
340 7
341 0
341 1
341 2
341 3
341 5
341 7
341 8
342 1
343 0
343 3
344 1
344 20
345 1
345 2
345 4
345 5
345 6
345 7
346 0
346 2
346 4
346 6
347 0
347 1
347 4
347 100
348 1
348 2
348 3
348 6
348 11
349 2
349 4
349 6
349 7
349 8
350 1
350 3
350 8
351 2
351 3
351 4
352 0
352 2
352 3
353 1
353 2
353 4
354 7
354 8
354 228
355 8
355 16
356 2
357 1
357 2
357 3
358 2
358 3
358 5
358 7
358 8
358 167
359 2
359 3
359 6
360 1
360 2
360 8
360 16
360 88
361 0
361 2
362 0
362 1
362 4
362 49
363 1
363 2
363 4
363 5
363 6
363 7
364 0
365 1
365 6
365 33
365 105
366 4
366 5
366 6
367 0
367 7
367 147
367 220
368 2
369 74
370 0
370 5
370 7
370 147
371 3
371 4
371 114
371 200
372 1
372 2
373 2
373 360
374 0
374 1
374 2
374 3
374 4
374 5
375 3
375 5
376 1
376 8
376 98
377 2
377 4
377 6
377 44
378 2
378 3
379 0
379 100
380 0
380 1
380 4
380 5
381 1
381 5
381 7
381 137
382 0
382 2
382 4
383 0
383 1
383 3
383 5
384 96
384 172
385 8
386 0
386 1
386 2
387 0
387 2
387 238
388 1
388 2
388 7
389 1
389 8
390 2
390 6
391 1
391 5
392 5
392 6
393 2
393 6
393 77
393 96
394 1
394 2
394 7
394 8
394 34
395 4
395 6
395 7
395 16
396 1
396 3
396 4
396 5
396 8
396 25
397 74
398 1
398 4
398 7
398 8
399 6
400 0
400 4
401 1
401 4
401 6
402 1
402 2
402 8
403 1
403 3
404 0
404 2
404 3
405 178
406 0
406 2
406 24
407 0
407 3
408 8
409 0
409 1
410 1
410 7
411 5
411 147
412 3
412 6
412 329
413 0
413 4
413 49
414 4
415 0
415 1
415 248
416 0
416 4
416 6
417 0
417 5
417 7
418 4
419 2
420 3
420 4
420 5
420 7
420 68
421 0
421 5
421 6
421 8
422 0
422 3
423 4
424 0
425 0
425 5
425 8
426 0
426 1
426 2
426 4
427 0
427 6
428 0
429 0
429 2
430 1
430 2
430 4
430 6
430 7
431 4
431 21
431 242
432 5
432 7
432 147
433 2
433 77
434 2
434 3
434 6
434 16
435 4
435 5
435 6
436 8
437 1
437 8
438 0
438 6
439 0
439 2
440 0
440 7
440 147
440 220
441 2
441 5
441 6
441 8
442 1
442 6
443 0
443 5
443 147
444 1
444 7
446 1
446 4
446 5
446 6
446 7
446 8
447 0
447 2
448 2
449 0
449 49
450 3
450 8
451 74
451 369
452 1
452 2
452 3
452 5
453 2
453 3
453 7
454 1
454 2
454 4
454 7
454 8
455 0
455 1
455 2
455 6
456 0
456 4
456 132
457 1
457 2
458 6
458 96
459 2
459 6
459 125
460 0
460 6
460 8
461 1
461 3
461 4
461 5
461 158
462 1
462 248
463 1
463 8
463 49
463 107
464 4
464 6
464 21
465 1
465 7
465 8
465 34
466 3
466 4
466 5
466 7
466 8
467 3
467 6
468 0
468 2
468 3
468 69
469 0
469 4
469 132
470 2
470 118
471 0
471 1
471 8
472 0
472 1
472 2
472 3
472 4
472 6
473 3
473 5
473 8
474 0
474 1
474 4
474 5
474 6
474 7
475 5
475 7
475 137
476 3
476 4
476 6
477 2
477 104
478 269
478 336
479 1
479 3
479 4
479 6
480 4
480 7
480 114
481 0
481 1
481 2
481 4
481 5
481 6
481 7
482 1
482 3
482 4
482 6
483 0
483 1
483 7
483 147
483 220
484 4
484 5
484 6
484 75
485 8
486 8
487 1
487 7
487 8
487 16
488 4
488 7
488 294
489 0
489 7
489 90
490 0
490 1
490 2
490 17
491 3
491 4
492 0
492 6
493 0
493 4
493 107
494 0
494 3
494 74
495 125
496 0
496 1
497 1
497 49
497 107
498 0
498 49
499 4
500 1
500 2
501 1
501 5
501 7
502 0
502 69
503 2
503 7
503 8
503 20
504 2
504 4
504 5
504 6
505 2
505 4
506 0
506 1
506 6
506 327
507 0
507 2
507 3
507 126
508 0
509 4
509 95
510 0
510 49
510 498
511 0
513 0
514 0
514 3
514 6
515 0
515 1
515 8
515 49
516 2
516 46
516 331
517 5
517 77
518 0
518 2
518 3
519 6
519 7
520 7
520 8
521 3
522 4
522 5
522 6
522 8
523 2
523 4
523 7
523 63
524 2
524 24
524 406
525 0
525 2
525 439
526 8
526 42
526 312
527 3
527 4
527 5
527 7
527 8
527 167
528 8
528 42
528 526
529 4
529 8
530 3
530 4
531 2
531 3
531 5
531 6
531 7
531 8
532 3
532 4
532 5
532 7
532 8
533 3
533 407
534 2
535 0
535 4
535 5
535 6
536 0
536 2
536 5
537 0
538 4
538 5
538 6
538 7
538 8
538 34
539 2
539 4
539 8
540 0
540 2
540 3
541 3
541 200
542 6
543 1
543 2
543 4
543 6
543 8
544 3
544 7
544 68
545 2
545 368
546 3
546 4
546 6
547 2
547 269
548 1
548 121
549 4
550 1
550 2
551 0
551 4
551 49
552 5
552 137
553 2
553 4
553 7
553 63
554 1
554 4
554 7
555 1
555 4
555 5
555 8
556 4
556 5
557 1
557 5
557 7
558 2
558 4
559 2
559 3
559 7
560 5
560 147
561 1
561 2
561 7
561 34
562 1
562 2
562 4
562 5
562 6
563 4
563 418
564 0
564 1
564 17
565 8
565 189
566 0
566 1
566 8
567 0
567 5
567 6
567 8
567 261
568 0
568 1
568 2
568 3
568 5
568 6
568 28
569 2
570 1
570 2
571 0
571 2
571 5
572 0
572 4
572 6
572 82
573 7
573 8
573 520
574 1
574 3
574 8
574 350
575 0
575 2
576 96
576 172
577 0
577 1
577 4
577 8
577 49
578 4
578 6
578 7
578 8
579 0
579 1
579 2
580 0
580 2
581 0
581 49
581 498
582 0
582 4
582 5
583 4
583 242
583 431
584 2
584 4
584 46
585 4
585 6
585 366
586 4
587 1
588 7
588 8
589 0
589 4
589 5
590 1
590 5
591 3
591 4
592 0
592 2
593 1
594 2
594 4
594 8
594 291
595 4
595 5
596 0
596 1
596 5
596 7
597 0
597 132
598 1
598 2
598 8
599 1
600 0
600 4
601 0
601 1
601 5
601 6
601 8
601 49
602 1
602 8
602 49
603 0
603 1
603 104
604 4
605 2
605 3
605 6
606 1
606 2
606 5
606 6
607 0
607 1
607 5
608 1
608 7
609 3
609 5
609 7
610 2
610 3
610 201
611 3
611 4
611 7
612 0
612 1
612 104
613 1
613 7
613 220
614 1
614 2
615 2
615 3
615 4
615 6
616 4
617 1
618 4
618 6
618 8
619 0
619 4
620 0
620 2
620 15
620 199
621 0
621 5
621 6
621 8
621 421
622 238
622 387
623 0
623 1
623 6
624 7
624 8
624 228
625 1
625 4
625 482
626 1
626 2
626 4
626 5
627 3
627 544
628 3
628 6
629 4
629 6
629 7
630 4
630 6
630 7
630 8
631 2
631 3
631 5
632 0
632 6
633 0
633 1
633 4
633 6
634 0
634 2
634 3
635 1
635 17
636 0
636 3
636 69
636 244
637 3
637 4
637 7
637 8
638 2
639 5
639 7
639 137
640 0
640 1
640 3
640 69
641 0
641 1
641 8
641 49
642 1
642 2
642 17
642 293
643 2
643 3
643 4
643 6
643 164
644 1
644 2
644 4
644 6
644 7
645 8
646 6
646 7
647 4
647 423
648 0
648 1
648 5
649 1
649 4
649 49
649 107
650 0
650 1
651 1
651 3
652 0
652 5
653 3
653 6
654 0
654 2
654 4
655 6
656 1
656 6
656 7
656 95
657 3
657 103
658 1
658 2
658 3
658 4
658 5
658 6
658 7
658 8
659 0
659 7
660 1
660 7
660 20
660 81
661 4
662 19
663 1
663 3
663 8
664 3
664 4
664 99
665 2
665 4
665 6
666 3
666 4
666 5
666 8
667 2
667 4
667 6
668 2
668 3
668 5
668 7
668 8
669 1
669 2
669 3
669 5
669 28
669 568
670 2
670 5
670 7
670 8
670 531
671 1
671 7
671 16
672 3
672 8
673 0
673 3
674 3
674 6
675 118
675 332
676 1
676 4
676 7
676 8
676 154
677 5
677 8
677 421
677 621
678 2
678 3
678 4
678 5
679 1
679 8
680 3
680 8
681 4
682 4
682 21
683 4
684 1
684 3
685 1
685 3
686 0
686 1
686 3
686 4
687 2
687 5
688 1
688 3
688 4
688 8
689 7
689 20
689 81
690 2
691 2
691 5
691 6
691 8
692 201
693 0
693 3
694 0
694 1
694 5
694 8
694 49
695 2
695 17
695 642
696 0
696 3
697 2
698 3
698 4
698 25
699 2
699 15
699 18
699 40
700 0
700 4
700 49
701 0
701 129
702 0
702 2
702 24
703 4
704 2
704 4
704 7
704 553
705 2
705 5
706 1
706 2
706 4
706 46
706 134
707 6
708 1
708 5
709 0
709 1
709 7
710 4
710 7
711 3
711 4
711 6
712 2
712 5
712 6
713 4
713 46
713 134
714 0
714 1
715 2
715 4
715 6
715 7
715 8
716 1
716 2
716 3
716 4
717 6
717 33
717 105
718 3
718 6
718 329
719 0
719 404
720 7
720 8
720 167
720 358
721 2
721 4
721 8
721 291
722 3
722 4
723 1
723 5
723 557
724 2
725 1
725 55
726 0
726 8
726 49
727 2
728 2
728 3
728 4
728 6
729 3
730 4
730 6
731 0
731 2
732 2
732 6
732 8
732 189
733 2
733 4
733 5
734 1
734 8
735 7
735 8
735 358
736 1
736 6
736 104
737 3
737 6
737 329
738 2
738 3
738 4
738 5
739 5
739 7
739 137
740 5
740 166
741 0
741 1
741 8
742 1
743 0
743 1
743 137
744 7
744 16
745 5
745 7
745 298
746 1
746 6
747 1
747 2
747 3
747 4
748 0
748 1
748 4
748 100
748 132
749 1
749 3
749 4
749 8
750 0
750 4
750 5
750 7
750 8
751 0
751 3
752 3
752 6
752 8
752 165
753 2
753 4
754 2
755 0
755 2
755 3
755 4
755 6
756 0
756 2
757 2
757 51
758 3
758 7
759 4
759 6
759 7
759 16
760 3
760 5
760 6
760 7
761 0
761 5
761 7
761 8
762 1
762 248
763 2
763 3
764 1
764 7
764 95
765 1
765 2
765 154
766 2
766 3
766 5
767 1
767 3
768 7
768 8
769 5
769 137
770 1
771 0
771 1
771 4
772 0
772 6
772 8
772 601
773 0
773 2
774 3
775 0
775 100
776 0
776 4
776 5
776 7
776 8
776 750
777 3
777 6
778 1
778 2
779 0
780 0
780 1
781 1
782 1
782 8
782 20
783 2
783 4
785 0
785 2
785 4
786 1
786 2
786 3
786 4
786 5
787 1
787 2
787 154
788 1
788 4
789 2
790 7
790 8
790 34
791 1
791 2
792 0
793 1
793 4
793 5
793 42
794 0
794 49
794 413
795 1
795 4
795 6
795 7
795 345
796 0
796 1
797 0
797 5
798 0
798 1
798 5
798 262
799 2
799 5
799 7
799 531
799 670
800 1
800 4
800 49
801 6
801 33
801 105
802 2
802 4
802 5
803 2
803 4
803 7
803 553
804 1
804 7
804 220
805 0
805 2
805 118
805 202
806 3
806 4
807 1
807 8
807 120
807 236
808 7
808 302
809 0
809 2
809 89
810 0
810 1
810 2
810 3
810 4
810 5
811 0
811 1
811 3
811 6
812 0
812 8
812 49
812 120
813 1
813 2
813 3
813 4
813 5
813 6
814 0
814 4
815 1
815 6
816 3
816 5
816 7
817 0
817 1
817 8
817 49
818 0
818 2
818 129
818 168
819 0
819 2
819 3
820 0
820 2
820 5
820 6
820 28
821 2
822 1
822 8
822 88
823 1
823 2
823 4
824 1
824 2
824 3
824 4
824 6
824 7
825 3
825 160
826 0
826 1
827 1
828 3
828 4
828 6
829 3
829 5
830 2
830 7
830 561
831 2
831 5
832 0
832 5
833 0
833 2
833 5
834 5
834 137
835 2
835 118
836 0
836 82
837 6
837 8
838 3
838 4
838 6
838 7
838 8
839 1
839 7
839 410
840 6
841 0
841 1
841 5
841 6
841 8
841 49
842 4
842 7
842 154
843 5
844 0
844 1
844 4
844 5
844 8
844 49
845 1
845 3
845 4
845 158
846 7
846 745
847 0
847 1
847 3
847 6
848 0
849 0
849 1
849 121
850 0
850 2
850 406
851 0
851 3
851 39
852 20
852 81
853 0
853 1
853 4
853 5
853 6
853 75
854 0
854 2
854 4
854 5
855 1
855 16
856 2
856 4
856 5
856 7
857 4
857 7
857 8
857 20
858 1
858 2
858 28
858 568
858 669
859 4
859 7
859 8
860 0
860 69
860 502
861 1
861 4
861 5
861 6
861 7
861 8
862 0
862 2
862 3
863 0
863 4
863 6
863 82
863 572
864 5
864 7
864 137
865 2
865 477
866 4
866 8
866 749
867 4
867 8
867 749
868 0
868 2
868 3
868 4
868 5
868 6
868 7
868 8
868 9
869 3
869 4
869 5
870 4
870 8
871 1
871 7
872 1
872 4
872 7
872 8
872 154
873 0
873 4
873 5
873 8
874 1
874 3
874 5
874 8
875 4
875 5
875 6
876 4
876 8
876 291
877 2
877 17
877 293
878 4
878 242
878 431
879 0
879 2
880 4
880 6
880 828
881 0
881 1
881 4
881 8
881 49
881 317
882 2
882 3
882 6
883 1
883 3
883 6
884 1
884 2
884 3
884 4
884 5
885 0
885 1
885 2
885 6
886 0
886 4
886 6
887 0
887 1
888 3
888 8
889 4
890 0
890 3
890 5
891 0
891 2
891 3
891 4
891 6
892 0
892 2
892 5
892 7
893 3
893 4
893 103
894 4
894 7
894 339
895 4
895 6
895 77
896 1
896 4
896 5
896 6
896 7
896 8
897 1
897 7
898 1
899 4
899 7
899 114
900 2
900 5
900 6
901 1
901 2
901 3
901 4
901 5
901 29
902 4
902 8
902 204
902 285
903 3
904 5
905 4
905 8
905 594
906 0
906 4
906 5
906 8
906 226
907 8
908 5
909 3
909 4
910 4
910 7
910 114
910 200
911 4
911 5
911 6
911 366
912 1
912 104
913 1
913 8
914 0
914 2
914 755
915 2
915 4
915 6
915 7
916 0
916 1
917 2
917 5
918 0
918 6
918 8
918 601
919 6
919 8
920 3
920 5
920 6
921 4
921 5
921 6
921 75
921 484
922 1
922 3
922 5
922 6
922 313
923 0
923 1
923 2
923 3
923 4
923 254
924 0
924 3
925 1
925 7
925 8
925 16
926 4
926 5
926 7
927 2
927 3
927 4
927 6
927 7
927 8
928 0
928 5
928 6
928 8
929 1
930 4
930 6
931 5
932 4
933 1
933 2
933 46
934 0
934 4
934 49
935 0
935 3
936 2
936 917
937 6
937 840
938 0
938 5
939 0
939 1
939 8
940 2
940 3
940 4
941 1
941 4
941 6
941 345
942 2
942 917
943 2
944 1
944 4
944 5
944 158
945 0
946 1
946 5
946 137
946 147
947 2
947 53
948 4
948 7
949 0
949 6
949 8
950 1
950 4
951 0
951 5
953 1
953 7
953 410
954 0
954 220
955 0
956 1
956 5
956 7
957 0
957 1
957 8
957 49
958 0
958 5
958 6
958 8
959 0
959 3
960 4
960 242
960 431
961 0
961 4
962 2
962 15
962 18
963 1
963 2
963 3
963 4
963 5
964 4
964 5
965 0
965 3
966 2
966 5
966 7
966 53
967 2
967 6
967 125
968 2
968 6
969 1
969 7
970 1
970 7
970 137
971 2
971 8
971 291
972 1
972 7
972 137
973 5
973 7
973 137
974 0
974 2
974 69
974 244
975 0
975 1
975 887
976 4
976 6
976 8
977 0
977 6
978 2
979 0
979 2
979 4
979 785
980 2
980 5
980 8
981 1
981 2
981 94
982 5
982 6
982 366
983 3
983 4
983 5
983 7
983 8
984 8
985 3
985 869
986 4
986 5
986 8
987 1
987 5
987 29
988 4
988 6
988 7
989 2
989 3
990 1
990 2
990 4
991 0
991 1
991 3
991 4
992 0
992 2
992 3
993 0
994 2
994 4
994 5
994 6
995 2
995 785
996 1
996 6
996 7
996 104
997 0
997 2
997 4
997 785
998 1
998 2
998 4
998 7
999 0
999 6
999 572
999 863
