1 0
2 0
2 1
3 0
3 1
3 2
4 0
4 1
4 2
4 3
5 0
5 1
5 2
5 3
5 4
6 0
6 1
6 2
6 3
6 4
6 5
7 0
7 1
7 2
7 3
7 4
7 5
7 6
8 0
8 1
8 2
8 3
8 4
8 5
8 6
8 7
9 0
9 1
9 2
9 3
9 4
9 5
9 6
9 7
9 8
10 2
10 3
10 4
11 2
11 3
11 4
11 6
12 3
13 0
14 2
14 4
14 6
15 0
15 2
15 3
15 7
16 0
16 1
16 5
17 2
17 3
17 5
17 6
17 8
18 0
18 4
18 5
19 3
19 6
19 7
20 3
21 7
21 19
22 3
23 0
23 2
23 3
23 4
23 5
24 0
24 2
25 2
26 2
26 3
26 4
27 0
27 2
27 3
27 7
27 15
28 0
28 1
28 2
28 3
28 5
28 6
29 3
29 5
29 6
29 28
30 4
30 26
31 2
31 3
32 0
32 1
32 5
33 2
33 14
34 4
34 5
34 8
35 2
35 6
35 8
35 17
36 0
36 1
36 4
36 6
36 7
37 2
38 0
38 1
38 5
38 28
39 2
39 5
39 6
40 2
40 7
40 15
41 4
41 6
41 11
42 1
42 5
42 7
42 8
43 3
43 28
43 29
44 0
45 1
45 5
46 2
46 3
46 4
46 26
47 5
47 6
47 8
48 1
48 5
49 1
49 4
49 6
49 7
50 4
50 5
50 8
50 34
51 2
51 26
52 0
52 2
52 6
52 28
53 0
53 2
53 4
53 5
54 28
54 52
55 3
55 43
56 2
56 15
56 27
57 2
57 6
57 8
57 17
58 28
58 52
58 54
59 28
59 52
60 4
60 5
60 8
60 9
62 0
62 6
63 4
63 26
63 30
64 20
65 8
65 50
66 4
66 5
67 0
67 4
68 3
68 5
68 6
69 1
69 2
69 6
69 28
70 6
70 28
70 69
71 1
71 4
71 5
72 2
72 3
72 5
73 0
73 2
73 3
74 2
74 27
74 56
75 0
75 1
76 2
77 0
77 1
78 2
79 5
79 16
80 4
81 0
82 4
82 41
83 4
83 5
83 8
83 60
84 1
84 6
84 69
85 0
85 1
85 6
85 7
85 36
86 2
86 4
87 28
87 52
87 54
87 58
88 4
88 6
88 11
88 41
89 0
89 3
90 2
90 3
91 3
91 29
92 1
93 4
93 11
93 88
94 3
94 5
95 2
95 31
96 0
96 2
96 27
97 0
97 1
97 4
97 7
98 43
98 55
99 4
99 6
100 0
101 1
101 3
101 4
102 2
102 3
102 73
103 19
104 0
105 28
105 38
106 43
106 98
107 0
108 1
109 2
109 76
110 0
110 28
111 0
111 1
112 2
113 4
114 0
114 2
114 3
114 4
114 5
114 23
115 3
115 94
116 6
116 28
116 29
117 2
117 4
117 114
118 3
118 29
118 43
119 6
119 29
119 116
120 7
120 19
121 4
121 5
122 5
122 16
123 2
123 4
123 114
123 117
124 0
124 104
125 4
125 66
126 0
126 1
126 97
127 3
127 6
127 7
128 0
128 2
128 4
128 5
129 6
129 11
130 0
130 28
130 52
131 0
131 3
131 5
132 0
132 2
132 3
132 5
132 7
133 43
134 4
134 99
135 4
136 4
136 26
137 0
137 3
138 4
138 5
138 9
138 60
139 5
139 8
139 34
140 16
141 1
141 28
142 6
142 11
144 0
144 114
145 9
146 1
146 3
146 4
147 4
147 8
147 34
148 28
148 29
149 1
149 6
149 7
149 49
150 0
150 5
150 131
151 3
151 29
151 43
151 118
152 28
152 52
152 54
152 87
153 2
153 5
154 6
154 28
155 8
155 50
156 1
156 6
156 28
156 69
157 0
157 1
158 0
159 2
159 3
159 5
160 26
161 28
161 52
161 54
161 87
162 29
162 119
163 6
163 17
164 2
164 4
164 11
165 0
166 0
166 1
167 43
168 2
168 25
169 6
169 11
170 3
170 5
170 7
170 132
171 26
172 0
172 3
172 131
173 2
173 5
173 6
173 7
174 0
174 2
174 6
174 28
175 5
175 8
175 34
176 0
176 5
177 4
177 8
177 34
177 147
178 0
178 2
178 3
178 7
178 132
179 1
179 6
179 69
179 84
180 0
181 0
181 4
181 5
181 6
182 2
182 27
182 56
183 151
184 1
184 3
184 146
185 4
185 5
186 28
186 52
187 0
187 1
187 2
187 5
187 7
188 0
189 0
189 81
190 2
190 3
190 6
191 52
192 2
193 1
193 2
193 5
194 1
194 5
194 8
194 42
195 1
195 84
195 179
196 3
196 4
197 2
197 4
197 11
198 1
198 28
198 38
199 0
200 0
200 7
201 2
201 15
201 27
202 2
202 4
203 3
203 137
204 2
204 78
205 0
206 1
206 108
207 2
207 3
207 6
207 190
208 5
208 6
208 173
209 4
209 5
210 1
210 2
210 5
211 3
213 145
214 3
214 26
214 46
215 5
216 3
216 5
216 68
217 34
218 0
218 165
219 2
219 4
219 114
219 117
220 5
220 6
220 17
221 43
221 133
222 3
222 29
222 91
223 4
223 8
223 177
224 0
224 1
224 3
224 5
224 6
225 1
225 3
225 146
226 2
227 0
227 4
227 67
228 2
228 7
229 1
231 5
232 0
232 1
232 2
232 4
232 5
232 7
233 3
233 146
233 184
234 2
234 123
235 2
235 5
235 128
236 41
236 82
237 0
238 2
238 5
238 132
239 2
239 4
240 0
240 7
240 200
241 6
241 181
242 0
242 6
242 7
243 1
243 2
243 6
243 8
244 0
245 4
245 66
246 2
247 2
247 7
248 2
248 7
248 247
249 5
250 4
250 26
250 136
251 0
251 2
251 3
252 2
252 3
252 4
252 5
253 1
254 26
254 160
255 1
256 4
256 6
256 99
257 0
257 2
257 5
257 6
257 28
258 0
258 131
260 5
260 16
260 122
261 43
261 133
262 7
262 21
263 0
263 3
263 132
263 178
264 11
265 4
265 114
266 2
266 7
267 76
267 109
268 6
268 8
269 107
270 2
270 5
270 7
270 232
271 8
271 60
271 83
272 160
273 28
274 5
274 8
274 194
276 2
276 3
277 0
277 158
278 4
278 6
278 11
279 4
279 11
280 28
280 148
281 4
281 11
282 3
283 6
283 8
284 2
284 5
284 128
285 0
285 2
285 3
285 15
286 3
286 276
287 29
287 116
288 3
288 19
289 1
290 0
290 67
290 227
291 5
292 0
292 2
292 3
293 2
293 96
294 2
294 4
294 5
295 0
296 7
296 228
297 1
297 101
298 8
299 0
299 1
299 4
299 6
299 8
300 3
300 26
300 46
300 214
301 7
301 21
301 262
302 0
302 2
302 73
303 2
303 3
303 190
304 28
304 52
304 54
305 28
306 3
306 303
307 2
307 3
308 0
309 2
309 6
310 0
310 4
310 181
311 2
311 5
312 2
312 56
312 182
313 3
313 5
314 6
314 173
315 0
315 7
315 27
316 2
316 52
317 3
317 5
317 159
318 15
318 285
319 2
319 26
320 6
320 314
321 1
322 29
323 3
323 5
323 7
323 132
324 1
324 2
324 4
324 7
324 8
324 9
325 132
325 323
326 3
326 19
327 7
327 242
328 4
328 5
328 23
329 0
329 1
330 2
330 69
331 2
331 5
332 6
332 7
332 36
332 85
333 7
333 42
334 11
334 41
335 2
335 117
336 34
337 3
337 4
338 7
339 1
339 6
339 69
340 0
340 2
340 6
341 1
341 28
341 69
342 0
342 100
343 5
343 128
344 7
344 27
344 315
345 0
345 3
346 0
346 4
346 181
347 2
347 3
348 52
348 58
349 5
349 224
350 8
350 42
350 194
351 4
351 41
352 4
353 8
353 194
353 350
354 8
355 1
356 1
356 2
356 9
357 0
357 165
357 218
358 43
358 133
359 4
359 66
359 245
360 29
360 43
360 118
361 133
362 26
362 160
363 4
363 5
363 8
364 2
364 3
364 6
364 8
364 17
365 2
365 312
366 0
366 165
367 0
368 0
368 165
368 357
369 0
369 302
370 1
371 0
371 5
371 6
371 181
372 6
372 179
373 2
373 14
374 165
374 218
374 357
375 0
375 158
375 277
376 3
376 17
376 364
377 0
377 2
377 3
377 6
379 4
379 11
379 279
380 11
380 278
381 11
381 93
382 5
382 6
382 28
383 4
383 11
384 3
384 5
385 0
386 4
386 66
387 5
387 249
388 151
388 183
389 4
390 4
390 5
390 252
391 5
391 28
392 0
392 1
392 4
392 6
392 7
393 3
393 5
393 132
393 170
394 0
394 178
395 6
395 28
396 15
396 27
396 56
397 3
397 347
398 4
398 23
398 114
399 2
399 6
400 2
400 3
400 6
400 190
401 200
401 240
402 0
402 1
402 2
403 6
403 314
404 6
404 8
404 17
404 57
405 1
405 2
405 5
405 193
406 5
407 0
407 1
407 77
408 4
409 15
409 285
409 318
410 4
410 6
410 11
410 41
410 88
411 6
411 84
411 179
413 6
413 190
413 207
414 3
414 102
415 0
415 1
415 5
416 7
416 173
417 5
418 2
418 3
418 5
418 7
419 28
420 2
420 3
421 0
421 3
421 4
422 6
423 7
423 27
423 315
423 344
424 0
424 165
424 218
424 357
425 0
425 6
425 257
426 0
426 1
426 3
427 42
427 194
428 0
428 107
429 2
429 4
429 11
430 68
431 3
431 276
431 286
432 131
432 150
433 6
433 283
434 3
434 91
435 151
436 28
436 305
437 2
437 5
437 294
438 1
438 4
438 5
438 71
439 52
439 54
440 4
440 26
440 30
441 0
441 1
442 6
442 256
443 5
443 8
443 194
443 274
444 4
444 11
445 128
446 28
447 0
447 7
447 242
448 2
449 1
449 179
449 195
450 3
450 4
450 26
450 46
451 4
451 113
452 1
452 92
453 2
453 3
453 31
454 0
454 375
455 2
455 3
456 4
456 245
456 359
457 0
457 4
458 3
458 5
458 132
459 124
460 0
460 5
460 6
460 181
461 0
461 5
461 6
461 460
462 146
463 6
463 173
463 314
464 4
464 41
464 351
465 4
465 26
465 30
465 63
466 151
466 183
466 388
467 7
467 42
468 5
468 159
469 7
469 19
469 21
470 2
470 3
470 190
471 146
471 462
472 165
472 424
473 0
473 165
474 5
474 128
475 79
476 303
476 306
477 6
477 11
477 278
478 4
478 11
479 2
479 4
479 117
480 66
480 245
481 4
481 6
481 256
482 3
482 4
482 196
483 14
484 5
484 28
485 2
485 56
486 3
486 313
487 98
488 6
488 314
489 276
489 286
490 52
490 58
491 0
491 114
492 133
493 7
493 15
494 5
494 417
495 43
495 360
496 1
496 2
496 4
497 28
497 29
497 116
498 2
498 6
498 190
499 6
500 28
500 29
500 43
501 117
502 1
502 4
503 3
503 5
503 6
503 28
503 29
504 1
505 66
505 245
506 3
506 5
506 6
506 28
506 503
507 29
507 43
508 3
508 7
509 0
509 5
509 150
510 3
511 1
512 5
513 2
513 312
514 43
514 261
515 54
515 439
516 4
516 5
517 79
518 2
518 420
519 0
519 3
519 4
519 5
519 6
519 7
520 0
520 3
521 3
521 146
521 184
521 233
522 56
522 312
523 29
524 8
524 60
524 83
525 11
526 3
526 131
526 172
527 3
528 36
529 88
530 2
530 3
530 4
530 5
530 114
531 4
532 2
532 132
532 238
533 1
533 5
533 71
534 165
534 357
535 2
535 25
536 2
537 4
537 440
538 7
539 1
539 6
539 7
539 392
540 5
541 7
541 315
542 0
543 26
543 46
543 300
544 165
544 357
544 374
545 4
546 5
547 88
547 93
548 3
548 190
548 303
549 7
549 423
550 0
550 178
550 263
551 2
551 123
552 77
553 5
554 5
554 132
555 1
555 2
555 9
555 324
556 41
557 2
557 3
557 5
557 72
558 165
558 218
559 0
559 6
559 299
560 15
561 4
561 66
562 4
562 66
562 386
563 3
563 46
565 2
565 40
566 123
566 234
567 0
567 2
568 1
569 5
569 16
570 43
570 98
571 77
571 552
572 79
572 475
573 6
575 1
575 5
575 38
576 1
576 5
576 7
577 79
577 475
578 3
578 29
578 91
578 222
579 1
579 5
580 4
580 337
581 2
581 6
581 174
582 5
582 128
583 7
583 315
584 2
584 3
584 4
584 5
585 8
585 17
585 57
586 0
586 7
587 5
587 231
588 123
588 566
589 1
589 2
589 4
589 496
590 0
590 2
590 3
590 7
591 79
591 475
591 572
592 5
593 5
593 232
594 5
594 16
595 173
595 314
595 463
596 28
596 29
596 148
597 3
597 28
598 28
598 304
599 1
600 359
600 456
601 1
601 42
602 5
602 592
603 2
604 2
604 4
604 479
605 28
605 52
606 4
606 147
606 177
607 29
607 116
607 497
608 424
609 124
610 132
611 2
612 2
612 3
612 10
613 0
613 2
614 2
614 7
614 8
614 324
615 1
615 2
615 4
615 496
616 7
617 5
617 8
617 194
618 0
618 2
618 3
619 4
619 41
620 3
620 347
621 183
621 388
622 21
622 262
623 2
623 4
623 496
624 25
625 88
626 5
626 131
626 150
627 104
627 124
628 4
628 5
629 0
629 6
629 7
630 3
630 46
631 0
631 1
631 5
631 6
631 8
631 9
632 28
633 2
633 3
633 400
634 0
634 1
634 224
635 2
635 3
635 5
635 418
636 2
636 56
636 74
637 183
637 388
637 621
638 84
638 195
639 4
640 1
640 2
640 555
641 2
641 312
642 0
642 205
643 123
644 0
644 2
644 6
644 28
645 4
645 99
646 6
646 28
647 2
647 7
647 247
647 248
648 128
648 284
649 3
649 28
649 597
650 2
650 3
650 4
651 6
651 35
652 1
652 4
652 8
653 4
653 34
654 4
654 181
655 165
656 2
656 3
657 3
657 6
658 245
658 480
659 0
660 2
661 5
661 363
662 28
662 52
662 186
663 1
663 7
664 3
665 3
665 31
666 1
666 5
667 5
668 3
668 664
669 4
669 26
669 30
670 2
670 3
670 303
671 5
671 6
671 68
672 2
672 5
672 294
672 437
673 2
673 3
673 5
673 418
674 0
674 6
674 181
675 5
675 387
676 3
676 303
676 306
677 29
677 43
678 4
678 202
679 19
680 0
680 302
681 6
681 69
681 156
682 2
682 5
683 3
684 424
685 2
685 69
686 0
686 3
686 89
687 0
688 2
689 173
689 314
689 463
690 4
690 457
691 4
691 41
692 30
692 63
693 1
693 28
694 4
694 41
694 82
695 1
695 6
696 2
696 69
697 6
697 28
697 646
698 16
698 594
699 2
699 4
699 5
699 584
700 147
701 2
701 7
701 8
702 1
702 2
702 193
702 405
703 3
703 5
703 132
703 393
704 6
705 3
705 418
705 673
706 1
706 321
707 4
707 202
708 3
709 43
710 2
710 656
711 4
711 5
711 83
712 26
712 46
712 450
713 5
713 193
714 28
714 110
715 172
715 526
716 2
716 5
716 7
716 232
717 0
717 2
717 73
718 6
718 220
719 0
719 1
719 4
719 7
720 146
721 2
721 5
721 132
721 238
722 3
722 5
723 0
723 3
723 172
724 28
724 110
725 4
726 2
726 6
727 1
727 5
727 232
728 357
728 368
729 1
729 2
730 114
730 117
730 123
731 0
731 6
732 5
732 6
732 503
733 29
733 43
733 507
734 15
735 2
735 584
736 146
736 233
737 1
737 4
737 392
738 1
738 5
738 187
739 0
739 81
740 2
740 9
741 4
741 6
741 11
741 41
742 4
743 183
743 621
744 5
744 220
745 183
745 388
745 637
746 132
746 323
746 325
747 2
747 78
748 4
748 181
748 310
749 1
749 392
750 2
750 324
750 614
751 3
751 418
751 673
752 6
753 8
753 42
754 2
754 3
754 4
754 5
755 3
755 664
756 2
757 178
757 394
758 5
758 6
759 3
760 3
761 113
762 3
762 146
762 184
763 5
764 4
764 5
765 128
765 445
766 91
767 6
768 1
768 2
769 3
769 6
769 28
769 503
769 506
770 4
771 3
771 91
771 578
772 770
773 42
773 194
774 52
774 348
775 0
775 295
776 0
776 4
776 6
777 114
777 265
778 4
778 30
778 440
779 4
779 5
780 4
781 165
782 3
782 91
783 1
783 28
784 8
784 17
784 57
784 585
785 2
786 3
786 7
786 127
787 79
787 572
788 6
788 41
789 0
789 4
789 5
789 6
789 7
789 519
790 3
790 4
790 5
791 3
791 29
791 91
792 79
792 475
792 577
793 2
793 3
793 11
794 6
794 581
795 4
795 11
796 6
796 339
797 1
797 6
797 69
797 84
798 3
799 4
799 66
800 4
800 5
800 519
801 2
801 3
802 2
802 5
802 294
803 183
804 3
804 723
805 6
805 573
806 2
806 128
807 43
807 677
808 11
809 5
810 6
810 181
810 241
811 158
812 6
813 1
813 415
814 5
816 11
816 41
816 88
817 0
817 2
817 6
817 340
818 19
819 4
819 8
820 3
820 4
820 196
821 28
821 110
821 724
822 4
823 11
823 278
823 380
824 6
824 163
825 3
825 28
826 3
827 1
827 5
827 7
828 29
828 222
829 1
829 7
829 392
830 123
830 551
831 4
831 351
831 464
832 4
832 623
833 11
833 129
834 0
834 7
835 148
836 1
836 4
837 28
837 148
838 1
838 5
839 114
839 117
839 123
840 5
840 232
840 716
841 76
841 109
841 267
842 0
842 6
843 114
844 3
844 190
844 303
845 5
845 673
846 1
846 5
846 575
847 2
847 479
848 5
848 6
848 460
849 2
849 3
849 6
850 4
850 26
851 5
852 8
853 0
853 2
853 73
853 717
854 2
854 10
855 1
856 2
856 330
857 132
857 393
857 703
858 278
858 380
858 823
859 38
860 17
861 1
861 5
862 7
862 247
862 248
862 647
863 54
863 439
864 0
864 4
864 6
864 789
865 196
866 3
866 755
867 36
868 1
868 3
868 4
868 6
868 7
868 9
869 41
869 88
869 816
870 3
870 5
870 132
870 393
870 703
871 5
871 128
872 43
872 55
872 98
873 6
873 752
874 28
874 257
875 10
876 1
876 2
876 3
876 4
876 5
876 7
876 8
877 6
878 867
879 4
879 60
880 1
880 2
880 4
880 7
880 232
881 6
881 758
882 0
882 158
882 277
883 306
883 676
884 677
884 807
885 173
885 314
885 463
886 4
886 82
886 694
887 1
887 4
887 7
887 8
888 7
889 4
889 7
890 4
891 0
891 3
891 7
892 2
892 324
893 0
893 4
893 6
893 776
894 146
894 762
895 2
895 4
896 4
896 5
896 8
896 34
897 0
897 6
897 52
898 28
898 29
898 148
899 0
899 172
899 723
900 2
901 2
901 4
902 5
902 809
903 1
903 84
903 179
904 5
904 593
905 5
905 626
906 614
906 750
907 5
908 462
909 3
909 5
910 132
910 170
910 393
911 1
911 71
912 3
912 94
913 0
913 165
913 357
914 2
914 56
914 485
915 424
916 52
916 186
917 0
918 5
918 557
919 6
919 28
920 4
921 6
922 7
923 3
924 1
925 6
925 35
926 0
926 1
926 4
927 0
927 1
927 441
928 11
928 833
929 2
929 4
929 232
930 0
930 7
930 8
930 9
931 0
931 124
932 28
932 54
932 87
932 152
933 52
933 605
934 55
934 98
934 872
935 1
935 6
935 7
935 49
935 149
936 6
936 11
936 142
937 0
937 315
938 2
938 5
938 635
939 6
940 29
940 91
941 28
942 1
942 3
943 71
943 438
944 28
945 0
945 2
945 3
946 2
946 210
947 809
948 52
948 54
949 5
949 122
950 4
950 6
951 5
951 16
952 3
952 4
953 0
953 205
953 642
954 480
954 658
955 5
956 173
956 314
956 463
956 595
957 2
957 5
957 682
958 28
959 4
959 83
959 711
960 0
960 4
960 7
960 392
961 5
962 4
962 8
963 110
963 724
964 1
964 652
965 5
965 902
966 0
966 174
967 2
967 3
967 4
967 5
967 114
968 1
969 8
970 2
970 9
970 356
971 475
971 792
972 357
972 374
973 278
974 4
974 11
974 278
975 181
976 1
977 5
977 667
978 5
979 9
979 356
979 970
980 667
980 977
981 2
982 1
983 131
984 6
984 84
984 179
985 1
985 2
987 1
987 2
987 768
988 3
988 91
989 11
989 278
989 380
990 0
990 1
991 306
991 476
992 43
992 514
993 2
993 3
993 4
993 7
993 8
994 1
994 92
995 623
996 1
996 69
996 341
997 7
997 228
998 0
998 205
998 642
998 953
999 181
